539063412245, 539063418377, 6132
539162529329, 539162534051, 4722
539245066461, 539245069098, 2637
539351713154, 539351716658, 3504
539370817681, 539370819895, 2214
539450652704, 539450655761, 3057
539489404552, 539489406538, 1986
539489464303, 539489464909, 606
539520853345, 539520858013, 4668
539520878806, 539520879352, 546
539783407077, 539783409894, 2817
539841760343, 539841766685, 6342
539841799580, 539841800456, 876
540110845582, 540110849701, 4119
540110872090, 540110872876, 786
541191773235, 541191779622, 6387
541490440526, 541490443124, 2598
541493589137, 541493591480, 2343
541493608919, 541493609507, 588
541657765270, 541657767244, 1974
541801350203, 541801354085, 3882
541801371965, 541801372520, 555
541877784036, 541877789370, 5334
541877814063, 541877814624, 561
542026758209, 542026760771, 2562
542026777067, 542026777664, 597
542116861451, 542116862948, 1497
542117000177, 542117000951, 774
542152492051, 542152497664, 5613
542187133830, 542187143070, 9240
542251310773, 542251317595, 6822
542058113028, 542058119670, 6642
542115827399, 542115833459, 6060
542126978881, 542126986156, 7275
542127010960, 542127011524, 564
542271901310, 542271907685, 6375
542273505281, 542273509685, 4404
542363182256, 542363183966, 1710
542363204141, 542363204732, 591
542562423029, 542562423857, 828
542562536111, 542562537365, 1254
542661617001, 542661621372, 4371
542760597944, 542760603818, 5874
542859712908, 542859719190, 6282
542958355885, 542958359248, 3363
543057273775, 543057276976, 3201
543156191640, 543156196398, 4758
543255114084, 543255118941, 4857
543354037895, 543354042017, 4122
543452945599, 543452949775, 4176
543551992658, 543551999297, 6639
543595383509, 543595391024, 7515
543650782602, 543650786604, 4002
543749705858, 543749710121, 4263
543848753756, 543848761001, 7245
543947522041, 543947526232, 4191
544046478464, 544046482559, 4095
544145609434, 544145614138, 4704
544244309488, 544244313703, 4215
544343272188, 544343276340, 4152
544442161040, 544442165315, 4275
544540985797, 544540990552, 4755
544639793698, 544639800619, 6921
544738741691, 544738752209, 10518
544837852807, 544837857733, 4926
544936684613, 544936688864, 4251
545035736109, 545035740459, 4350
545134630642, 545134635256, 4614
545233543899, 545233550334, 6435
545332455270, 545332459620, 4350
545431366083, 545431371051, 4968
545530275208, 545530281163, 5955
545629220977, 545629225180, 4203
545728171162, 545728176637, 5475
545827050476, 545827054568, 4092
545926040682, 545926044876, 4194
546024680162, 546024687437, 7275
546123813028, 546123817348, 4320
546222760515, 546222764718, 4203
546321723662, 546321728228, 4566
546420515949, 546420520245, 4296
546519519368, 546519523433, 4065
546505853616, 546505862421, 8805
546544964888, 546544973519, 8631
546604278368, 546604287527, 9159
546649249603, 546649257052, 7449
546703345939, 546703357111, 11172
546735614885, 546735622088, 7203
546802292407, 546802301845, 9438
546844877341, 546844887109, 9768
546900874255, 546900880366, 6111
547000152394, 547000165786, 13392
547037254363, 547037263075, 8712
547099071391, 547099081762, 10371
547138151815, 547138160818, 9003
547197984989, 547197994343, 9354
547238202690, 547238211492, 8802
547395217872, 547395225483, 7611
547431184587, 547431192762, 8175
547494703607, 547494712964, 9357
547527353382, 547527360912, 7530
547593677042, 547593686261, 9219
547630921971, 547630930239, 8268
547692590939, 547692599339, 8400
547726336296, 547726343436, 7140
547791670554, 547791679176, 8622
547830498186, 547830505995, 7809
547890435363, 547890443625, 8262
547935392476, 547935400783, 8307
547989450264, 547989459111, 8847
548021526446, 548021533979, 7533
548088259300, 548088267706, 8406
548124282651, 548124290148, 7497
548187441157, 548187453007, 11850
548229935866, 548229948070, 12204
548286124923, 548286134823, 9900
548317138248, 548317148157, 9909
548384963448, 548384972499, 9051
548419206664, 548419216285, 9621
548483928308, 548483937509, 9201
548515664029, 548515672018, 7989
548582833927, 548582843431, 9504
548614107083, 548614115252, 8169
548681792883, 548681802888, 10005
548732533323, 548732541618, 8295
548794755764, 548794760042, 4278
548893712266, 548893717378, 5112
548992304392, 548992312792, 8400
549091542952, 549091548970, 6018
549190300776, 549190305123, 4347
549289062064, 549289068694, 6630
549388299495, 549388305222, 5727
549486901189, 549486908065, 6876
549586168660, 549586172878, 4218
549572395263, 549572405202, 9939
549611268448, 549611278417, 9969
549670988241, 549670997172, 8931
549722272656, 549722282718, 10062
549769909834, 549769920016, 10182
549809765073, 549809773797, 8724
549868855374, 549868864734, 9360
549919611802, 549919628005, 16203
549967764329, 549967775173, 10844
550066669758, 550066679040, 9282
550109712217, 550109720221, 8004
550165630823, 550165641353, 10530
550210550981, 550210558439, 7458
550264625534, 550264640000, 14466
550309458942, 550309466895, 7953
550378349411, 550378355837, 6426
550476464952, 550476470445, 5493
550575433685, 550575440264, 6579
550674387138, 550674395160, 8022
550773096791, 550773101246, 4455
550872033513, 550872037524, 4011
550970779821, 550970784462, 4641
551072996813, 551073002927, 6114
551168734119, 551168740737, 6618
551267485898, 551267492975, 7077
551352038313, 551352043335, 5022
551398750029, 551398757769, 7740
551451370403, 551451376472, 6069
551481644039, 551481652700, 8661
551550704005, 551550713047, 9042
551582190945, 551582198871, 7926
551649809287, 551649819322, 10035
551695604629, 551695620856, 16227
551748570445, 551748578452, 8007
551783323079, 551783332520, 9441
551847255411, 551847265611, 10200
551883314251, 551883322852, 8601
551946010287, 551946020910, 10623
551980050927, 551980061004, 10077
552045053663, 552045061763, 8100
552079711725, 552079719261, 7536
552143966085, 552143974350, 8265
552172136012, 552172143659, 7647
552242880472, 552242890285, 9813
552274504805, 552274512050, 7245
552341881416, 552341890512, 9096
552373632773, 552373640576, 7803
552441081154, 552441098569, 17415
552473805853, 552473812972, 7119
552539667364, 552539677009, 9645
552571367951, 552571377776, 9825
552638632403, 552638642816, 10413
552693068816, 552693077339, 8523
552737526311, 552737538416, 12105
552787391688, 552787401864, 10176
552836433946, 552836443366, 9420
552884492187, 552884499579, 7392
552966692233, 552966700882, 8649
553048199644, 553048204240, 4596
553078454422, 553078460137, 5715
553147212803, 553147218698, 5895
553231757148, 553231764129, 6981
553239852159, 553239854946, 2787
553239871584, 553239872295, 711
553271869932, 553271877477, 7545
553330862123, 553330869467, 7344
553360767179, 553360775441, 8262
553430080077, 553430086647, 6570
553462732405, 553462741453, 9048
553528571429, 553528578563, 7134
553564064528, 553564071230, 6702
553628058928, 553628074909, 15981
553663640784, 553663647807, 7023
553726744142, 553726752203, 8061
553758765395, 553758773441, 8046
553825657257, 553825666830, 9573
553859795631, 553859803761, 8130
553924541972, 553924552040, 10068
553980227525, 553980239024, 11499
554023512461, 554023523240, 10779
554056196549, 554056203392, 6843
554122435767, 554122445109, 9342
554158057839, 554158067100, 9261
554221378439, 554221388126, 9687
554258669030, 554258677652, 8622
554320297124, 554320305860, 8736
554351878480, 554351885728, 7248
554419221789, 554419231578, 9789
554453612972, 554453622236, 9264
554517887837, 554517897653, 9816
554546447072, 554546454311, 7239
554617014505, 554617024234, 9729
554651971453, 554651980024, 8571
554715966618, 554715976614, 9996
554747077823, 554747085674, 7851
554814931140, 554814944445, 13305
554844713602, 554844721819, 8217
554913786465, 554913795705, 9240
554946800286, 554946809823, 9537
555012718396, 555012727564, 9168
555050806681, 555050814457, 7776
555111660537, 555111669789, 9252
555141238346, 555141246251, 7905
555210644084, 555210657884, 13800
555255541429, 555255549412, 7983
555309467218, 555309477454, 10236
555346451828, 555346459325, 7497
555408378425, 555408388397, 9972
555442459452, 555442466772, 7320
555507286297, 555507297046, 10749
555537497531, 555537504527, 6996
555606212182, 555606222604, 10422
555661862290, 555661870573, 8283
555705143423, 555705152891, 9468
555733314169, 555733321543, 7374
555804057729, 555804066711, 8982
555835141588, 555835148974, 7386
555902986192, 555902995693, 9501
555936956674, 555936963745, 7071
556001893568, 556001903942, 10374
556031593336, 556031602030, 8694
556100808939, 556100818272, 9333
556199773076, 556199782466, 9390
556229709197, 556229718104, 8907
556298630356, 556298639188, 8832
556328427971, 556328435843, 7872
556397605872, 556397615226, 9354
556430008602, 556430015868, 7266
556496415188, 556496425373, 10185
556525697308, 556525704718, 7410
556595399338, 556595410216, 10878
556629487028, 556629495392, 8364
556694340981, 556694351544, 10563
556729535689, 556729543402, 7713
556793204185, 556793216218, 12033
556825603972, 556825611925, 7953
556892189362, 556892198632, 9270
556920476431, 556920484222, 7791
556991077921, 556991088058, 10137
557023885889, 557023905761, 19872
557090067963, 557090080638, 12675
557136752400, 557136761601, 9201
557189193806, 557189204903, 11097
557242741673, 557242751060, 9387
557287889299, 557287898572, 9273
557323710996, 557323722243, 11247
557386773108, 557386785133, 12025
557428990605, 557428999317, 8712
557485574245, 557485584214, 9969
557520218079, 557520226545, 8466
557584577091, 557584585701, 8610
557619321442, 557619330256, 8814
557683837250, 557683846127, 8877
557722297308, 557722306755, 9447
557782730360, 557782739210, 8850
557817131473, 557817138856, 7383
557881208875, 557881217770, 8895
557925214316, 557925221198, 6882
557980506965, 557980516199, 9234
558015873375, 558015882984, 9609
558079515635, 558079523163, 7528
558111343589, 558111352640, 9051
558178191269, 558178201034, 9765
558225362524, 558225371680, 9156
558277098466, 558277108474, 10008
558307836931, 558307843801, 6870
558376012452, 558376021242, 8790
558415963838, 558415970921, 7083
558474946805, 558474956846, 10041
558507619645, 558507631861, 12216
558573825799, 558573834601, 8802
558605902129, 558605910772, 8643
558673261398, 558673267884, 6486
558731492415, 558731499732, 7317
558785418105, 558785422251, 4146
558884550290, 558884554610, 4320
558983608715, 558983612903, 4188
559021235390, 559021242047, 6657
559082639996, 559082646740, 6744
559181277500, 559181281436, 3936
559211264257, 559211270884, 6627
559280188325, 559280194244, 5919
559379198119, 559379202436, 4317
559478104084, 559478108215, 4131
559577044058, 559577048759, 4701
559675927987, 559675932622, 4635
559774841046, 559774845123, 4077
559873851240, 559873855443, 4203
559972730122, 559972734811, 4689
560071422094, 560071429936, 7842
560116384596, 560116391067, 6471
560269445867, 560269450127, 4260
560368508382, 560368514172, 5790
560467356026, 560467359920, 3894
560566267554, 560566271505, 3951
560665085595, 560665089918, 4323
560764071413, 560764075745, 4332
560863002306, 560863007358, 5052
560961992179, 560961996184, 4005
561060783642, 561060787953, 4311
561159749370, 561159757068, 7698
561258624951, 561258630033, 5082
561357405864, 561357412516, 6652
561456409390, 561456414160, 4770
561555402060, 561555406104, 4044
561654261614, 561654266108, 4494
561753162593, 561753166736, 4143
561851960656, 561851970181, 9525
561951186918, 561951192765, 5847
562050039571, 562050043609, 4038
562148935967, 562148941154, 5187
562247909986, 562247914888, 4902
562293942331, 562293947965, 5634
562346781023, 562346786168, 5145
562445714817, 562445719026, 4209
562544505522, 562544518335, 12813
562629258877, 562629264271, 5394
562669855860, 562669863666, 7806
562727844985, 562727848606, 3621
562767694160, 562767701684, 7524
562827721866, 562827727995, 6129
562855604856, 562855612539, 7683
562926660189, 562926668784, 8595
562965303598, 562965311347, 7749
563025515275, 563025521464, 6189
563059483345, 563059493086, 9741
563124392379, 563124402195, 9816
563172472359, 563172481302, 8943
563222979660, 563222989227, 9567
563259432752, 563259440444, 7692
563322107407, 563322116599, 9192
563358193932, 563358203916, 9984
563420297031, 563420303391, 6360
563454237576, 563454246570, 8994
563519877673, 563519885059, 7386
563563306905, 563563320957, 14052
563618964114, 563618974353, 10239
563660875347, 563660883378, 8031
563718335667, 563718344379, 8712
563761267889, 563761277498, 9609
563816464065, 563816469969, 5904
563850292052, 563850299276, 7224
563915293422, 563915301411, 7989
563954758413, 563954774097, 15684
564014294760, 564014303796, 9036
564047806172, 564047814716, 8544
564113591963, 564113600447, 8484
564153542737, 564153551143, 8406
564212037220, 564212044489, 7269
564244841946, 564244855848, 13902
564311247088, 564311256481, 9393
564344906578, 564344914678, 8100
564409870100, 564409876304, 6204
564445216143, 564445224846, 8703
564509050196, 564509058971, 8775
564541200198, 564541213809, 13611
564607878338, 564607886324, 7986
564640715363, 564640722698, 7335
564706864182, 564706873239, 9057
564739021125, 564739031793, 10668
564806074813, 564806083738, 8925
564838475113, 564838483378, 8265
564904762709, 564904771616, 8907
564956958481, 564956967904, 9423
565003139475, 565003144626, 5151
565036083479, 565036090922, 7443
565102723224, 565102733718, 10494
565135225885, 565135233211, 7326
565201520407, 565201531018, 10611
565229599177, 565229611657, 12480
565300411650, 565300421892, 10242
565399238696, 565399248104, 9408
565432747468, 565432755001, 7533
565498465126, 565498473658, 8532
565529012994, 565529025720, 12726
565597322685, 565597332018, 9333
565627987649, 565627994921, 7272
565696383877, 565696392892, 9015
565727919381, 565727930949, 11568
565795457055, 565795466505, 9450
565826790699, 565826797593, 6894
565894108513, 565894117324, 8811
565927734457, 565927742998, 8541
565992895583, 565992904694, 9111
566024558277, 566024570100, 11823
566092071452, 566092079519, 8067
566124564870, 566124573165, 8295
566190691085, 566190699008, 7923
566225831896, 566225839762, 7866
566289866280, 566289874785, 8505
566321863601, 566321871134, 7533
566388943525, 566388953482, 9957
566427015332, 566427024602, 9270
566487474037, 566487484216, 10179
566518943986, 566518952257, 8271
566586638824, 566586650872, 12048
566617065435, 566617073853, 8418
566685330337, 566685341170, 10833
566722645753, 566722654093, 8340
566784207992, 566784218057, 10065
566813808707, 566813816216, 7509
566883041845, 566883052345, 10500
566915553839, 566915561306, 7467
566981890810, 566981900542, 9732
567018216551, 567018225770, 9219
567080711720, 567080720297, 8577
567110081620, 567110089027, 7407
567179562622, 567179572333, 9711
567212073417, 567212082471, 9054
567278400586, 567278409160, 8574
567311156113, 567311164273, 8160
567377312869, 567377322052, 9183
567408190964, 567408199970, 9006
567476141007, 567476149071, 8064
567509145161, 567509152616, 7455
567574981175, 567574990523, 9348
567602890284, 567602898948, 8664
567673782075, 567673790664, 8589
567719194767, 567719202549, 7782
567772584992, 567772593986, 8994
567808106924, 567808114817, 7893
567871456191, 567871464804, 8613
567903065511, 567903073836, 8325
567970296821, 567970305887, 9066
568006766090, 568006773557, 7467
568069163162, 568069173260, 10098
568112761830, 568112769576, 7746
568168000009, 568168015069, 15060
568199966453, 568199974106, 7653
568266836041, 568266846283, 10242
568302333599, 568302341117, 7518
568365664237, 568365674899, 10662
568464371996, 568464376007, 4011
568503832847, 568503842126, 9279
568563357366, 568563367428, 10062
568593721612, 568593728245, 6633
568662180312, 568662189813, 9501
568691878676, 568691886365, 7689
568760710818, 568760720019, 9201
568789742096, 568789749110, 7014
568859867231, 568859876489, 9258
568899875981, 568899884816, 8835
568958528379, 568958541927, 13548
569001659243, 569001668612, 9369
569057566293, 569057576301, 10008
569089621680, 569089630398, 8718
569156421899, 569156431139, 9240
569184529434, 569184536703, 7269
569254807457, 569254814996, 7539
569296824482, 569296832270, 7788
569354088239, 569354098907, 10668
569391719715, 569391728277, 8562
569452955948, 569452965104, 9156
569498544399, 569498552358, 7959
569551804205, 569551813751, 9546
569585724616, 569585733421, 8805
569650417809, 569650423752, 5943
569680808876, 569680817273, 8397
569749284891, 569749292673, 7782
569795134346, 569795142401, 8055
569848266306, 569848276557, 10251
569886787333, 569886795118, 7785
569947134833, 569947144691, 9858
570003823729, 570003833047, 9318
570046003279, 570046012807, 9528
570084299997, 570084307494, 7497
570144668204, 570144678404, 10200
570175749153, 570175756341, 7188
570243488302, 570243498580, 10278
570274153981, 570274161106, 7125
570342747623, 570342759623, 12000
570371824487, 570371831375, 6888
570441396244, 570441408835, 12591
570474724828, 570474732268, 7440
570540157465, 570540166264, 8799
570576398343, 570576407184, 8841
570638991992, 570639001628, 9636
570670635854, 570670642931, 7077
570737839872, 570737849415, 9543
570785583760, 570785596048, 12288
570836663286, 570836671893, 8607
570935808515, 570935825942, 17427
570985256614, 570985263688, 7074
571034392201, 571034401084, 8883
571075732610, 571075746569, 13959
571133220124, 571133230888, 10764
571170887286, 571170895560, 8274
571232059083, 571232070273, 11190
571266008606, 571266016523, 7917
571330894974, 571330904229, 9255
571368508017, 571368517053, 9036
571429734498, 571429744137, 9639
571528374099, 571528382343, 8244
571568264741, 571568274827, 10086
571627446577, 571627456360, 9783
571659454969, 571659462193, 7224
571726250395, 571726259572, 9177
571758831144, 571758838587, 7443
571825072441, 571825082149, 9708
571857673626, 571857681306, 7680
571923947801, 571923958277, 10476
571955410433, 571955417687, 7254
572022781625, 572022791486, 9861
572058500125, 572058508150, 8025
572121626957, 572121636761, 9804
572152168891, 572152176436, 7545
572220458246, 572220467327, 9081
572251941833, 572251948736, 6903
572319352922, 572319362939, 10017
572358559004, 572358567287, 8283
572418133002, 572418141669, 8667
572449699112, 572449705850, 6738
572516987932, 572516998141, 10209
572547520454, 572547526754, 6300
572615848889, 572615864969, 16080
572649165789, 572649176214, 10425
572714691146, 572714700221, 9075
572757911492, 572757919421, 7929
572813515090, 572813523793, 8703
572860561285, 572860570459, 9174
572911950448, 572911954402, 3954
572943153211, 572943160177, 6966
573011200068, 573011207226, 7158
573044340162, 573044347218, 7056
573110131411, 573110139883, 8472
573154177012, 573154186789, 9777
573208847012, 573208856591, 9579
573241449562, 573241456666, 7104
573307734489, 573307744425, 9936
573351130734, 573351138270, 7536
573406644551, 573406654559, 10008
573448785161, 573448793324, 8163
573505383771, 573505393803, 10032
573543295493, 573543304151, 8658
573604253366, 573604262315, 8949
573648795843, 573648804546, 8703
573703029244, 573703039351, 10107
573732136779, 573732145083, 8304
573801968304, 573801977901, 9597
573832119952, 573832127875, 7923
573900450377, 573900456698, 6321
573933096821, 573933104144, 7323
573999574808, 573999584048, 9240
574031234667, 574031242626, 7959
574098046986, 574098057525, 10539
574136294106, 574136302992, 8886
574197486456, 574197499020, 12564
574228930568, 574228939304, 8736
574296201140, 574296210221, 9081
574340596658, 574340604569, 7911
574395019849, 574395029215, 9366
574429492646, 574429502681, 10035
574493819301, 574493830473, 11172
574592775710, 574592787323, 11613
574637050375, 574637065405, 15030
574691520730, 574691530627, 9897
574733282510, 574733295137, 12627
574790321461, 574790330623, 9162
574825280899, 574825289125, 8226
574889176623, 574889185431, 8808
574925131689, 574925144907, 13218
574987992446, 574988000351, 7905
575019446167, 575019454078, 7911
575086877945, 575086887308, 9363
575118595257, 575118602775, 7518
575185721717, 575185727852, 6135
575221472980, 575221480468, 7488
575284573280, 575284582388, 9108
575317296557, 575317305200, 8643
575383452849, 575383460628, 7779
575419897838, 575419905503, 7665
575482250416, 575482259377, 8961
575518145969, 575518153829, 7860
575581090385, 575581099847, 9462
575613935409, 575613949086, 13677
575680017541, 575680026613, 9072
575726841521, 575726854271, 12750
575778921927, 575778932868, 10941
575812574856, 575812583187, 8331
575877648822, 575877658077, 9255
575907291061, 575907302617, 11556
575976562329, 575976573060, 10731
576014010305, 576014018888, 8583
576074849987, 576074859566, 9579
576115036869, 576115045368, 8499
576174105677, 576174113651, 7974
576215758467, 576215766543, 8076
576272661446, 576272666942, 5496
576306022394, 576306029678, 7284
576371426499, 576371431968, 5469
576402331802, 576402339497, 7695
576470543078, 576470550539, 7461
576521841594, 576521851491, 9897
576583231409, 576583235594, 4185
576682096119, 576682102947, 6828
576781247367, 576781253757, 6390
576814921173, 576814930947, 9774
576881228750, 576881234426, 5676
576978591359, 576978596309, 4950
577077673615, 577077678535, 4920
577176306099, 577176314430, 8331
577275121917, 577275129147, 7230
577374151992, 577374156345, 4353
577472986677, 577472990790, 4113
577571945428, 577571950294, 4866
577603575335, 577603589540, 14205
577671304951, 577671320830, 15879
577769358779, 577769369315, 10536
577868396598, 577868401155, 4557
577967361665, 577967365541, 3876
578066079595, 578066083780, 4185
578164974865, 578164979665, 4800
578263721266, 578263725976, 4710
578364026974, 578364039001, 12027
578462198483, 578462209916, 11433
578560251279, 578560255560, 4281
578659227271, 578659232377, 5106
578757927169, 578757931210, 4041
578856578580, 578856586764, 8184
578955614454, 578955618576, 4122
579054304703, 579054317483, 12780
579082015016, 579082021646, 6630
579153665969, 579153670268, 4299
579252050467, 579252056395, 5928
579336593684, 579336600911, 7227
579373997861, 579374005745, 7884
579436242368, 579436248947, 6579
579471418263, 579471424938, 6675
579534703374, 579534713019, 9645
579564180551, 579564187346, 6795
579633618079, 579633627520, 9441
579676095850, 579676103797, 7947
579732716952, 579732725877, 8925
579766614451, 579766626694, 12243
579831260825, 579831270932, 10107
579877647356, 579877657232, 9876
579943846601, 579943850732, 4131
580042878718, 580042883314, 4596
580141797580, 580141803928, 6348
580240577398, 580240581430, 4032
580339251199, 580339258315, 7116
580438013750, 580438017905, 4155
580536912120, 580536925281, 13161
580621692085, 580621696057, 3972
580671228322, 580671235591, 7269
580721141840, 580721151077, 9237
580763702291, 580763711144, 8853
580819797463, 580819813150, 15687
580863839348, 580863855722, 16374
580918547721, 580918559253, 11532
580961805966, 580961815068, 9102
581016723914, 581016729194, 5280
581049073517, 581049080756, 7239
581116247173, 581116256950, 9777
581146972685, 581146980695, 8010
581215022579, 581215031777, 9198
581249619687, 581249627460, 7773
581313886483, 581313895402, 8919
581344685988, 581344698321, 12333
581412722584, 581412732892, 10308
581443814210, 581443822373, 8163
581511461251, 581511469840, 8589
581542883344, 581542898335, 14991
581610406612, 581610416545, 9933
581651994348, 581652009288, 14940
581709543848, 581709552725, 8877
581740905330, 581740913598, 8268
581808092951, 581808102341, 9390
581839753993, 581839764139, 10146
581906940053, 581906949635, 9582
581938206494, 581938213883, 7389
582005664537, 582005672610, 8073
582035747096, 582035760068, 12972
582104145050, 582104155460, 10410
582154026319, 582154038064, 11745
582203185993, 582203193523, 7530
582232357683, 582232364772, 7089
582301873456, 582301882288, 8832
582334477337, 582334490237, 12900
582401413179, 582401422653, 9474
582432858735, 582432867858, 9123
582500361617, 582500554739, 193122
582535491004, 582535507441, 16437
582599061088, 582599070712, 9624
582628680659, 582628687274, 6615
582697572947, 582697581032, 8085
582744261328, 582744276694, 15366
582795960142, 582795964831, 4689
582834450736, 582834459082, 8346
582895331458, 582895340257, 8799
582929701569, 582929708808, 7239
582994141337, 582994151705, 10368
583036816518, 583036824480, 7962
583093060839, 583093070337, 9498
583125762487, 583125770314, 7827
583192019062, 583192034560, 15498
583224837706, 583224845695, 7989
583290678299, 583290689666, 11367
583321126512, 583321134465, 7953
583389547786, 583389557320, 9534
583422202191, 583422210036, 7845
583488335852, 583488346799, 10947
583520170713, 583520183433, 12720
583586942713, 583586950984, 8271
583619410996, 583619419825, 8829
583685859430, 583685871154, 11724
583784783049, 583784790054, 7005
583826717121, 583826724582, 7461
583883735470, 583883745883, 10413
583919675189, 583919682626, 7437
583982576850, 583982586477, 9627
584017222396, 584017230790, 8394
584081406309, 584081416650, 10341
584134154590, 584134163296, 8706
584179839090, 584179843932, 4842
584210773766, 584210781722, 7956
584279080823, 584279090690, 9867
584310300351, 584310307329, 6978
584377938145, 584377947991, 9846
584420848837, 584420863360, 14523
584476764390, 584476774068, 9678
584506278382, 584506286428, 8046
584575613721, 584575627218, 13497
584604479444, 584604486194, 6750
584674480556, 584674492148, 11592
584704791631, 584704801192, 9561
584773603458, 584773615275, 11817
584803450097, 584803456955, 6858
584872428348, 584872440726, 12378
584905631833, 584905640305, 8472
584971041988, 584971052089, 10101
585002172656, 585002187071, 14415
585070070850, 585070079544, 8694
585100060882, 585100064650, 3768
585168925165, 585168932617, 7452
585216369862, 585216378706, 8844
585267520927, 585267529828, 8901
585300244481, 585300251864, 7383
585366276806, 585366288248, 11442
585400158893, 585400172471, 13578
585485904912, 585485915565, 10653
585486721212, 585486726447, 5235
585515017149, 585515019990, 2841
585515038272, 585515038980, 708
585572480086, 585572488198, 8112
585622717604, 585622721396, 3792
585628990850, 585628993808, 2958
585675080375, 585675087230, 6855
585730051400, 585730053716, 2316
585730310915, 585730311944, 1029
585736427150, 585736429826, 2676
585777336971, 585777344387, 7416
585823590843, 585823594416, 3573
585874311425, 585874319120, 7695
585973423470, 585973429926, 6456
586072192375, 586072196799, 4424
586171029306, 586171034535, 5229
586269867258, 586269873070, 5812
586368712328, 586368716465, 4137
586467548495, 586467552935, 4440
586566459028, 586566463654, 4626
586665441680, 586665445991, 4311
586764081409, 586764085480, 4071
586794917716, 586794924580, 6864
586862798688, 586862803923, 5235
586961787623, 586961792543, 4920
587060637069, 587060645973, 8904
587159474758, 587159478847, 4089
587258257200, 587258261646, 4446
587357514263, 587357522651, 8388
587456000663, 587456004842, 4179
587555037101, 587555043740, 6639
587653497690, 587653509567, 11877
587752504234, 587752508431, 4197
587851313247, 587851317594, 4347
587950295399, 587950300238, 4839
588049042425, 588049046901, 4476
588147868514, 588147872954, 4440
588246675551, 588246679766, 4215
588345546334, 588345550417, 4083
588444390017, 588444393857, 3840
588543239940, 588543244479, 4539
588642073689, 588642077811, 4122
588740945024, 588740949866, 4842
588839753247, 588839757444, 4197
588938589578, 588938593667, 4089
589037565181, 589037572429, 7248
589136068143, 589136072898, 4755
589235130494, 589235134616, 4122
589334045058, 589334049108, 4050
589432647567, 589432658931, 11364
589531668250, 589531672171, 3921
589630366470, 589630371366, 4896
589729352736, 589729357089, 4353
589828160898, 589828164846, 3948
589927038092, 589927041929, 3837
590025880840, 590025885292, 4452
590124691092, 590124695505, 4413
590223628721, 590223633074, 4353
590322407991, 590322412791, 4800
590421256972, 590421262471, 5499
590520031808, 590520035888, 4080
590618965986, 590618971638, 5652
590717807964, 590717812014, 4050
590816577725, 590816582204, 4479
590915608636, 590915617144, 8508
591014277675, 591014282019, 4344
591113087127, 591113091168, 4041
591211766107, 591211773925, 7818
591310781111, 591310785455, 4344
591409650470, 591409655333, 4863
591508493153, 591508497713, 4560
591607449552, 591607457382, 7830
591706182437, 591706187825, 5388
591804997164, 591805001559, 4395
591903858644, 591903865208, 6564
592002817983, 592002822108, 4125
592101601305, 592101605961, 4656
592200363221, 592200367538, 4317
592299220528, 592299225028, 4500
592398074493, 592398079650, 5157
592496879685, 592496884293, 4608
592595729092, 592595732260, 3168
592694609872, 592694615077, 5205
592793447922, 592793452566, 4644
592892331937, 592892337043, 5106
592919062264, 592919068867, 6603
592991088907, 592991092159, 3252
593089748780, 593089755749, 6969
593188843689, 593188848225, 4536
593287639284, 593287643223, 3939
593386488306, 593386492491, 4185
593485329813, 593485334148, 4335
593584139972, 593584144283, 4311
593682774705, 593682778914, 4209
593781897088, 593781903616, 6528
593880634938, 593880639390, 4452
593979568132, 593979575905, 7773
594078257486, 594078262679, 5193
594177202499, 594177208145, 5646
594276035366, 594276039551, 4185
594374903797, 594374908087, 4290
594473822902, 594473828941, 6039
594572548701, 594572552463, 3762
594671478904, 594671483254, 4350
594770058156, 594770065995, 7839
594869112560, 594869119526, 6966
594967983422, 594967987817, 4395
595066912510, 595066917634, 5124
595165562564, 595165566722, 4158
595264586564, 595264595570, 9006
595363381687, 595363386583, 4896
595462145690, 595462150250, 4560
595561083542, 595561088402, 4860
595659821968, 595659826507, 4539
595758752877, 595758757575, 4698
595857493888, 595857498442, 4554
595956196384, 595956201022, 4638
595997320437, 595997327391, 6954
596055212462, 596055217394, 4932
596154000010, 596154004084, 4074
596252869351, 596252873719, 4368
596351820367, 596351827489, 7122
596450353572, 596450362467, 8895
596549351428, 596549355511, 4083
596648268536, 596648274398, 5862
596747060886, 596747065218, 4332
596845883560, 596845887397, 3837
596944729014, 596944733556, 4542
597043596923, 597043601057, 4134
597142508087, 597142515692, 7605
597241292879, 597241297991, 5112
597340121321, 597340125677, 4356
597438971400, 597438975399, 3999
597537776094, 597537780183, 4089
597636558494, 597636562691, 4197
597735467508, 597735471711, 4203
597834243192, 597834247554, 4362
597933176681, 597933181799, 5118
598032029806, 598032033925, 4119
598130685683, 598130696840, 11157
598229700127, 598229890642, 190515
598328518664, 598328524073, 5409
598427384440, 598427388301, 3861
598526126731, 598526131567, 4836
598625027612, 598625031740, 4128
598723856739, 598723861614, 4875
598822782077, 598822787099, 5022
598921596445, 598921600864, 4419
599020488697, 599020493941, 5244
599048806717, 599048814241, 7524
599119236656, 599119240622, 3966
599218221141, 599218225842, 4701
599316943263, 599316950784, 7521
599415802934, 599415807986, 5052
599514784400, 599514790112, 5712
599613437546, 599613442298, 4752
599712376215, 599712382704, 6489
599811326473, 599811334867, 8394
599909799901, 599909806765, 6864
600008779084, 600008784223, 5139
600107684481, 600107689029, 4548
600206516740, 600206521900, 5160
600305331118, 600305335393, 4275
600404140701, 600404144799, 4098
600503064057, 600503070759, 6702
600601652193, 600601658694, 6501
600700740337, 600700744909, 4572
600799511758, 600799516246, 4488
600898367001, 600898371540, 4539
600997273653, 600997279128, 5475
601096260589, 601096267378, 6789
601194955652, 601194960620, 4968
601293658852, 601293673963, 15111
601392626263, 601392630331, 4068
601491426772, 601491431266, 4494
601590284176, 601590289210, 5034
601689081455, 601689085700, 4245
601787949467, 601787953298, 3831
601886853407, 601886858717, 5310
601985607060, 601985611437, 4377
602084475572, 602084479454, 3882
602183184210, 602183188356, 4146
602282147515, 602282151454, 3939
602381062261, 602381068357, 6096
602479848271, 602479852564, 4293
602578715393, 602578719473, 4080
602677734364, 602677739296, 4932
602776364970, 602776370553, 5583
602875199263, 602875204996, 5733
602974039090, 602974043632, 4542
603072728564, 603072740258, 11694
603171943492, 603171951355, 7863
603270560262, 603270564855, 4593
603369454731, 603369459360, 4629
603468534179, 603468538538, 4359
603567165930, 603567171522, 5592
603665997662, 603666003671, 6009
603764773609, 603764777563, 3954
603863646675, 603863652363, 5688
603962450437, 603962455510, 5073
604061328174, 604061332920, 4746
604160143186, 604160148319, 5133
604258989529, 604258993594, 4065
604357851841, 604357856695, 4854
604456619285, 604456625939, 6654
604555524493, 604555528633, 4140
604654351301, 604654355303, 4002
604753209085, 604753213093, 4008
604852187792, 604852194362, 6570
604889070222, 604889076813, 6591
604950917973, 604950923049, 5076
605049736336, 605049740170, 3834
605148601259, 605148610871, 9612
605191208734, 605191217635, 8901
605247479599, 605247483880, 4281
605346268106, 605346272204, 4098
605445121980, 605445126813, 4833
605543967919, 605543972281, 4362
605642840703, 605642846211, 5508
605741627061, 605741632443, 5382
605840493378, 605840499393, 6015
605939372929, 605939380237, 7308
606038171458, 606038175760, 4302
606137034570, 606137038746, 4176
606235853668, 606235858099, 4431
606334713392, 606334717664, 4272
606433481560, 606433485952, 4392
606532379483, 606532383905, 4422
606631247395, 606631550647, 303252
606729997356, 606730001496, 4140
606828852543, 606828856560, 4017
606927526636, 606927532942, 6306
607026574927, 607026579460, 4533
607125426411, 607125432936, 6525
607224239420, 607224245444, 6024
607323204420, 607323210360, 5940
607421927368, 607421932198, 4830
607520764708, 607520769850, 5142
607620418016, 607620422081, 4065
607718490894, 607718496321, 5427
607817390633, 607817395349, 4716
607916044019, 607916049464, 5445
608015100052, 608015104051, 3999
608113821646, 608113827082, 5436
608212780073, 608212791623, 11550
608311723855, 608311730065, 6210
608410329863, 608410334093, 4230
608509164880, 608509170097, 5217
608608045864, 608608049797, 3933
608706884340, 608706889977, 5637
608805751748, 608805756803, 5055
608904613437, 608904620940, 7503
609003388299, 609003394176, 5877
609102273081, 609102278073, 4992
609200919665, 609200931173, 11508
609299902541, 609299907089, 4548
609398965775, 609398973326, 7551
609497556712, 609497561686, 4974
609596441707, 609596447164, 5457
609695543743, 609695561242, 17499
609794166538, 609794171578, 5040
609893005790, 609893011775, 5985
609991811356, 609991817830, 6474
610090610548, 610090614562, 4014
610288344906, 610288349724, 4818
610387016075, 610387020971, 4896
610486068970, 610486075483, 6513
610584834097, 610584838984, 4887
610683789136, 610683795082, 5946
610782544150, 610782548410, 4260
610881260428, 610881264343, 3915
610980241977, 610980246432, 4455
610669720420, 610669730023, 9603
610713459961, 610713468307, 8346
610768295228, 610768302479, 7251
610797722077, 610797730036, 7959
610867423298, 610867431992, 8694
610915842262, 610915850146, 7884
610966269869, 610966278680, 8811
610998163215, 610998171657, 8442
611065104801, 611065114536, 9735
611105165216, 611105172740, 7524
611163928673, 611163938072, 9399
611197650071, 611197658735, 8664
611262789821, 611262799604, 9783
611361640720, 611361650800, 10080
611403432482, 611403440861, 8379
611460458010, 611460467115, 9105
611492521700, 611492531132, 9432
611559306037, 611559315058, 9021
611590830057, 611590837842, 7785
611658175788, 611658181497, 5709
611696522594, 611696531507, 8913
611756702820, 611756711860, 9040
611796295547, 611796303020, 7473
611855847003, 611855856270, 9267
611893635689, 611893643630, 7941
611954507918, 611954516117, 8199
611985222614, 611985230291, 7677
612053535971, 612053544110, 8139
612092945895, 612093019116, 73221
612152382025, 612152392819, 10794
612181831466, 612181838453, 6987
612250973222, 612250982555, 9333
612283635035, 612283646237, 11202
612350060198, 612350069000, 8802
612382598878, 612382606201, 7323
612448820070, 612448830309, 10239
612479574331, 612479582308, 7977
612547734825, 612547744860, 10035
612583233413, 612583240781, 7368
612646578884, 612646587974, 9090
612675669917, 612675677306, 7389
612745478815, 612745486348, 7533
612787335461, 612787343093, 7632
612844084632, 612844092705, 8073
612876021814, 612876029446, 7632
612943087004, 612943096532, 9528
612980599762, 612980610001, 10239
613041937192, 613041946852, 9660
613079494215, 613079503326, 9111
613140764364, 613140773391, 9027
613179451387, 613179460504, 9117
613239605259, 613239618423, 13164
613285823725, 613285832965, 9240
613337797760, 613337802179, 4419
613372853142, 613372860210, 7068
613437322711, 613437331714, 9003
613469181833, 613469188634, 6801
613536133219, 613536142189, 8970
613570403603, 613570410050, 6447
613635096809, 613635112433, 15624
613667400255, 613667409687, 9432
613733780034, 613733790681, 10647
613766912225, 613766919035, 6810
613832640225, 613832650356, 10131
613871070019, 613871081089, 11070
613931500653, 613931511327, 10674
613971754527, 613971763296, 8769
614030318451, 614030327601, 9150
614060542754, 614060549606, 6852
614129138015, 614129152421, 14406
614168644991, 614168655284, 10293
614227918040, 614227927844, 9804
614256532261, 614256539074, 6813
614326787390, 614326797161, 9771
614425713643, 614425723495, 9852
614461967924, 614461977053, 9129
614524494894, 614524503915, 9021
614554962471, 614554969740, 7269
614623388104, 614623398625, 10521
614653399519, 614653407523, 8004
614722223131, 614722233742, 10611
614751892799, 614751901508, 8709
614821081314, 614821090806, 9492
614865424338, 614865432906, 8568
614919920849, 614919931280, 10431
614954629669, 614954642140, 12471
615018835642, 615018849793, 14151
615047588811, 615047596815, 8004
615117589590, 615117599178, 9588
615151096531, 615151103518, 6987
615216438795, 615216449040, 10245
615246136013, 615246143165, 7152
615315293543, 615315303977, 10434
615346286395, 615346294117, 7722
615414135725, 615414144482, 8757
615461963937, 615461971410, 7473
615512964464, 615512973767, 9303
615543963373, 615543970783, 7410
615611828673, 615611838402, 9729
615642913676, 615642921008, 7332
615710962346, 615710975105, 12759
615754229599, 615754241584, 11985
615809489435, 615809501939, 12504
615840403783, 615840410566, 6783
615907680137, 615907685552, 5415
615949873307, 615949882607, 9300
616006959264, 616006968750, 9486
616040078763, 616040087577, 8814
616106018441, 616106027354, 8913
616137526613, 616137533972, 7359
616204854457, 616204863280, 8823
616236295922, 616236309692, 13770
616303700282, 616303709798, 9516
616335506029, 616335513439, 7410
616402547863, 616402556194, 8331
616449115188, 616449123084, 7896
616501354024, 616501363951, 9927
616534008291, 616534015881, 7590
616600207094, 616600217333, 10239
616640686782, 616640695146, 8364
616699059372, 616699068945, 9573
616746495875, 616746503261, 7386
616798096686, 616798106277, 9591
616845327365, 616845340847, 13482
616896718148, 616896729458, 11310
616955368639, 616955377135, 8496
616995291422, 616995297317, 5895
617029461678, 617029472073, 10395
617094288420, 617094296982, 8562
617130282020, 617130289280, 7260
617193292987, 617193301834, 8847
617223545579, 617223557696, 12117
617292292283, 617292301097, 8814
617333615651, 617333621855, 6204
617390947318, 617390956918, 9600
617434019310, 617434028442, 9132
617489992709, 617490002219, 9510
617525519694, 617525529993, 10299
617588606134, 617588618926, 12792
617619080440, 617619088630, 8190
617687296389, 617687304567, 8178
617720410613, 617720421104, 10491
617800314256, 617800318387, 4131
617900479967, 617900485922, 5955
617998123123, 617998131745, 8622
618096855044, 618096860939, 5895
618195545505, 618195549615, 4110
618294452415, 618294456096, 3681
618393101928, 618393110036, 8108
618492091691, 618492096059, 4368
618591013264, 618591017740, 4476
618689880165, 618689884545, 4380
618788660158, 618788664238, 4080
618887517286, 618887521720, 4434
618986432843, 618986441543, 8700
619085250150, 619085254740, 4590
619184001637, 619184006953, 5316
619282872775, 619282877005, 4230
619381524502, 619381532545, 8043
619480567353, 619480571961, 4608
619579471993, 619579476100, 4107
619678353123, 619678357515, 4392
619777094239, 619777098859, 4620
619875978929, 619875983051, 4122
619974843730, 619974848386, 4656
620073624842, 620073629558, 4716
620172472152, 620172476811, 4659
620271426678, 620271431472, 4794
620370196132, 620370200599, 4467
620469001750, 620469005968, 4218
620503050914, 620503057748, 6834
620567914760, 620567919194, 4434
620666485079, 620666496185, 11106
620765453852, 620765458055, 4203
620864332253, 620864336840, 4587
620963204287, 620963209492, 5205
621062046143, 621062050667, 4524
621160898510, 621160902758, 4248
621259729521, 621259733934, 4413
621358537041, 621358541376, 4335
621457378166, 621457382309, 4143
621556249618, 621556253725, 4107
621655088764, 621655093201, 4437
621753904704, 621753909291, 4587
621852743008, 621852747199, 4191
621951565593, 621951569826, 4233
622050431850, 622050436380, 4530
622149280960, 622149286345, 5385
622248109697, 622248114812, 5115
622346770954, 622346782546, 11592
622445580599, 622445586447, 5848
622544717685, 622544721702, 4017
622643527301, 622643532437, 5136
622742352716, 622742357366, 4650
622841097504, 622841101818, 4314
622940037639, 622940043942, 6303
623038883849, 623038892666, 8817
623137820228, 623137826699, 6471
623236649576, 623236656392, 6816
623335445773, 623335449688, 3915
623434298340, 623434304286, 5946
623533071080, 623533075337, 4257
623631683796, 623631687006, 3210
623730722547, 623730726741, 4194
623829599498, 623829604229, 4731
623928443285, 623928447566, 4281
624027248505, 624027252651, 4146
624126118788, 624126123111, 4323
624224782998, 624224794920, 11922
624323771218, 624323775706, 4488
624422616713, 624422620826, 4113
624112070337, 624112078125, 7788
624147017247, 624147025251, 8004
624210987870, 624210998661, 10791
624253452840, 624253463157, 10317
624309845297, 624309854447, 9150
624341419564, 624341429530, 9966
624408673121, 624408681968, 8847
624438002945, 624438009803, 6858
624507533401, 624507543859, 10458
624536086629, 624536093964, 7335
624606358948, 624606368578, 9630
624637812052, 624637832515, 20463
624704829795, 624704839047, 9252
624734218043, 624734231099, 13056
624804054975, 624804063033, 8058
624833239030, 624833247658, 8628
624902746622, 624902756267, 9645
624930755699, 624930762755, 7056
625001727853, 625001737744, 9891
625048862354, 625048870031, 7677
625100586968, 625100596277, 9309
625139572608, 625139581017, 8409
625199509890, 625199519814, 9924
625228136584, 625228143388, 6804
625298258376, 625298267958, 9582
625326806840, 625326814043, 7203
625396881264, 625396890177, 8913
625424887610, 625424896550, 8940
625495740680, 625495746905, 6225
625527724281, 625527731907, 7626
625594792593, 625594802469, 9876
625623166441, 625623174709, 8268
625693623945, 625693634364, 10419
625732807245, 625732839180, 31935
625792453481, 625792462391, 8910
625823399766, 625823406819, 7053
625891134426, 625891142034, 7608
625919261189, 625919268293, 7104
625989922512, 625989932037, 9525
626033760502, 626033769592, 9090
626089028528, 626089037939, 9411
626117501438, 626117513156, 11718
626187975722, 626187985454, 9732
626216745078, 626216752029, 6951
626286570569, 626286577097, 6528
626385198277, 626385206611, 8334
626417099580, 626417131932, 32352
626484587216, 626484595280, 8064
626514117571, 626514125521, 7950
626582972411, 626582981315, 8904
626622221981, 626622230525, 8544
626682309806, 626682317612, 7806
626711512320, 626711519844, 7524
626780744126, 626780753321, 9195
626829141021, 626829149574, 8553
626879453754, 626879458419, 4665
626908051985, 626908059599, 7614
626978597513, 626978607572, 10059
627024859157, 627024868397, 9240
627077411250, 627077422893, 11643
627110215066, 627110222623, 7557
627176250374, 627176259614, 9240
627206630623, 627206638042, 7419
627274955558, 627274962902, 7344
627305931623, 627305946617, 14994
627373893078, 627373901106, 8028
627403301696, 627403309409, 7713
627472941045, 627472949520, 8475
627503291359, 627503303734, 12375
627571557268, 627571565920, 8652
627602525656, 627602538394, 12738
627670544778, 627670556292, 11514
627700422677, 627700429952, 7275
627769294215, 627769304991, 10776
627799264994, 627799279133, 14139
627868162793, 627868238460, 75667
627910574738, 627910583729, 8991
627966976529, 627966984164, 7635
628010078704, 628010087671, 8967
628065821963, 628065832184, 10221
628094349968, 628094356835, 6867
628164723462, 628164734283, 10821
628212871826, 628212880634, 8808
628263490364, 628263499967, 9603
628293409953, 628293417300, 7347
628362329039, 628362338687, 9648
628394233384, 628394241421, 8037
628461145186, 628461155917, 10731
628491186306, 628491193911, 7605
628560016998, 628560025527, 8529
628588926909, 628588934064, 7155
628658831553, 628658842635, 11082
628695247532, 628695255809, 8277
628757658262, 628757668237, 9975
628794190179, 628794201495, 11316
628856511464, 628856521985, 10521
628885980751, 628885989970, 9219
628955466432, 628955482119, 15687
628984417648, 628984430095, 12447
629054308242, 629054323788, 15546
629093961429, 629093976630, 15201
629153023131, 629153033193, 10062
629181684992, 629181691964, 6972
629251597223, 629251604234, 7011
629290317728, 629290325288, 7560
629350725043, 629350734148, 9105
629384140851, 629384148174, 7323
629449565664, 629449577048, 11384
629478626611, 629478633835, 7224
629548471285, 629548483312, 12027
629589148116, 629589156867, 8751
629646916658, 629646922118, 5460
629746120750, 629746129858, 9108
629781611849, 629781618854, 7005
629844959582, 629844968936, 9354
629875790231, 629875799669, 9438
629943632737, 629943642682, 9945
629984854007, 629984861591, 7584
630042646300, 630042656185, 9885
630079196356, 630079204651, 8295
630141528688, 630141537592, 8904
630172477865, 630172485737, 7872
630240196459, 630240204679, 8220
630290218457, 630290228843, 10386
630338531594, 630338536385, 4791
630384611120, 630384619430, 8310
630438054762, 630438063264, 8502
630467877366, 630467884767, 7401
630536718145, 630536726296, 8151
630568463428, 630568472128, 8700
630635966209, 630635974330, 8121
630681575106, 630681589983, 14877
630734693742, 630734705490, 11748
630762663974, 630762671936, 7962
630833632936, 630833641450, 8514
630870229612, 630870239536, 9924
630932212869, 630932221581, 8712
630964768951, 630964776448, 7497
631031040367, 631031050963, 10596
631058505540, 631058512797, 7257
631129879819, 631129888360, 8541
631175726899, 631175734855, 7956
631228715390, 631228726184, 10794
631257501803, 631257509042, 7239
631327842182, 631327860680, 18498
631426271725, 631426278589, 6864
631458796027, 631458803425, 7398
631525253598, 631525262679, 9081
631555533369, 631555548780, 15411
631624089714, 631624097880, 8166
631650973707, 631650980574, 6867
631723325532, 631723335138, 9606
631758387612, 631758395781, 8169
631821776944, 631821787273, 10329
631852059992, 631852067654, 7662
631920649120, 631920658612, 9492
631950604894, 631950612781, 7887
632019745163, 632019758990, 13827
632069281088, 632069290343, 9255
632118312717, 632118321375, 8658
632153967641, 632153976515, 8874
632217214085, 632217222545, 8460
632248974773, 632248984985, 10212
632316278519, 632316292325, 13806
632346251730, 632346260403, 8673
632414828783, 632414837678, 8895
632456778976, 632456786950, 7974
632513672232, 632513682789, 10557
632549541296, 632549548991, 7695
632612546303, 632612554910, 8607
632644935212, 632644949603, 14391
632711579601, 632711591139, 11538
632759476936, 632759484118, 7182
632810217325, 632810226685, 9360
632841986111, 632841997031, 10920
632909087150, 632909098895, 11745
632943555401, 632943563678, 8277
633007953246, 633007961175, 7929
633039778146, 633039786087, 7941
633106758910, 633106768432, 9522
633137949542, 633137957423, 7881
633205556449, 633205565455, 9006
633237517200, 633237525531, 8331
633304376013, 633304385265, 9252
633350906964, 633350917968, 11004
633403123393, 633403130638, 7245
633432805875, 633432813750, 7875
633502086345, 633502094883, 8538
633541818033, 633541825956, 7923
633600938412, 633600947034, 8622
633633489458, 633633497513, 8055
633700213181, 633700225301, 12120
633738688624, 633738696514, 7890
633798585267, 633798593304, 8037
633841006869, 633841019409, 12540
633897679287, 633897686676, 7389
633930774335, 633930781820, 7485
633996193071, 633996203976, 10905
634028309872, 634028316601, 6729
634094851376, 634094860145, 8769
634128185941, 634128193438, 7497
634194045303, 634194058275, 12972
634224893036, 634224902408, 9372
634292610169, 634292619229, 9060
634339347288, 634339355529, 8241
634391663643, 634391672316, 8673
634425813741, 634425822075, 8334
634490517136, 634490528872, 11736
634534657544, 634534674500, 16956
634589339471, 634589349902, 10431
634617918823, 634617926302, 7479
634688488237, 634688497951, 9714
634726943515, 634726951882, 8367
634787062920, 634787073534, 10614
634824121214, 634824136592, 15378
634885872951, 634885883292, 10341
634919920144, 634919928328, 8184
634984716307, 634984725808, 9501
635020506443, 635020514747, 8304
635083579065, 635083589145, 10080
635111753226, 635111760720, 7494
635182383160, 635182393711, 10551
635210887331, 635210894702, 7371
635281506381, 635281514814, 8433
635328264420, 635328272622, 8202
635380064127, 635380073664, 9537
635414659628, 635414667203, 7575
635478910084, 635479168862, 258778
635519668532, 635519676218, 7686
635577736008, 635577746199, 10191
635609865153, 635609874987, 9834
635676604034, 635676613871, 9837
635704688513, 635704697285, 8772
635775432127, 635775441790, 9663
635818428345, 635818437855, 9510
635874251308, 635874260482, 9174
635915887829, 635915895716, 7887
635973104006, 635973114095, 10089
636001301942, 636001310024, 8082
636071793862, 636071804806, 10944
636109838057, 636109846370, 8313
636170837988, 636170851614, 13626
636212771751, 636212779722, 7971
636269612793, 636269623632, 10839
636297936418, 636297946528, 10110
636368456078, 636368466422, 10344
636400185829, 636400193206, 7377
636467302940, 636467312120, 9180
636509982874, 636509992069, 9195
636566147554, 636566157331, 9777
636599782312, 636599789059, 6747
636664997557, 636665007646, 10089
636696767262, 636696778956, 11694
636763750885, 636763762018, 11133
636792383027, 636792389993, 6966
636862388121, 636862397559, 9438
636907113234, 636907120641, 7407
636961679678, 636961692914, 13236
637007998865, 637008006689, 7824
637060379901, 637060389885, 9984
637099648071, 637099655364, 7293
637158970025, 637158979943, 9918
637194568053, 637194576132, 8079
637258044907, 637258054651, 9744
637356874880, 637356884540, 9660
637385991410, 637385998730, 7320
637455715307, 637455725693, 10386
637490687135, 637490695040, 7905
637554568556, 637554578561, 10005
637583229234, 637583237280, 8046
637653419060, 637653430298, 11238
637699604800, 637699617442, 12642
637752251479, 637752262774, 11295
637792244156, 637792252673, 8517
637851099542, 637851108575, 9033
637889941163, 637889949755, 8592
637949844476, 637949854127, 9651
637979558907, 637979566107, 7200
638048814957, 638048824485, 9528
638077572593, 638077581767, 9174
638147601788, 638147612141, 10353
638176052289, 638176059612, 7323
638246300283, 638246309001, 8718
638285160702, 638285168775, 8073
638345292899, 638345302193, 9294
638373867514, 638373874576, 7062
638444043278, 638444055035, 11757
638542873215, 638542883562, 10347
638581637475, 638581645302, 7827
638641813469, 638641823816, 10347
638684551922, 638684565344, 13422
638740927032, 638740940067, 13035
638782969649, 638782979282, 9633
638839598323, 638839613956, 15633
638938454245, 638938465384, 11139
638976674056, 638976681301, 7245
639037242617, 639037252550, 9933
639073241976, 639073251195, 9219
639136063393, 639136073944, 10551
639163921914, 639163928937, 7023
639234918188, 639234927407, 9219
639275752764, 639275761605, 8841
639333737283, 639333747348, 10065
639362147789, 639362155508, 7719
639432583025, 639432593102, 10077
639461540701, 639461549161, 8460
639531010483, 639531019276, 8793
639559820819, 639559827983, 7164
639629908308, 639629918274, 9966
639674675108, 639674682146, 7038
639729124056, 639729133761, 9705
639758128097, 639758135708, 7611
639827917341, 639827927760, 10419
639869876420, 639869886257, 9837
639926774663, 639926785193, 10530
639955445438, 639955453835, 8397
640025613134, 640025622674, 9540
640061306673, 640061315106, 8433
640124465095, 640124475295, 10200
640153621614, 640153719132, 97518
640223277779, 640223288648, 10869
640252069491, 640252077981, 8490
640322320475, 640322330039, 9564
640351070195, 640351083956, 13761
640420813869, 640420824270, 10401
640451091878, 640451098739, 6861
640520022359, 640520031689, 9330
640551119208, 640551126609, 7401
640618441075, 640618449841, 8766
640648217610, 640648233549, 15939
640717656111, 640717664169, 8058
640757414568, 640757423349, 8781
640816506797, 640816516211, 9414
640845859689, 640845867315, 7626
640915162195, 640915173106, 10911
640945235338, 640945245952, 10614
641014219803, 641014228320, 8517
641055619315, 641055628165, 8850
641112483391, 641112491551, 8160
641144803306, 641144810338, 7032
641211750566, 641211759344, 8778
641242383540, 641242391256, 7716
641310576603, 641310585693, 9090
641339490441, 641339500413, 9972
641409390143, 641409400967, 10824
641438113540, 641438121373, 7833
641508238630, 641508248467, 9837
641536535887, 641536542796, 6909
641607023233, 641607033586, 10353
641705848712, 641705859086, 10374
641757145236, 641757155619, 10383
641804960538, 641804969586, 9048
641846688984, 641846697981, 8997
641903474850, 641903486742, 11892
641942974504, 641942982778, 8274
642002444375, 642002453609, 9234
642031635257, 642031740722, 105465
642101091503, 642101105357, 13854
642133420990, 642133428550, 7560
642200400151, 642200409331, 9180
642231800580, 642231808272, 7692
642298517473, 642298526044, 8571
642327222064, 642327234088, 12024
642397790400, 642397800912, 10512
642428588892, 642428601075, 12183
642496803909, 642496812951, 9042
642525430924, 642525443776, 12852
642595723515, 642595732761, 9246
642629899510, 642629907472, 7962
642694326381, 642694336803, 10422
642723719062, 642723727237, 8175
642793284014, 642793293773, 9759
642839683740, 642839692032, 8292
642892004638, 642892014052, 9414
642919693928, 642919701359, 7431
642990655660, 642990664723, 9063
643018408405, 643018416154, 7749
643089432356, 643089438869, 6513
643134636153, 643134644067, 7914
643188538856, 643188549341, 10485
643217568484, 643217580484, 12000
643287290913, 643287299394, 8481
643315844097, 643315850775, 6678
643386182176, 643386191308, 9132
643419309570, 643419318960, 9390
643485025620, 643485034023, 8403
643513263073, 643513270606, 7533
643583862377, 643583872010, 9633
643615450742, 643615459508, 8766
643682952996, 643682969853, 16857
643711669790, 643711678673, 8883
643781401222, 643781409454, 8232
643837664485, 643837672588, 8103
643894403425, 643894407334, 3909
643993216928, 643993221146, 4218
644092304296, 644092310755, 6459
644190914555, 644190919010, 4455
644289733164, 644289737241, 4077
644388506266, 644388510550, 4284
644487355600, 644487360793, 5193
644586232238, 644586237173, 4935
644685142772, 644685148250, 5478
644783951185, 644783955103, 3918
644882949941, 644882957114, 7173
644981653286, 644981658425, 5139
645080434821, 645080438877, 4056
645179281326, 645179285469, 4143
645278176711, 645278180875, 4164
645376968767, 645376973717, 4950
645475832503, 645475836838, 4335
645574680886, 645574685566, 4680
645673526886, 645673532580, 5694
645772333865, 645772338749, 4884
645871165791, 645871170591, 4800
645969952604, 645969961646, 9042
646000967663, 646000976300, 8637
646068854334, 646068860340, 6006
646167689142, 646167693366, 4224
646266542084, 646266547079, 4995
646365404780, 646365409517, 4737
646464250188, 646464254676, 4488
646562996974, 646563001207, 4233
646661890436, 646661897753, 7317
646760827152, 646760833845, 6693
646859392133, 646859399905, 7772
646958429094, 646958434089, 4995
647057290325, 647057294519, 4194
647156186157, 647156192541, 6384
647254969053, 647254976136, 7083
647353798014, 647353802403, 4389
647452625980, 647452630300, 4320
647551770482, 647551774670, 4188
647650337473, 647650341688, 4215
647749164182, 647749168706, 4524
647848006759, 647848011226, 4467
647946838498, 647946845377, 6879
648045708432, 648045713364, 4932
648144677744, 648144846844, 169100
648173289468, 648173298471, 9003
648243319073, 648243323120, 4047
648342186298, 648342190699, 4401
648426787107, 648426794850, 7743
648455001102, 648455008875, 7773
648525872730, 648525878748, 6018
648554237606, 648554244230, 6624
648624501767, 648624509936, 8169
648652992276, 648652995903, 3627
648723626206, 648723632750, 6544
648754456635, 648754463529, 6894
648822373751, 648822382259, 8508
648864140137, 648864148849, 8712
648921333674, 648921342629, 8955
648951304086, 648951317475, 13389
649020322154, 649020331658, 9504
649051863285, 649051870962, 7677
649119020563, 649119032326, 11763
649153839297, 649153846266, 6969
649217853602, 649217863715, 10113
649247582437, 649247589247, 6810
649316695281, 649316704638, 9357
649346568599, 649346575238, 6639
649415282868, 649415292918, 10050
649448422601, 649448432549, 9948
649514332368, 649514341596, 9228
649545028258, 649545035968, 7710
649613011721, 649613018909, 7188
649646918285, 649646926031, 7746
649711717861, 649711726225, 8364
649756924172, 649756932158, 7986
649810947376, 649810956763, 9387
649851670467, 649851678435, 7968
649909569418, 649909577944, 8526
649957229990, 649957241636, 11646
650008673889, 650008683105, 9216
650040613060, 650040621571, 8511
650107152229, 650107159345, 7116
650139780548, 650139789014, 8466
650206043607, 650206051824, 8217
650243843193, 650243850693, 7500
650304852482, 650304862196, 9714
650336343377, 650336351555, 8178
650404208470, 650404217224, 8754
650437470227, 650437479101, 8874
650502920889, 650502929580, 8691
650542175816, 650542183010, 7194
650601638971, 650601648229, 9258
650629889155, 650629902358, 13203
650700493660, 650700502015, 8355
650733485746, 650733493186, 7440
650799407631, 650799419082, 11451
650845721326, 650845737097, 15771
650898084103, 650898094183, 10080
650940209804, 650940217358, 7554
650996990338, 650996999398, 9060
651044988067, 651044996578, 8511
651095337807, 651095347086, 9279
651156118176, 651156124533, 6357
651194592689, 651194601356, 8667
651227424828, 651227432511, 7683
651293467246, 651293475682, 8436
651325696297, 651325703866, 7569
651392739968, 651392748836, 8868
651441005804, 651441014309, 8505
651504990923, 651504996035, 5112
651603969124, 651603973288, 4164
651702675571, 651702679414, 3843
651801727264, 651801734821, 7557
651900497340, 651900501843, 4503
651999328807, 651999332983, 4176
652097959095, 652097963352, 4257
652197038927, 652197042950, 4023
652295692696, 652295703784, 11088
652394491941, 652394495643, 3702
652493532826, 652493537449, 4623
652592369066, 652592373110, 4044
652691231844, 652691235927, 4083
652790103219, 652790108001, 4782
652888984720, 652888992598, 7878
652987794985, 652987799116, 4131
653086602731, 653086606688, 3957
653185451700, 653185457403, 5703
653284278629, 653284282598, 3969
653383092213, 653383096050, 3837
653481949807, 653481955561, 5754
653580807182, 653580811664, 4482
653679638737, 653679643945, 5208
653778496533, 653778501030, 4497
653877334162, 653877338935, 4773
653976614629, 653976628546, 13917
654075013159, 654075018238, 5079
654173689890, 654173699778, 9888
654214706262, 654214712091, 5829
654272712727, 654272717731, 5004
654371524586, 654371528633, 4047
654470412397, 654470417446, 5049
654569242741, 654569246773, 4032
654668044904, 654668049077, 4173
654766791130, 654766795237, 4107
654865732041, 654865736052, 4011
654964668507, 654964673577, 5070
655063506744, 655063511952, 5208
655162289715, 655162293654, 3939
655261146559, 655261151686, 5127
655359942861, 655359947898, 5037
655458801031, 655458805444, 4413
655557528823, 655557534451, 5628
655656651798, 655656658029, 6231
655755590048, 655755597050, 7002
655853989366, 655853993716, 4350
655889510930, 655889519465, 8535
655953014348, 655953018593, 4245
656051828271, 656051832450, 4179
656150510686, 656150514244, 3558
656249621379, 656249626221, 4842
656348386704, 656348392302, 5598
656450243556, 656450248560, 5004
656549414287, 656549421328, 7041
656644868096, 656644871936, 3840
656743721022, 656743725252, 4230
656842589396, 656842594826, 5430
656941408204, 656941412290, 4086
657040315052, 657040319276, 4224
657139059072, 657139063353, 4281
657237922600, 657237927001, 4401
657336804259, 657336810547, 6288
657435639171, 657435644586, 5415
657534634581, 657534641088, 6507
657633289039, 657633293350, 4311
657732165473, 657732169802, 4329
657830964458, 657830969135, 4677
657929774062, 657929779360, 5298
658028665339, 658028669881, 4542
658127525904, 658127531070, 5166
658226344330, 658226349928, 5598
658325188918, 658325193289, 4371
658424033565, 658424037840, 4275
658522908105, 658522912218, 4113
658621700802, 658621705947, 5145
658720724630, 658720732295, 7665
658819186080, 658819193232, 7152
658918268109, 658918272579, 4470
659017144251, 659017148565, 4314
659115925547, 659115929963, 4416
659214768328, 659214772429, 4101
659313493080, 659313496899, 3819
659412417556, 659412421519, 3963
659511818358, 659511823653, 5295
659610106523, 659610112862, 6339
659708956042, 659708960242, 4200
659807919795, 659807924781, 4986
659906429475, 659906437239, 7764
660005620274, 660005625020, 4746
660104316351, 660104320161, 3810
660203150906, 660203155166, 4260
660301949331, 660301953372, 4041
660400878930, 660400883190, 4260
660499686257, 660499690175, 3918
660598535404, 660598539634, 4230
660697360779, 660697365069, 4290
660796223112, 660796229262, 6150
660895017671, 660895021646, 3975
660993931044, 660993935028, 3984
661092760206, 661092764325, 4119
661191638878, 661191644197, 5319
661290390238, 661290394291, 4053
661389102441, 661389113547, 11106
661488137945, 661488142181, 4236
661587025691, 661587033536, 7845
661685807559, 661685812191, 4632
661784608466, 661784612609, 4143
661883489559, 661883494170, 4611
661982323344, 661982327565, 4221
662081163060, 662081171334, 8274
662180011864, 662180016298, 4434
662278801067, 662278804991, 3924
662377711381, 662377716208, 4827
662476544600, 662476548623, 4023
662575369371, 662575374885, 5514
662674194012, 662674198680, 4668
662773097868, 662773102392, 4524
662871880312, 662871885436, 5124
662970697044, 662970703488, 6444
663069542576, 663069546545, 3969
663168371378, 663168378023, 6645
663267365617, 663267373156, 7539
663366182451, 663366187911, 5460
663464751047, 663464761733, 10686
663563797032, 663563801286, 4254
663662652953, 663662660270, 7317
663761444555, 663761449484, 4929
663860331529, 663860336920, 5391
663959133567, 663959137356, 3789
664058009786, 664058014172, 4386
664156885383, 664156890702, 5319
664255690356, 664255694373, 4017
664354494713, 664354498583, 3870
664453470036, 664453476657, 6621
664551977513, 664551985508, 7995
664651057660, 664651062584, 4924
664749897524, 664749901703, 4179
664848492526, 664848499228, 6702
664950500840, 664950513419, 12579
665046377948, 665046381932, 3984
665145215863, 665145219784, 3921
665243906708, 665243915456, 8748
665342875768, 665342880694, 4926
665441782473, 665441786562, 4089
664968308586, 664968317835, 9249
665032444247, 665032454504, 10257
665062745102, 665062757342, 12240
665131255649, 665131266428, 10779
665160942223, 665160950314, 8091
665229965130, 665229972630, 7500
665268691844, 665268702737, 10893
665328949079, 665328959624, 10545
665359046332, 665359053094, 6762
665427790634, 665427799565, 8931
665458055471, 665458067036, 11565
665529683892, 665529692325, 8433
665559027865, 665559037855, 9990
665625795838, 665625805210, 9372
665655365013, 665655373236, 8223
665724338864, 665724349382, 10518
665753933761, 665753946100, 12339
665823142860, 665823152283, 9423
665852023955, 665852031887, 7932
665921423165, 665921432312, 9147
665951704428, 665951716617, 12189
666020845363, 666020854015, 8652
666046378660, 666046382443, 3783
666119508765, 666119516766, 8001
666151791266, 666151798511, 7245
666218173415, 666218181806, 8391
666251729295, 666251738118, 8823
666317884189, 666317894560, 10371
666346569336, 666346576557, 7221
666416521045, 666416529844, 8799
666515194216, 666515199997, 5781
666557755789, 666557767078, 11289
666613861525, 666613871506, 9981
666642614248, 666642621634, 7386
666712698383, 666712706795, 8412
666745936100, 666745942643, 6543
666811568078, 666811578890, 10812
666840574740, 666840582927, 8187
666910420474, 666910431001, 10527
666948428085, 666948436719, 8634
667009257669, 667009268805, 11136
667108107985, 667108117489, 9504
667139995702, 667140002806, 7104
667206933704, 667206944042, 10338
667237729218, 667237738257, 9039
667305733914, 667305743178, 9264
667363706896, 667363714486, 7590
667404608569, 667404618691, 10122
667432617548, 667432625156, 7608
667503502734, 667503512085, 9351
667546388322, 667546397523, 9201
667602205650, 667602214704, 9054
667630740944, 667630747973, 7029
667701183545, 667701192557, 9012
667730865157, 667730871688, 6531
667799767187, 667799773760, 6573
667836078618, 667836089844, 11226
667898850749, 667898861453, 10704
667927913917, 667927921021, 7104
667997683427, 667997693600, 10173
668039059149, 668039065458, 6309
668096506902, 668096517504, 10602
668126106857, 668126117153, 10296
668195557421, 668195572112, 14691
668240612896, 668240622571, 9675
668294215337, 668294224208, 8871
668337302856, 668337314037, 11181
668393255837, 668393265389, 9552
668424713508, 668424721368, 7860
668491895645, 668491906034, 10389
668523229395, 668523236616, 7221
668590742476, 668590752154, 9678
668619639069, 668619655233, 16164
668689591103, 668689599644, 8541
668718892819, 668718898762, 5943
668788583740, 668788591651, 7911
668830533002, 668830541645, 8643
668887257768, 668887267263, 9495
668918840229, 668918849589, 9360
668986292450, 668986300319, 7869
669017607616, 669017616496, 8880
669084899621, 669084908288, 8667
669114756628, 669114764143, 7515
669183941251, 669183950416, 9165
669223381900, 669223390621, 8721
669282489154, 669282498085, 8931
669327949799, 669327961748, 11949
669381460369, 669381470299, 9930
669411905941, 669411918484, 12543
669480589206, 669480598863, 9657
669524564240, 669524572032, 7792
669579112978, 669579121279, 8301
669605869474, 669605879968, 10494
669677989242, 669677999742, 10500
669709487439, 669709494474, 7035
669777009973, 669777018619, 8646
669806743088, 669806756447, 13359
669875678663, 669875688602, 9939
669905282061, 669905289267, 7206
669974881812, 669974893329, 11517
670020803862, 670020811887, 8025
670073406179, 670073416106, 9927
670124468816, 670124477105, 8289
670171955161, 670171964995, 9834
670202034779, 670202041664, 6885
670270745736, 670270755168, 9432
670323615863, 670323629789, 13926
670369437490, 670369445647, 8157
670403247787, 670403255014, 7227
670468676019, 670468687059, 11040
670505128941, 670505138862, 9921
670568009851, 670568018782, 8931
670616616369, 670616625600, 9231
670666389278, 670666398980, 9702
670706896983, 670706904120, 7137
670765291290, 670765298676, 7386
670803899694, 670803907503, 7809
670864107068, 670864117094, 10026
670916109835, 670916117707, 7872
670962921447, 670962931140, 9693
670993139366, 670993146338, 6972
671061779295, 671061787095, 7800
671093742099, 671093750025, 7926
671160489564, 671160495303, 5739
671194974145, 671194981567, 7422
671259357258, 671259367994, 10736
671295574365, 671295582864, 8499
671358265205, 671358274481, 9276
671400525152, 671400533630, 8478
671457120355, 671457129463, 9108
671490376058, 671490382853, 6795
671555588550, 671555595204, 6654
671587539081, 671587545597, 6516
671654675611, 671654686258, 10647
671691228575, 671691237506, 8931
671753681372, 671753690402, 9030
671784731967, 671784738660, 6693
671852512689, 671852522481, 9792
671887608007, 671887616602, 8595
671951342289, 671951351352, 9063
671990204483, 671990213423, 8940
672050175423, 672050185893, 10470
672084372917, 672084381287, 8370
672149037400, 672149047630, 10230
672179513708, 672179521535, 7827
672247863168, 672247873206, 10038
672276608924, 672276616109, 7185
672346729261, 672346739266, 10005
672376825070, 672376832510, 7440
672445510153, 672445519561, 9408
672481709932, 672481722184, 12252
672544362325, 672544372261, 9936
672587920989, 672587927643, 6654
672643075349, 672643083230, 7881
672676447995, 672676459206, 11211
672742395349, 672742407139, 11790
672781939180, 672781946293, 7113
672841029354, 672841044336, 14982
672882508230, 672882517650, 9420
672939428734, 672939435124, 6390
672975336257, 672975343475, 7218
673038255741, 673038266622, 10881
673079321553, 673079329245, 7692
673137498989, 673137508961, 9972
673169100478, 673169108062, 7584
673236279556, 673236288748, 9192
673267358843, 673267365863, 7020
673335117881, 673335127250, 9369
673371560344, 673371568474, 8130
673433951715, 673433961822, 10107
673468096604, 673468108184, 11580
673532848467, 673532858187, 9720
673561451789, 673561458977, 7188
673631618034, 673631628171, 10137
673664606995, 673664614690, 7695
673730496790, 673730505763, 8973
673762440279, 673762448739, 8460
673829362012, 673829371195, 9183
673872190983, 673872199158, 8175
673928273992, 673928284369, 10377
673972315814, 673972324214, 8400
674026980654, 674026991519, 10865
674058187857, 674058196422, 8565
674125859050, 674125869886, 10836
674157597315, 674157604359, 7044
674224680279, 674224690038, 9759
674256214215, 674256222249, 8034
674323417017, 674323426485, 9468
674363564686, 674363575291, 10605
674422066616, 674422075934, 9318
674460938447, 674460952967, 14520
674521190881, 674521200790, 9909
674549506937, 674549513513, 6576
674620031319, 674620041078, 9759
674648945913, 674648953593, 7680
674718898940, 674718907808, 8868
674754594326, 674754602807, 8481
674817738755, 674817748112, 9357
674847976543, 674847983338, 6795
674916685430, 674916698828, 13398
674961713545, 674961721513, 7968
675015399525, 675015408615, 9090
675056057205, 675056065302, 8097
675114238781, 675114249788, 11007
675148053677, 675148060961, 7284
675213101092, 675213110833, 9741
675244944204, 675244950945, 6741
675311928734, 675311938826, 10092
675347919840, 675347928747, 8907
675410708716, 675410718832, 10116
675443070891, 675443076972, 6081
675509604477, 675509615037, 10560
675540623853, 675540632169, 8316
675608265558, 675608274297, 8739
675707302752, 675707311953, 9201
675738121557, 675738129972, 8415
675806145367, 675806154967, 9600
675839497390, 675839504686, 7296
675904999487, 675905009768, 10281
675935834296, 675935843977, 9681
676003823294, 676003832486, 9192
676047519487, 676047528283, 8796
676102660233, 676102669020, 8787
676136813808, 676136821269, 7461
676201525737, 676201535256, 9519
676240084361, 676240096400, 12039
676300584455, 676300592300, 7845
676335651049, 676335658558, 7509
676399412555, 676399421987, 9432
676429132355, 676429146143, 13788
676498042814, 676498051583, 8769
676540343324, 676540351004, 7680
676597180186, 676597191478, 11292
676640005210, 676640013340, 8130
676695734831, 676695744527, 9696
676725232576, 676725240262, 7686
676794541815, 676794551433, 9618
676824964815, 676824972369, 7554
676893434703, 676893444474, 9771
676921395187, 676921403542, 8355
676992247710, 676992257259, 9549
677019437921, 677019445067, 7146
677091089373, 677091098487, 9114
677126651380, 677126662984, 11604
677189914385, 677189924669, 10284
677218595982, 677218602624, 6642
677288787265, 677288795506, 8241
677317152441, 677317163421, 10980
677387594120, 677387603843, 9723
677415613908, 677415621492, 7584
677486555073, 677486565957, 10884
677531066467, 677531076643, 10176
677585544108, 677585649476, 105368
677615685800, 677615693903, 8103
677683608350, 677683615214, 6864
677716987006, 677716994746, 7740
677782612556, 677782622459, 9903
677813386306, 677813394073, 7767
677881775181, 677881787268, 12087
677924157215, 677924165960, 8745
677980674714, 677980684923, 10209
678011762382, 678011770236, 7854
678079316094, 678079325913, 9819
678122490962, 678122499587, 8625
678178345828, 678178356121, 10293
678207773700, 678207783567, 9867
678277001733, 678277010883, 9150
678319930589, 678319938992, 8403
678376138036, 678376149208, 11172
678428630718, 678428643663, 12945
678474575721, 678474581958, 6237
678504453549, 678504460095, 6546
678573753384, 678573763437, 10053
678618801122, 678618809252, 8130
678672227879, 678672232502, 4623
678771405051, 678771415035, 9984
678801432788, 678801439832, 7044
678870261564, 678870268902, 7338
678915561308, 678915570653, 9345
678969263897, 678969273290, 9393
678999407581, 678999414424, 6843
679067900512, 679067910055, 9543
679105870966, 679105880158, 9192
679166797609, 679166805346, 7737
679199111697, 679199122038, 10341
679265429931, 679265438253, 8322
679294398151, 679294406929, 8778
679364456273, 679364466485, 10212
679405913920, 679405923034, 9114
679463469948, 679463480340, 10392
679507584401, 679507592429, 8028
679561767648, 679561775829, 8181
679597642622, 679597650194, 7572
679660974332, 679660984094, 9762
679690856037, 679690863591, 7554
679759824347, 679759835828, 11481
679790348898, 679790361183, 12285
679858484129, 679858492553, 8424
679897693885, 679897701901, 8016
679957808808, 679957816809, 8001
679996665583, 679996673329, 7746
680056703691, 680056712634, 8943
680086492521, 680086499847, 7326
680155179395, 680155187711, 8316
680189968489, 680189977330, 8841
680254003001, 680254013123, 10122
680294465490, 680294479314, 13824
680352831873, 680352840828, 8955
680383396072, 680383404445, 8373
680451531931, 680451542875, 10944
680484150354, 680484158187, 7833
680550530250, 680550539982, 9732
680580132789, 680580141444, 8655
680649262060, 680649272416, 10356
680680010246, 680680096352, 86106
680748448567, 680748457819, 9252
680778980482, 680778996493, 16011
680847300949, 680847309142, 8193
680876787770, 680876794985, 7215
680946486474, 680946492252, 5778
680976284019, 680976296241, 12222
681044568022, 681044577898, 9876
681075634677, 681075641958, 7281
681143550035, 681143560127, 10092
681174610873, 681174621616, 10743
681242755889, 681242768144, 12255
681289461991, 681289469023, 7032
681341245582, 681341254582, 9000
681378627031, 681378634660, 7629
681439794904, 681439803508, 8604
681481887050, 681481896470, 9420
681538918930, 681538928419, 9489
681569691440, 681569700191, 8751
681637810656, 681637821195, 10539
681668240165, 681668248238, 8073
681736646191, 681736656136, 9945
681782664700, 681782680519, 15819
681835496520, 681835505883, 9363
681864345737, 681864356837, 11100
681934342379, 681934352471, 10092
681962913044, 681962924552, 11508
682033768986, 682033780161, 11175
682062686901, 682062693606, 6705
682131916845, 682131926187, 9342
682161822529, 682161832837, 10308
682230781771, 682230791719, 9948
682268711494, 682268718214, 6720
682329575870, 682329583940, 8070
682359279956, 682359286712, 6756
682428611234, 682428624425, 13191
682464012683, 682464020306, 7623
682527597134, 682527611810, 14676
682570086996, 682570094475, 7479
682626293320, 682626303049, 9729
682655288315, 682655300750, 12435
682724631448, 682724640043, 8595
682755329040, 682755343014, 13974
682824264641, 682824273680, 9039
682865198797, 682865207068, 8271
682922734856, 682922744072, 9216
682961584535, 682961592860, 8325
683021559888, 683021569413, 9525
683048934708, 683048941914, 7206
683120371506, 683120381961, 10455
683152545297, 683152553877, 8580
683219467254, 683219476074, 8820
683248556786, 683248563359, 6573
683318112742, 683318121445, 8703
683355147536, 683355157553, 10017
683416935200, 683416946090, 10890
683446019568, 683446030740, 11172
683515785635, 683515794743, 9108
683544488720, 683544497669, 8949
683614823026, 683614831414, 8388
683657253454, 683657262223, 8769
683713654313, 683713662671, 8358
683743266261, 683743274322, 8061
683812306786, 683812315594, 8808
683842272260, 683842280480, 8220
683911159658, 683911169603, 9945
683954594943, 683954602107, 7164
684009888468, 684009899559, 11091
684047105249, 684047113280, 8031
684108826305, 684108836199, 9894
684137995886, 684138003296, 7410
684207657989, 684207667808, 9819
684236656092, 684236666943, 10851
684306751107, 684306760779, 9672
684405022008, 684405030588, 8580
684434459988, 684434467872, 7884
684504542278, 684504553585, 11307
684549244455, 684549254565, 10110
684602728643, 684602736365, 7722
684634282776, 684634289529, 6753
684701882041, 684701892112, 10071
684732188119, 684732195190, 7071
684800406022, 684800414416, 8394
684856181072, 684856190147, 9075
684899404140, 684899415852, 11712
684944492249, 684944502173, 9924
684998401810, 684998412274, 10464
685026447746, 685026455165, 7419
685097237314, 685097246146, 8832
685133788359, 685133804706, 16347
685196089340, 685196099006, 9666
685224465275, 685224472589, 7314
685294922680, 685294931803, 9123
685323026778, 685323034365, 7587
685393757455, 685393767268, 9813
685424547925, 685424554744, 6819
685492612280, 685492621679, 9399
685521275602, 685521282547, 6945
685591457681, 685591466087, 8406
685623371482, 685623379429, 7947
685690296068, 685690306241, 10173
685721809598, 685721816702, 7104
685789137114, 685789146525, 9411
685818054197, 685818061586, 7389
685887987892, 685887997018, 9126
685919332974, 685919341872, 8898
685986822061, 685986830707, 8646
686015641147, 686015649415, 8268
686085166395, 686085201011, 34616
686117808850, 686117815822, 6972
686184489278, 686184498170, 8892
686215141526, 686215148750, 7224
686283167754, 686283176274, 8520
686313527964, 686313534561, 6597
686382103559, 686382112337, 8778
686480867529, 686480874849, 7320
686510948521, 686510955355, 6834
686579843556, 686579853486, 9930
686613202641, 686613209733, 7092
686678673916, 686678683588, 9672
686706061892, 686706069446, 7554
686777590753, 686777600215, 9462
686807348745, 686807355555, 6810
686876398938, 686876410701, 11763
686906972297, 686906980541, 8244
686975243331, 686975253324, 9993
687016531902, 687016539513, 7611
687074077846, 687074087422, 9576
687115489035, 687115496493, 7458
687172907900, 687172918964, 11064
687204553098, 687204563499, 10401
687271737950, 687271746665, 8715
687302002806, 687302010858, 8052
687370584059, 687370592705, 8646
687403354777, 687403362550, 7773
687469436470, 687469446124, 9654
687500496313, 687500504134, 7821
687568280236, 687568290076, 9840
687598630136, 687598637606, 7470
687667120846, 687667130437, 9591
687706835609, 687706848308, 12699
687765962485, 687765972874, 10389
687797433774, 687797441499, 7725
687864825746, 687864836546, 10800
687963640858, 687963649258, 8400
688009777724, 688009786226, 8502
688062518612, 688062532109, 13497
688101164455, 688101171604, 7149
688161321726, 688161331308, 9582
688260177595, 688260186718, 9123
688296848556, 688296856944, 8388
688359000616, 688359009688, 9072
688394829001, 688394836414, 7413
688457832934, 688457842876, 9942
688490460585, 688490468982, 8397
688556480087, 688556490287, 10200
688596240531, 688596249474, 8943
688655332702, 688655340376, 7674
688702886829, 688702895361, 8532
688754413898, 688754426621, 12723
688788318419, 688788325892, 7473
688853531806, 688853545042, 13236
688892407203, 688892414067, 6864
688952105875, 688952116324, 10449
688991930788, 688991939830, 9042
689050954310, 689050960976, 6666
689087021791, 689087030164, 8373
689149775787, 689149784778, 8991
689184223857, 689184232854, 8997
689248306347, 689248317750, 11403
689286926674, 689286934444, 7770
689347458927, 689347467522, 8595
689380408141, 689380416271, 8130
689446219841, 689446229624, 9783
689481285048, 689481295479, 10431
689545109871, 689545118061, 8190
689583937029, 689583951621, 14592
689643951240, 689643960228, 8988
689683797254, 689683805129, 7875
689742770851, 689742779686, 8835
689777049557, 689777058191, 8634
689841659101, 689841668731, 9630
689872180221, 689872188201, 7980
689940478216, 689940486913, 8697
690039326699, 690039335510, 8811
690070952269, 690070963840, 11571
690138142066, 690138151363, 9297
690173312756, 690173321141, 8385
690236920717, 690236928562, 7845
690281001660, 690281012820, 11160
690335690488, 690335701051, 10563
690365987859, 690365995797, 7938
690434539237, 690434549311, 10074
690480413767, 690480423520, 9753
690533531009, 690533542205, 11196
690579127020, 690579152241, 25221
690632057586, 690632066748, 9162
690680174683, 690680184688, 10005
690731182873, 690731192851, 9978
690781054265, 690781061855, 7590
690830066306, 690830080946, 14640
690871525379, 690871534523, 9144
690928849396, 690928859554, 10158
691027452290, 691027458785, 6495
691072116641, 691072123352, 6711
691126840706, 691126848407, 7701
691164583812, 691164591810, 7998
691225385402, 691225394351, 8949
691260856580, 691260863816, 7236
691338295475, 691338303110, 7635
691437083420, 691437089855, 6435
691535631826, 691535635585, 3759
691634770805, 691634775521, 4716
691733616292, 691733621215, 4923
691832398518, 691832403597, 5079
691931188324, 691931192296, 3972
692030038235, 692030043134, 4899
692128998958, 692129003632, 4674
692227802081, 692227807196, 5115
692326694803, 692326699384, 4581
692425218566, 692425226246, 7680
692510023153, 692510028847, 5694
692543865816, 692543873655, 7839
692609196891, 692609206296, 9405
692636649665, 692636656691, 7026
692707998904, 692708008711, 9807
692747775578, 692747783933, 8355
692806849418, 692806858799, 9381
692837063716, 692837072656, 8940
692905687932, 692905697808, 9876
692939015176, 692939024602, 9426
693004553622, 693004562610, 8988
693034884734, 693034892630, 7896
693103454203, 693103463689, 9486
693146920402, 693146934058, 13656
693202179262, 693202187911, 8649
693232599428, 693232606106, 6678
693301039327, 693301049065, 9738
693330258578, 693330266594, 8016
693399892262, 693399901379, 9117
693432784353, 693432793389, 9036
693498771070, 693498779302, 8232
693527389153, 693527396866, 7713
693597605043, 693597614157, 9114
693642947514, 693642955293, 7779
693696431893, 693696441829, 9936
693725307412, 693725314981, 7569
693794659943, 693794664437, 4494
693835886837, 693835894190, 7353
693894097436, 693894105998, 8562
693936110928, 693936118818, 7890
693992963810, 693992971994, 8184
694033626351, 694033634445, 8094
694091540577, 694091548290, 7713
694126654740, 694126662216, 7476
694190667896, 694190676401, 8505
694220975550, 694220988327, 12777
694289271572, 694289280308, 8736
694332435999, 694332448515, 12516
694388053678, 694388057881, 4203
694420792344, 694420799745, 7401
694487196905, 694487210453, 13548
694515524173, 694515531265, 7092
694585623362, 694585628927, 5565
694623798593, 694623805928, 7335
694684902306, 694684912179, 9873
694713967315, 694713975814, 8499
694783664002, 694783674046, 10044
694816747902, 694816755720, 7818
694882268291, 694882278476, 10185
694928542206, 694928557032, 14826
694981191854, 694981201199, 9345
695010195865, 695010204022, 8157
695080196057, 695080206398, 10341
695112583165, 695112590704, 7539
695178998786, 695179009418, 10632
695210708663, 695210720462, 11799
695277867041, 695277877601, 10560
695309447187, 695309458062, 10875
695376707953, 695376718297, 10344
695414599656, 695414608296, 8640
695475553396, 695475562558, 9162
695504358834, 695504365815, 6981
695574400378, 695574409783, 9405
695621404323, 695621411865, 7542
695673233557, 695673268513, 34956
695701248617, 695701256096, 7479
695771847244, 695771856265, 9021
695811459213, 695811467508, 8295
695870914165, 695870925193, 11028
695904059857, 695904066565, 6708
695969816468, 695969827478, 11010
695998693932, 695998704456, 10524
696068616872, 696068627102, 10230
696097624774, 696097632979, 8205
696167607129, 696167625111, 17982
696196668572, 696196676411, 7839
696266270500, 696266279708, 9208
696306008973, 696306017532, 8559
696364785576, 696364795032, 9456
696396617436, 696396630300, 12864
696463982098, 696463992904, 10806
696494853805, 696494865454, 11649
696562807568, 696562818272, 10704
696592201408, 696592209367, 7959
696661674896, 696661685243, 10347
696695780453, 696695788379, 7926
696760435711, 696760446478, 10767
696791254106, 696791261894, 7788
696859358009, 696859369274, 11265
696887360296, 696887367736, 7440
696958188137, 696958199402, 11265
696996202987, 696996210427, 7440
697057018199, 697057027871, 9672
697099410241, 697099418053, 7812
697155860826, 697155870594, 9768
697197753430, 697197762277, 8847
697254847564, 697254862441, 14877
697285055802, 697285063188, 7386
697353646259, 697353655553, 9294
697399140752, 697399148681, 7929
697452291171, 697452300552, 9381
697483921104, 697483928058, 6954
697551217873, 697551227185, 9312
697581955156, 697581962314, 7158
697650079896, 697650089100, 9204
697682952033, 697682960577, 8544
697748929347, 697748938866, 9519
697781096039, 697781104184, 8145
697847805666, 697847815389, 9723
697878231456, 697878238206, 6750
697946542613, 697946550947, 8334
697980276798, 697980285312, 8514
698045458091, 698045467625, 9534
698074285393, 698074297627, 12234
698144318764, 698144328859, 10095
698184369876, 698184376767, 6891
698242924658, 698242938440, 13782
698279643202, 698279650924, 7722
698341908560, 698341926500, 17940
698373673006, 698373680896, 7890
698440944502, 698440959142, 14640
698473376078, 698473385081, 9003
698540068401, 698540081802, 13401
698575321490, 698575328702, 7212
698638515583, 698638524544, 8961
698669034996, 698669044320, 9324
698737554331, 698737563013, 8682
698778464595, 698778472053, 7458
698836170300, 698836180758, 10458
698869429068, 698869438317, 9249
698934950670, 698934960279, 9609
698966431814, 698966438864, 7050
699033819395, 699033829310, 9915
699073224536, 699073231910, 7374
699132690469, 699132700831, 10362
699173611370, 699173620097, 8727
699231521174, 699231531941, 10767
699261141553, 699261151147, 9594
699330328110, 699330338292, 10182
699361600948, 699361611205, 10257
699429435183, 699429444531, 9348
699458347323, 699458355381, 8058
699528206504, 699528216317, 9813
699565741188, 699565748964, 7776
699627442284, 699627453229, 10945
699659009077, 699659016589, 7512
699725707357, 699725717596, 10239
699767735592, 699767744997, 9405
699824875383, 699824882682, 7299
699857511631, 699857518930, 7299
699923632826, 699923641823, 8997
699963903245, 699963914459, 11214
700022426363, 700022437262, 10899
700069204575, 700069212681, 8106
700121293369, 700121301982, 8613
700176132178, 700176149782, 17604
700233889246, 700233893482, 4236
700332735266, 700332739709, 4443
700431355120, 700431362896, 7776
700530204226, 700530211657, 7431
700629277693, 700629282448, 4755
700728142058, 700728147179, 5121
700826935852, 700826939788, 3936
700925977316, 700925981556, 4240
701024733778, 701024738125, 4347
701123407715, 701123411921, 4206
701222298926, 701222303861, 4935
701321144467, 701321149849, 5382
701419795034, 701419801814, 6780
701518892919, 701518896762, 3843
701617664931, 701617669518, 4587
701716529354, 701716533488, 4134
701815406126, 701815410920, 4794
701914222650, 701914226676, 4026
702013004948, 702013009199, 4251
702111956338, 702111962791, 6453
702210744875, 702210748781, 3906
702309558677, 702309562688, 4011
702408212108, 702408217163, 5055
702507266771, 702507272183, 5412
702606077396, 702606082709, 5313
702704891806, 702704896945, 5139
702803819856, 702803825160, 5304
702902616262, 702902620648, 4386
703001442482, 703001448248, 5766
703100128831, 703100139331, 10500
703199177810, 703199182985, 5175
703231725056, 703231731470, 6414
703297937701, 703297941955, 4254
703396800999, 703396807353, 6354
703495642041, 703495648119, 6078
703594508589, 703594512702, 4113
703693436555, 703693441643, 5088
703792163444, 703792167542, 4098
703891914844, 703891919425, 4581
703989855586, 703989859717, 4131
704088658067, 704088663221, 5154
704187406758, 704187410967, 4209
704286327617, 704286331652, 4035
704385238206, 704385243303, 5097
704484050683, 704484054970, 4287
704582966299, 704582971141, 4842
704683079242, 704683083709, 4467
704780392619, 704780401022, 8403
704879447193, 704879451447, 4254
704978421690, 704978433132, 11442
705077154450, 705077160456, 6006
705175982323, 705175986709, 4386
705274822913, 705274827968, 5055
705373608413, 705373612742, 4329
705472505609, 705472509803, 4194
705571341681, 705571346070, 4389
705670135092, 705670139319, 4227
705769029881, 705769034936, 5055
705867809870, 705867814322, 4452
705966658724, 705966662792, 4068
706065629549, 706065634199, 4650
706164365019, 706164372012, 6993
706263193258, 706263197719, 4461
706291376671, 706291383901, 7230
706362073337, 706362077327, 3990
706460717594, 706460727512, 9918
706559759545, 706559765299, 5754
706658560046, 706658564354, 4308
706757436636, 706757442051, 5415
706856469197, 706856477111, 7914
706955115923, 706955121086, 5163
707053925254, 707053929991, 4737
707152835035, 707152839436, 4401
707251613232, 707251617366, 4134
707350404653, 707350411970, 7317
707449352311, 707449357669, 5358
707548113969, 707548118139, 4170
707647022292, 707647026681, 4389
707745853322, 707745857282, 3960
707844751826, 707844757037, 5211
707943721729, 707943725908, 4179
708042375059, 708042379304, 4245
708141221015, 708141225374, 4359
708240076181, 708240080315, 4134
708338867333, 708338871902, 4569
708437531831, 708437537780, 5949
708536574926, 708536578787, 3861
708635422098, 708635426661, 4563
708734140796, 708734144963, 4167
708833078980, 708833083990, 5010
708932144212, 708932155210, 10998
709030781183, 709030785689, 4506
709129638636, 709129642731, 4095
709228465756, 709228470085, 4329
709327343961, 709327349214, 5253
709366195198, 709366203457, 8259
709426141058, 709426145225, 4167
709525012655, 709525016846, 4191
709623841579, 709623845761, 4182
709722441950, 709722448556, 6606
709754966840, 709754975582, 8742
709821525242, 709821529241, 3999
709920394001, 709920398612, 4611
710019212766, 710019217131, 4365
710118060701, 710118065918, 5217
710216956623, 710216961414, 4791
710315859121, 710315865394, 6273
710414543445, 710414548008, 4563
710513173792, 710513180752, 6960
710612239540, 710612244961, 5421
710711062937, 710711067272, 4335
710809749655, 710809762021, 12366
710908686607, 710908690978, 4371
711007614526, 711007619122, 4596
711106471037, 711106476041, 5004
711205275727, 711205280920, 5193
711304478163, 711304485384, 7221
711402986497, 711402990418, 3921
711501917926, 711501922339, 4413
711600595714, 711600600049, 4335
711699511329, 711699515913, 4584
711798407905, 711798411832, 3927
711897187767, 711897191844, 4077
711996017386, 711996021562, 4176
712094885992, 712094890456, 4464
712193529073, 712193542258, 13185
712292599375, 712292604085, 4710
712391410731, 712391414862, 4131
712419106965, 712419112851, 5886
712489981499, 712489986833, 5334
712589050840, 712589055466, 4626
712687719822, 712687723719, 3897
712786776143, 712786780517, 4374
712885740544, 712885744867, 4323
712984435964, 712984440404, 4440
713083313470, 713083319572, 6102
713182087393, 713182092127, 4734
713280777513, 713280784269, 6756
713379776688, 713379781194, 4506
713478670704, 713478674652, 3948
713577466281, 713577470145, 3864
713676294686, 713676299012, 4326
713775330502, 713775339118, 8616
713874011486, 713874016382, 4896
713972830400, 713972834315, 3915
714071728234, 714071733160, 4926
714170482226, 714170486837, 4611
714269359826, 714269364353, 4527
714368211787, 714368215693, 3906
714467080113, 714467085120, 5007
714565884324, 714565888182, 3858
714664561456, 714664571863, 10407
714763545337, 714763550020, 4683
714862392330, 714862399173, 6843
714961276866, 714961281324, 4458
715060099904, 715060104026, 4122
715158872821, 715158877024, 4203
715257730521, 715257734877, 4356
715356650008, 715356655462, 5454
715456331646, 715456336338, 4692
715554313597, 715554317698, 4101
715653187102, 715653191149, 4047
715752058987, 715752064012, 5025
715836565486, 715836573055, 7569
715863275120, 715863282863, 7743
715935690696, 715935697320, 6624
715970908303, 715970917423, 9120
716034244825, 716034253558, 8733
716072693237, 716072702144, 8907
716133403111, 716133412414, 9303
716177710131, 716177717316, 7185
716232243873, 716232251853, 7980
716331150731, 716331160328, 9597
716376124860, 716376133752, 8892
716429637554, 716429643155, 5601
716465377804, 716465385292, 7488
716528773197, 716528782698, 9501
716574231389, 716574239066, 7677
716627606162, 716627615561, 9399
716666704531, 716666712202, 7671
716726203999, 716726214781, 10782
716771647645, 716771656051, 8406
716825264104, 716825277562, 13458
716873236401, 716873243907, 7506
716924101699, 716924109475, 7776
716963852751, 716963860938, 8187
717022913276, 717022922573, 9297
717057669808, 717057677701, 7893
717121826077, 717121835275, 9198
717152942258, 717152949533, 7275
717220463047, 717220470814, 7767
717262763048, 717262777559, 14511
717319475144, 717319485137, 9993
717360535676, 717360546449, 10773
717418253314, 717418267153, 13839
717452339452, 717452348215, 8763
717517173187, 717517183348, 10161
717557345399, 717557356730, 11331
717615987220, 717615997150, 9930
717651195034, 717651202510, 7476
717714853342, 717714863950, 10608
717750195066, 717750201660, 6594
717813674407, 717813684256, 9849
717848424131, 717848431793, 7662
717912605057, 717912613649, 8592
717943615114, 717943622815, 7701
718011392329, 718011401605, 9276
718047133566, 718047140796, 7230
718110293085, 718110303708, 10623
718153524059, 718153533317, 9258
718208911023, 718208919987, 8964
718252477379, 718252486382, 9003
718307743507, 718307749891, 6384
718347948377, 718347956624, 8247
718406549398, 718406558398, 9000
718444221062, 718444229231, 8169
718505509800, 718505516652, 6852
718604480209, 718604490289, 10080
718649784041, 718649791679, 7638
718703438483, 718703450819, 12336
718751147874, 718751155416, 7542
718802369056, 718802377363, 8307
718834533312, 718834546449, 13137
718900768897, 718900775620, 6723
718942470531, 718942478148, 7617
719000118720, 719000132175, 13455
719050761056, 719050769456, 8400
719098797093, 719098807878, 10785
719132118873, 719132132961, 14088
719197761505, 719197769326, 7821
719245629734, 719245637669, 7935
719296320958, 719296330858, 9900
719347230856, 719347239652, 8796
719395155966, 719395165800, 9834
719434408266, 719434417710, 9444
719494015508, 719494024037, 8529
719528170179, 719528179074, 8895
719592862572, 719592870246, 7674
719634481922, 719634497735, 15813
719691683498, 719691692573, 9075
719725110987, 719725125942, 14955
719790730807, 719790739675, 8868
719835532872, 719835541356, 8484
719889372044, 719889382172, 10128
719922431591, 719922438176, 6585
719987882288, 719987892689, 10401
720029345976, 720029361972, 15996
720087041808, 720087052221, 10413
720122129049, 720122136702, 7653
720185902837, 720185910661, 7824
720218398822, 720218405092, 6270
720284698028, 720284706641, 8613
720316599114, 720316629618, 30504
720383316504, 720383321745, 5241
720420798458, 720420806534, 8076
720482346042, 720482355291, 9249
720525262688, 720525270632, 7944
720581227688, 720581236211, 8523
720610259116, 720610265872, 6756
720680314704, 720680324193, 9489
720722825282, 720722836733, 11451
720778940903, 720778949867, 8964
720811465585, 720811472125, 6540
720877833173, 720877839473, 6300
720909627467, 720909634541, 7074
720976709343, 720976718226, 8883
721009222355, 721009229936, 7581
721075447503, 721075456500, 8997
721106856852, 721106867529, 10677
721174308316, 721174317340, 9024
721204382017, 721204389247, 7230
721273155483, 721273164444, 8961
721305013576, 721305027913, 14337
721372279840, 721372295052, 15212
721404021338, 721404027740, 6402
721470943577, 721470951455, 7878
721503195077, 721503207758, 12681
721569817491, 721569827184, 9693
721669031673, 721669040529, 8856
721722681268, 721722689530, 8262
721767624821, 721767633881, 9060
721812087915, 721812097053, 9138
721866180808, 721866190531, 9723
721906648988, 721906656683, 7695
721964811918, 721964817474, 5556
722001302218, 722001309769, 7551
722063862599, 722063872823, 10224
722094593979, 722094609036, 15057
722162455362, 722162465181, 9819
722212203871, 722212213474, 9603
722261530820, 722261539892, 9072
722294221989, 722294228262, 6273
722360239778, 722360249117, 9339
722408234149, 722408252335, 18186
722459225972, 722459233055, 7083
722496106027, 722496113824, 7797
722558230687, 722558245042, 14355
722608394408, 722608401569, 7161
722656744399, 722656752943, 8544
722707181228, 722707189202, 7974
722755513642, 722755520926, 7284
722810708508, 722810719340, 10832
722868353743, 722868358093, 4350
722967379081, 722967383119, 4038
723066205552, 723066209386, 3834
723164892482, 723164906030, 13548
723264048082, 723264053668, 5586
723362769495, 723362773944, 4449
723462429574, 723462433909, 4335
723560457689, 723560461865, 4176
723659297766, 723659301918, 4152
723758191411, 723758198068, 6657
723856930251, 723856934502, 4251
723955818795, 723955823649, 4854
724054651162, 724054655965, 4803
724153497718, 724153502638, 4920
724252337099, 724252341782, 4683
724351179725, 724351184900, 5175
724450039559, 724450045667, 6108
724548853301, 724548857438, 4137
724647526559, 724647537230, 10671
724681944869, 724681951184, 6315
724746549412, 724746553372, 3960
724845450897, 724845456156, 5259
724944056973, 724944060684, 3711
725043050145, 725043054204, 4059
725141917591, 725141921530, 3939
725240759022, 725240763024, 4002
725339530834, 725339537920, 7086
725438385201, 725438389740, 4539
725537279951, 725537283992, 4041
725636145458, 725636149970, 4512
725734971229, 725734975867, 4638
725833827018, 725833830783, 3765
725932598313, 725932602282, 3969
726031599805, 726031604806, 5001
726130156790, 726130161323, 4533
726228992185, 726229004911, 12726
726327994874, 726327999818, 4944
726426851644, 726426856279, 4635
726525614049, 726525618675, 4626
726624512630, 726624518810, 6180
726723370664, 726723375146, 4482
726822275125, 726822279493, 4368
726920980661, 726920987732, 7071
727019893352, 727019897813, 4461
727118693311, 727118697979, 4668
727217569221, 727217573469, 4248
727316373740, 727316377793, 4053
727415375175, 727415380290, 5115
727514126384, 727514132303, 5919
727612857663, 727612862304, 4641
727711610224, 727711622074, 11850
727744502712, 727744509963, 7251
727810554999, 727810559379, 4380
727909501308, 727909507056, 5748
728008274535, 728008279503, 4968
728107140866, 728107144928, 4062
728206044676, 728206049398, 4722
728304827402, 728304831638, 4236
728403672567, 728403676929, 4362
728502341686, 728502346000, 4314
728601351261, 728601355461, 4200
728700327542, 728700334058, 6516
728798990086, 728798994463, 4377
728897836240, 728897841109, 4869
728996739416, 728996743712, 4296
729095551945, 729095556793, 4848
729194366901, 729194372334, 5433
729293072972, 729293082749, 9777
729392043158, 729392047268, 4110
729490873325, 729490881083, 7758
729589766756, 729589770725, 3969
729688579747, 729688584373, 4626
729787482535, 729787487740, 5205
729886289667, 729886293645, 3978
729985196176, 729985204711, 8535
730083938892, 730083943377, 4485
730182806806, 730182810730, 3924
730281622820, 730281627968, 5148
730380592008, 730380595734, 3726
730479431010, 730479436797, 5787
730578209151, 730578214827, 5676
730676996770, 730677001234, 4464
730775879832, 730775884269, 4437
730807203909, 730807211865, 7956
730874479029, 730874483385, 4356
730973373463, 730973384035, 10572
731072451115, 731072456962, 5847
731171285385, 731171290365, 4980
731270079664, 731270084971, 5307
731368906912, 731368911400, 4488
731467992497, 731467996820, 4323
731566575559, 731566579504, 3945
731665558745, 731665566080, 7335
731764448603, 731764458620, 10017
731863103456, 731863107953, 4497
731964267555, 731964272904, 5349
732060813461, 732060817628, 4167
732159694734, 732159698736, 4002
732258434958, 732258438999, 4041
732357305292, 732357309378, 4086
732456137183, 732456141356, 4173
732554979984, 732554984373, 4389
732653816339, 732653823107, 6768
732684228966, 732684236454, 7488
732752656174, 732752660116, 3942
732851549838, 732851555748, 5910
732950427160, 732950433439, 6279
733049185247, 733049189498, 4251
733148067425, 733148071604, 4179
733246906178, 733246910255, 4077
733345765368, 733345769265, 3897
733444538339, 733444542590, 4251
733543514035, 733543518928, 4893
733642278226, 733642283110, 4884
733741074660, 733741078893, 4233
733840444750, 733840449307, 4557
733876355928, 733876362306, 6378
733938776294, 733938780329, 4035
734037635996, 734037640985, 4989
734136561919, 734136568321, 6402
734188962798, 734188970556, 7758
734235140429, 734235147425, 6996
734289458993, 734289462278, 3285
734289481196, 734289481889, 693
734325656520, 734325661290, 4770
734330323962, 734330327715, 3753
734375033299, 734375042035, 8736
734419116455, 734419127495, 11040
734463421542, 734463431460, 9918
734517905184, 734517913896, 8712
734549870688, 734549878776, 8088
734616439611, 734616447084, 7473
734648262120, 734648268213, 6093
734715212090, 734715222602, 10512
734750914729, 734750923750, 9021
734814445152, 734814455205, 10053
734853750579, 734853757716, 7137
734913526889, 734913535856, 8967
734947630602, 734947638795, 8193
735012027488, 735012044603, 17115
735047046408, 735047055534, 9126
735110949531, 735110963721, 14190
735140781809, 735140790104, 8295
735209780545, 735209789578, 9033
735258181739, 735258190145, 8406
735308551867, 735308561308, 9441
735343278331, 735343287595, 9264
735406925621, 735406936154, 10533
735450161108, 735450168896, 7788
735506285782, 735506295586, 9804
735550221486, 735550229172, 7686
735605109619, 735605120527, 10908
735637636316, 735637644068, 7752
735703767480, 735703777905, 10425
735746837855, 735746844683, 6828
735802792158, 735802801224, 9066
735834433057, 735834441628, 8571
735901627249, 735901636840, 9591
736000139883, 736000143459, 3576
736030382286, 736030389930, 7644
736099316060, 736099325372, 9312
736133193177, 736133200527, 7350
736198162849, 736198173058, 10209
736228556025, 736228563423, 7398
736296930799, 736296939655, 8856
736337173751, 736337181092, 7341
736395875468, 736395885212, 9744
736494558920, 736494570572, 11652
736535257808, 736535265944, 8136
736593527287, 736593537970, 10683
736623311795, 736623318353, 6558
736692195483, 736692204786, 9303
736725135086, 736725150416, 15330
736791257532, 736791267282, 9750
736825586719, 736825595524, 8805
736890075829, 736890090025, 14196
736988762183, 736988773388, 11205
737021112665, 737021120192, 7527
737087768852, 737087778956, 10104
737117936958, 737117944035, 7077
737186583088, 737186591374, 8286
737220739566, 737220747645, 8079
737285211476, 737285221700, 10224
737329228387, 737329242379, 13992
737384288335, 737384297935, 9600
737413477550, 737413484483, 6933
737483133610, 737483143699, 10089
737518469599, 737518478437, 8838
737582101628, 737582114420, 12792
737628446998, 737628456439, 9441
737680818596, 737680828664, 10068
737716783685, 737716791338, 7653
737779843185, 737779848111, 4926
737810522138, 737810529878, 7740
737878501357, 737878510741, 9384
737911051576, 737911058755, 7179
737977139726, 737977148006, 8280
738017058254, 738017069075, 10821
738075952513, 738075961570, 9057
738125977057, 738125988541, 11484
738175043416, 738175053070, 9654
738223126809, 738223134465, 7656
738273839991, 738273849645, 9654
738312386384, 738312394187, 7803
738372626426, 738372636362, 9936
738407792513, 738407799986, 7473
738471595242, 738471632208, 36966
738503110301, 738503118701, 8400
738570385937, 738570394379, 8442
738603274312, 738603281605, 7293
738669220722, 738669230823, 10101
738709755218, 738709763513, 8295
738768077026, 738768086506, 9480
738807428589, 738807436359, 7770
738866623014, 738866672923, 49909
738899330788, 738899340004, 9216
738965764098, 738965773332, 9234
739064006953, 739064013061, 6108
739078338610, 739078346236, 7626
739177572898, 739177578175, 5277
739276188231, 739276192617, 4386
739375097519, 739375101806, 4287
739473916033, 739473920908, 4875
739572742440, 739572746355, 3915
739671661836, 739671667005, 5169
739770469525, 739770474340, 4815
739869226308, 739869231546, 5238
739968143737, 739968147937, 4200
740000121518, 740000127368, 5850
740066908211, 740066913578, 5367
740165603151, 740165612160, 9009
740200142706, 740200148298, 5592
740264703090, 740264707116, 4026
740349185163, 740349190548, 5385
740390000797, 740390008495, 7698
740448216417, 740448220659, 4242
740501866972, 740501877142, 10170
740547175101, 740547183693, 8592
740577491283, 740577498999, 7716
740646414310, 740646423691, 9381
740685937505, 740685946850, 9345
740744868220, 740744875855, 7635
740789473804, 740789487328, 13524
740843736585, 740843746575, 9990
740897575094, 740897583650, 8556
740942540894, 740942550290, 9396
740982432072, 740982438828, 6756
741041403558, 741041740655, 337097
741091755431, 741091763594, 8163
741140312155, 741140322697, 10542
741172004299, 741172010653, 6354
741239448980, 741239460191, 11211
741289490527, 741289497766, 7239
741337918287, 741337927218, 8931
741382839634, 741382848868, 9234
741436687490, 741436696691, 9201
741469212276, 741469221063, 8787
741535468333, 741535478074, 9741
741567668234, 741567676340, 8106
741634578418, 741634588504, 10086
741669240170, 741669251213, 11043
741733541604, 741733549860, 8256
741765489186, 741765499779, 10593
741832130929, 741832140652, 9723
741864271930, 741864282340, 10410
741930947080, 741930958000, 10920
741959721098, 741959728682, 7584
742029799752, 742029808482, 8730
742061695379, 742061702243, 6864
742128496744, 742128504742, 7998
742171323069, 742171330974, 7905
742227507845, 742227515369, 7524
742259956671, 742259963904, 7233
742325947633, 742325957371, 9738
742359087490, 742359095050, 7560
742424844758, 742424853722, 8964
742458226493, 742458239195, 12702
742524061392, 742524072558, 11166
742555090560, 742555098072, 7512
742622886234, 742622898324, 12090
742669229165, 742669237346, 8181
742721878536, 742721894193, 15657
742765372182, 742765380738, 8556
742820541681, 742820552169, 10488
742857188536, 742857196054, 7518
742919373691, 742919384812, 11121
742950838217, 742950844832, 6615
743018241427, 743018252179, 10752
743117029092, 743117038683, 9591
743149169433, 743149177833, 8400
743215928176, 743215938424, 10248
743248070072, 743248078322, 8250
743314765042, 743314776091, 11049
743356851053, 743356858619, 7566
743413666664, 743413677227, 10563
743447445997, 743447452381, 6384
743512480718, 743512490048, 9330
743545576515, 743545583529, 7014
743611298621, 743611308479, 9858
743644433068, 743644440268, 7200
743710174365, 743710187226, 12861
743742850442, 743742859634, 9192
743809071487, 743809081477, 9990
743841039352, 743841047581, 8229
743907836447, 743907844502, 8055
743953375979, 743953383014, 7035
744006540747, 744006549348, 8601
744038838159, 744038845593, 7434
744105316647, 744105323736, 7089
744142260443, 744142267406, 6963
744204361758, 744204371307, 9549
744237253239, 744237265176, 11937
744303425621, 744303432932, 7311
744332353391, 744332361278, 7887
744402195627, 744402203736, 8109
744435137350, 744435150763, 13413
744500846056, 744500855146, 9090
744532782309, 744532788984, 6675
744599722869, 744599730321, 7452
744634218274, 744634225666, 7392
744698479988, 744698490359, 10371
744734075388, 744734082498, 7110
744797409539, 744797419535, 9996
744829690869, 744829698915, 8046
744896200776, 744896210349, 9573
744927660505, 744927670117, 9612
744995321550, 744995330898, 9348
745026728676, 745026735681, 7005
745093876503, 745093885953, 9450
745127677298, 745127691272, 13974
745192694254, 745192703839, 9585
745234181937, 745234194054, 12117
745291579368, 745291590111, 10743
745322758002, 745322765055, 7053
745389991529, 745389999809, 8280
745436844006, 745436855040, 11034
745489509960, 745489519884, 9924
745518245367, 745518253440, 8073
745588087608, 745588096836, 9228
745621103780, 745621112231, 8451
745686979405, 745686989527, 10122
745718039680, 745718047402, 7722
745785799300, 745785809863, 10563
745820258958, 745820266689, 7731
745885504129, 745885510750, 6621
745917153724, 745917163918, 10194
745983453503, 745983464897, 11394
746018369431, 746018381833, 12402
746082482589, 746082490431, 7842
746181145293, 746181154461, 9168
746212835046, 746212848618, 13572
746280362918, 746280374309, 11391
746311395662, 746311402865, 7203
746378902820, 746378909114, 6294
746428238491, 746428249156, 10665
746493380491, 746493387106, 6615
746590452666, 746590459869, 7203
746689273154, 746689279421, 6267
746788094685, 746788101090, 6405
746886674136, 746886678513, 4377
746985583430, 746985588023, 4593
747084394549, 747084399064, 4515
747183148798, 747183153145, 4347
747281960238, 747281964444, 4206
747380800056, 747380804739, 4683
747479593897, 747479598160, 4263
747578478962, 747578485361, 6399
747677025539, 747677029727, 4188
747775881311, 747775885529, 4218
747874702338, 747874707870, 5532
747973277641, 747973283452, 5811
748072255528, 748072260823, 5295
748171112282, 748171118195, 5913
748269906793, 748269911107, 4314
748368715651, 748368723571, 7920
748467409165, 748467413566, 4401
748566007803, 748566012227, 4424
748664989928, 748664993735, 3807
748763828503, 748763833555, 5052
748848273494, 748848280589, 7095
748880940611, 748880947388, 6777
748947486122, 748947492800, 6678
748998127372, 748998136906, 9534
749046468337, 749046477933, 9596
749074614985, 749074622323, 7338
749145046467, 749145056091, 9624
749243867618, 749243876330, 8712
749273187825, 749273199057, 11232
749342626055, 749342636768, 10713
749372452768, 749372461159, 8391
749441760544, 749441767678, 7134
749471644089, 749471651598, 7509
749540120310, 749540127051, 6741
749573972655, 749573979537, 6882
749638747185, 749638755390, 8205
749687246877, 749687256816, 9939
749737813421, 749737824014, 10593
749768338637, 749768345840, 7203
749836881260, 749836890932, 9672
749872270036, 749872277806, 7770
749935591826, 749935600610, 8784
749979281321, 749979289430, 8109
750034275101, 750034284584, 9483
750062975035, 750062983063, 8028
750132960358, 750132969367, 9009
750163270782, 750163281948, 11166
750231772833, 750231778995, 6162
750260875693, 750260884420, 8727
750330448972, 750330458593, 9621
750361517355, 750361527555, 10200
750429329345, 750429337448, 8103
750458779003, 750458785627, 6624
750528092189, 750528101477, 9288
750583457008, 750583467511, 10503
750626933371, 750626944207, 10836
750659860799, 750659869184, 8385
750725986275, 750725996251, 9976
750763778593, 750763786279, 7686
750824342214, 750824352762, 10548
750866394194, 750866407235, 13041
750923263450, 750923273818, 10368
750957409872, 750957418128, 8256
751022308631, 751022317568, 8937
751068246982, 751068254986, 8004
751121073642, 751121082264, 8622
751156005160, 751156013077, 7917
751219678584, 751219689252, 10668
751256614875, 751256622588, 7713
751318486418, 751318496030, 9612
751357761529, 751357769920, 8391
751417258284, 751417267548, 9264
751447526457, 751447534392, 7935
751515868224, 751515874509, 6285
751550163446, 751550171078, 7632
751615105779, 751615116543, 10764
751660480456, 751660487593, 7137
751713291644, 751713297539, 5895
751745390614, 751745400556, 9942
751811895906, 751811904071, 8165
751857210080, 751857219158, 9078
751910661728, 751910667823, 6095
751940902653, 751940909622, 6969
752009963551, 752009968480, 4929
752062178562, 752062187028, 8466
752108139287, 752108143613, 4326
752155386511, 752155396021, 9510
752207294633, 752207300006, 5373
752306080622, 752306088008, 7386
752357276625, 752357290620, 13995
752404669190, 752404674452, 5262
752437608089, 752437616486, 8397
752503725592, 752503730749, 5157
752543384601, 752543392269, 7668
752616663057, 752616667545, 4488
752715677288, 752715683846, 6558
752814051380, 752814056318, 4938
752913130359, 752913134472, 4113
753011823345, 753011827113, 3768
753110622098, 753110627438, 5340
753209473015, 753209477629, 4614
753308244814, 753308250265, 5451
753406962497, 753406966685, 4188
753505776007, 753505780711, 4704
753604604249, 753604608683, 4434
753703216103, 753703227098, 10995
753802194213, 753802198494, 4281
753901003896, 753901011093, 7197
753999744862, 753999749299, 4437
754098502241, 754098506423, 4182
754197406947, 754197411615, 4668
754296164861, 754296168944, 4083
754395040402, 754395045070, 4668
754493749931, 754493754338, 4407
754592519538, 754592524008, 4470
754691316383, 754691320439, 4056
754790131251, 754790135835, 4584
754888923682, 754888928440, 4758
754987732786, 754987743535, 10749
755086516289, 755086522286, 5997
755185444980, 755185452153, 7173
755284220398, 755284224949, 4551
755315941711, 755315947909, 6198
755383252160, 755383256462, 4302
755481461922, 755481468648, 6726
755580465832, 755580470200, 4368
755679252030, 755679256038, 4008
755778042480, 755778047223, 4743
755877051094, 755877063556, 12462
755975614703, 755975619248, 4545
756074418109, 756074422483, 4374
756173170086, 756173174085, 3999
756271999446, 756272003325, 3879
756370841640, 756370851606, 9966
756469609462, 756469616398, 6936
756568370045, 756568374752, 4707
756667178395, 756667183084, 4689
756765963060, 756765967575, 4515
756864752333, 756864756494, 4161
756963512136, 756963516627, 4491
757062335213, 757062339428, 4215
757160995625, 757161007124, 11499
757259958098, 757259962094, 3996
757358803961, 757358809022, 5061
757400050799, 757400058992, 8193
757457273401, 757457276734, 3333
757556264639, 757556268971, 4332
757655065895, 757655070707, 4812
757753859919, 757753865733, 5814
757852908632, 757852918265, 9633
757951449908, 757951454135, 4227
758050218565, 758050223044, 4479
758163364122, 758163370092, 5970
758247869771, 758247873905, 4134
758346607001, 758346611855, 4854
758445436821, 758445441174, 4353
758544427516, 758544433834, 6318
758642984353, 758642989615, 5262
758741790260, 758741794523, 4263
758840533437, 758840537640, 4203
758939267408, 758939278232, 10824
758985461217, 758985468474, 7257
759038342260, 759038347942, 5682
759137042466, 759137046819, 4353
759235877963, 759235882577, 4614
759334564315, 759334569028, 4713
759433311831, 759433315956, 4125
759532110360, 759532114362, 4002
759630935177, 759630939470, 4293
759729786897, 759729792456, 5559
759828515410, 759828519511, 4101
759927315930, 759927320778, 4848
760026103799, 760026107759, 3960
760124865945, 760124870277, 4332
760223687227, 760223691325, 4098
760322487616, 760322492368, 4752
760421269373, 760421273564, 4191
760520242058, 760520248691, 6633
760618901856, 760618906095, 4239
760717441991, 760717453712, 11721
760816446905, 760816451600, 4695
760915239712, 760915244044, 4332
761014026384, 761014031160, 4776
761112790897, 761112795226, 4329
761211555577, 761211560032, 4455
761310392760, 761310400002, 7242
761409122536, 761409126475, 3939
761507939932, 761507944825, 4893
761606751342, 761606755503, 4161
761705560370, 761705566019, 5649
761804331219, 761804335245, 4026
761903154506, 761903158904, 4398
762001942766, 762001948808, 6042
762100702209, 762100706169, 3960
762199453770, 762199474659, 20889
762298390378, 762298394983, 4605
762397112482, 762397116730, 4248
762495915127, 762495920083, 4956
762594498696, 762594507114, 8418
762693391913, 762693396482, 4569
762792270464, 762792275687, 5223
762891039483, 762891044382, 4899
762989703259, 762989707645, 4386
763088803585, 763088809183, 5598
763187426608, 763187431024, 4416
763287005043, 763287022482, 17439
763385026651, 763385031052, 4401
763483835700, 763483840098, 4398
763582609918, 763582614355, 4437
763681366928, 763681371005, 4077
763780095274, 763780103503, 8229
763878776625, 763878786234, 9609
763977717763, 763977721762, 3999
764076544550, 764076549275, 4725
764175365278, 764175369358, 4080
764274128369, 764274132731, 4362
764373167157, 764373179847, 12690
764471641158, 764471645184, 4026
764570481404, 764570485265, 3861
764669298230, 764669302538, 4308
764768105729, 764768112020, 6291
764866893925, 764866898032, 4107
764965675762, 764965679830, 4068
765064519284, 765064524885, 5601
765163376979, 765163381698, 4719
765261879425, 765261888362, 8937
765360825598, 765360829819, 4221
765459660205, 765459664417, 4212
765558450634, 765558454726, 4092
765657250645, 765657255211, 4566
765756008738, 765756012737, 3999
765854801805, 765854806782, 4977
765953616493, 765953621089, 4596
766052377098, 766052382291, 5193
766151112505, 766151116753, 4248
766249964316, 766249969590, 5274
766348761086, 766348766042, 4956
766447547627, 766447552235, 4608
766546328834, 766546333289, 4455
766645298158, 766645305382, 7224
766743894365, 766743899126, 4761
766842553600, 766842560551, 6951
766941536804, 766941540878, 4074
767040332955, 767040338310, 5355
767139221542, 767139227449, 5907
767238009928, 767238015463, 5535
767336706205, 767336711458, 5253
767435572226, 767435577698, 5472
767534351251, 767534357482, 6231
767567928512, 767567934911, 6399
767633081739, 767633089137, 7398
767830618910, 767830623251, 4341
767859451007, 767859459341, 8334
767929443576, 767929450623, 7047
768028282968, 768028286970, 4002
768126859098, 768126862848, 3750
768225793813, 768225799384, 5571
768324441574, 768324445591, 4017
768423381473, 768423386147, 4674
768521969794, 768521976364, 6570
768620982641, 768620987297, 4656
768719751083, 768719755586, 4503
768818542085, 768818546999, 4914
768917371328, 768917375471, 4143
769016126249, 769016130425, 4176
769119961382, 769119969746, 8364
769213697958, 769213703517, 5559
769312717420, 769312724830, 7410
769411237342, 769411241557, 4215
769510014031, 769510018807, 4776
769608937247, 769608942188, 4941
769707739542, 769707743451, 3909
769806502502, 769806505904, 3402
769905279685, 769905283465, 3780
770003899831, 770003906923, 7092
770102889247, 770102893021, 3774
770201680892, 770201687687, 6795
770300526712, 770300534764, 8052
770399202475, 770399207197, 4722
770498117061, 770498127489, 10428
770596929576, 770596934613, 5037
770638114739, 770638125905, 11166
770695612166, 770695618727, 6561
770794406928, 770794411587, 4659
770893340949, 770893345620, 4671
770991996683, 770992002062, 5379
771090716865, 771090721122, 4257
771189574035, 771189579135, 5100
771288386982, 771288391350, 4368
771386949254, 771386956799, 7545
771485898740, 771485903378, 4638
771584789693, 771584794424, 4731
771683520340, 771683524897, 4557
771782309875, 771782314309, 4434
771881193339, 771881198481, 5142
771979911601, 771979915807, 4206
772078683680, 772078689239, 5559
772177299357, 772177303047, 3690
772276254199, 772276258369, 4170
772374886427, 772374889835, 3408
772473859627, 772473865453, 5826
772572680079, 772572686199, 6120
772671474716, 772671479324, 4608
772770064656, 772770073905, 9249
772868990923, 772868995309, 4386
772967784094, 772967789314, 5220
773066687952, 773066692530, 4578
773165414172, 773165418162, 3990
773264199853, 773264204566, 4713
773363024125, 773363029111, 4986
773461797823, 773461802125, 4302
773560613827, 773560618126, 4299
773659148114, 773659154630, 6516
773693996862, 773694004938, 8076
773758166236, 773758170163, 3927
773856989884, 773856994231, 4347
773955683939, 773955688163, 4224
774054542774, 774054547136, 4362
774153120103, 774153126337, 6234
774252129106, 774252134026, 4920
774350872051, 774350876416, 4365
774449694276, 774449698959, 4683
774548626279, 774548630863, 4584
774647273882, 774647278040, 4158
774746280331, 774746286121, 5790
774844820103, 774844825785, 5682
774943836227, 774943843313, 7086
775042457435, 775042462061, 4626
775141219915, 775141224130, 4215
775240069053, 775240074516, 5463
775338859784, 775338867143, 7359
775437441712, 775437453457, 11745
775536418556, 775536422540, 3984
775636096760, 775636102022, 5262
775733962105, 775733966023, 3918
775832885186, 775832889683, 4497
775931547174, 775931552214, 5040
776030368091, 776030372345, 4254
776132623287, 776132630097, 6810
776227720700, 776227725287, 4587
776326701748, 776326706431, 4683
776425520234, 776425524479, 4245
776524293597, 776524297740, 4143
776634028756, 776634046927, 18171
776721879640, 776721884725, 5085
776749320432, 776749326840, 6408
776820671508, 776820675789, 4281
776919298059, 776919306192, 8133
777018280010, 777018284306, 4296
777117084612, 777117088605, 3993
777215848095, 777215852610, 4515
777314632395, 777314637435, 5040
777413428099, 777413432644, 4545
777512270002, 777512274130, 4128
777611141328, 777611147456, 6128
777709844549, 777709849712, 5163
777808579666, 777808583947, 4281
777907494715, 777907499308, 4593
778006190010, 778006194171, 4161
778105120162, 778105124446, 4284
778203840094, 778203844231, 4137
778302411604, 778302417868, 6264
778387053079, 778387061878, 8799
778431572365, 778431581620, 9255
778486013999, 778486017812, 3813
778516593997, 778516601041, 7044
778584855026, 778584861701, 6675
778625682392, 778625689808, 7416
778683823694, 778683834422, 10728
778712191771, 778712201473, 9702
778782609516, 778782617079, 7563
778822751671, 778822759732, 8061
778881590751, 778881599178, 8427
778922395976, 778922403482, 7506
778980202762, 778980212809, 10047
779008023577, 779008030630, 7053
779079182458, 779079190900, 8442
779114882020, 779114888686, 6666
779178070106, 779178079310, 9204
779216194287, 779216202264, 7977
779276796757, 779276804014, 7257
779316206748, 779316214365, 7617
779375373357, 779375383389, 10032
779416656639, 779416664832, 8193
779474142042, 779474153940, 11898
779509214541, 779509221564, 7023
779572681721, 779572692311, 10590
779617762366, 779617772293, 9927
779672200737, 779672209215, 8478
779705169168, 779705176077, 6909
779770693644, 779770703144, 9500
779814161792, 779814169592, 7800
779869648636, 779869658491, 9855
779904893565, 779904903771, 10206
779967837051, 779967847431, 10380
779998442965, 779998451284, 8319
780067083367, 780067090966, 7599
780096041324, 780096054383, 13059
780165691033, 780165701257, 10224
780194739488, 780194747612, 8124
780264450896, 780264460766, 9870
780292858261, 780292865569, 7308
780363274218, 780363284367, 10149
780392846032, 780392853040, 7008
780462109837, 780462116335, 6498
780501947817, 780501956253, 8436
780560877009, 780560886186, 9177
780590473698, 780590486403, 12705
780659647064, 780659655872, 8808
780688402444, 780688410856, 8412
780758630558, 780758638592, 8034
780790775047, 780790784272, 9225
780856865957, 780856873700, 7743
780885859444, 780885866638, 7194
780955892271, 780955902534, 10263
780986859615, 780986868003, 8388
781054847513, 781054856756, 9243
781093403238, 781093411833, 8595
781153569384, 781153574478, 5094
781185204832, 781185216226, 11394
781252501371, 781252513401, 12030
781283063137, 781283070166, 7029
781351229429, 781351236647, 7218
781382726111, 781382743304, 17193
781449979103, 781449987416, 8313
781478790662, 781478797652, 6990
781548735255, 781548744543, 9288
781578383306, 781578389774, 6468
781647811680, 781647820263, 8583
781677741504, 781677752529, 11025
781746721490, 781746731231, 9741
781776941856, 781776949764, 7908
781845069052, 781845077119, 8067
781881644140, 781881651463, 7323
781943941197, 781943951070, 9873
781975666801, 781975675981, 9180
782042724062, 782042733617, 9555
782084172478, 782084179573, 7095
782141518687, 782141527969, 9282
782171496557, 782171504045, 7488
782240102258, 782240109821, 7563
782268601999, 782268610255, 8256
782339158484, 782339167802, 9318
782385396096, 782385405240, 9144
782437886710, 782437897306, 10596
782477972086, 782477979937, 7851
782536688655, 782536698582, 9927
782565815440, 782565822196, 6756
782635402288, 782635411834, 9546
782668910184, 782668917507, 7323
782734306168, 782734315891, 9723
782772927551, 782772936233, 8682
782833077760, 782833088200, 10440
782878635339, 782878642833, 7494
782931855785, 782931866192, 10407
782964628151, 782964636914, 8763
783030640841, 783030649988, 9147
783060033437, 783060041603, 8166
783129442178, 783129451151, 8973
783160402682, 783160410683, 8001
783228139693, 783228150526, 10833
783257268901, 783257276365, 7464
783327020658, 783327031278, 10620
783356652073, 783356660794, 8721
783425813855, 783425823578, 9723
783456602659, 783456609850, 7191
783524568140, 783524574734, 6594
783560258089, 783560266603, 8514
783623433108, 783623441874, 8766
783655107820, 783655115530, 7710
783722326208, 783722337530, 11322
783765509992, 783765518980, 8988
783821072843, 783821084792, 11949
783849768895, 783849776350, 7455
783919768641, 783919777371, 8730
783953869275, 783953877210, 7935
784018544118, 784018553547, 9429
784049018140, 784049025430, 7290
784117341065, 784117351449, 10384
784147943947, 784147951105, 7158
784216147848, 784216157517, 9669
784257513955, 784257522100, 8145
784314542129, 784314549137, 7008
784356613632, 784356621030, 7398
784413375289, 784413384046, 8757
784511915552, 784511923553, 8001
784513572155, 784513574102, 1947
784513593659, 784513594673, 1014
784559957828, 784559977055, 19227
784611091677, 784611100386, 8709
784640257556, 784640265779, 8223
784709742529, 784709752372, 9843
784741563207, 784741571310, 8103
784808886364, 784808893102, 6738
784839402590, 784839409454, 6864
784907477677, 784907486449, 8772
784957665914, 784957674692, 8778
785005893941, 785005899221, 5280
785034983698, 785034993736, 10038
785105009607, 785105017317, 7710
785145605449, 785145615916, 10467
785203772322, 785203780653, 8331
785250805367, 785250814601, 9234
785302509522, 785302517022, 7500
785352403182, 785352412386, 9204
785401373790, 785401381740, 7950
785454222065, 785454232724, 10659
785500148848, 785500155265, 6417
785539549628, 785539560245, 10617
785613980438, 785613987551, 7113
785697403675, 785697408778, 5103
785712516572, 785712525893, 9321
785796438138, 785796445863, 7725
785810764640, 785810768732, 4092
785853404723, 785853411371, 6648
785909748619, 785909756875, 8256
785938261016, 785938267889, 6873
786008315327, 786008320583, 5256
786106915732, 786106922953, 7221
786205916579, 786205921328, 4749
786290429339, 786290436683, 7344
786319762498, 786319769638, 7140
786389582365, 786389586940, 4575
786420868288, 786420875116, 6828
786488356441, 786488366032, 9591
786520821775, 786520839400, 17625
786586932924, 786586941450, 8526
786615286045, 786615294148, 8103
786685836812, 786685845743, 8931
786723344512, 786723352090, 7578
786784549708, 786784559413, 9705
786813859959, 786813868410, 8451
786883553741, 786883564118, 10377
786920162860, 786920169547, 6687
786982332402, 786982341096, 8694
787018619405, 787018631699, 12294
787081174799, 787081183481, 8682
787121045842, 787121054581, 8739
787179929089, 787179938170, 9081
787217041504, 787217054095, 12591
787278657481, 787278666055, 8574
787307775790, 787307782402, 6612
787377513556, 787377523573, 10017
787411706432, 787411717148, 10716
787476345509, 787476351923, 6414
787505569681, 787505576551, 6870
787575077354, 787575085952, 8598
787620207463, 787620216220, 8757
787673874667, 787673883919, 9252
787704465837, 787704473268, 7431
787772653525, 787772662769, 9244
787805377254, 787805394465, 17211
787871327474, 787871335892, 8418
787916178459, 787916189988, 11529
787969906879, 787969915102, 8223
787999266064, 787999273456, 7392
788069094858, 788069108235, 13377
788112089085, 788112096528, 7443
788167945317, 788167955094, 9777
788202636183, 788202645114, 8931
788266593081, 788266602606, 9525
788303251326, 788303259957, 8631
788365088972, 788365096106, 7134
788405659465, 788405666047, 6582
788464132582, 788464138975, 6393
788512210615, 788512226431, 15816
788562492031, 788562501037, 9006
788604006013, 788604014512, 8499
788661469602, 788661481137, 11535
788694459976, 788694469054, 9078
788760424909, 788760434626, 9717
788792268273, 788792275572, 7299
788859236378, 788859245030, 8652
788888232594, 788888239230, 6636
788957862440, 788957870780, 8340
789056966272, 789056976025, 9753
789086728109, 789086738399, 10290
789155764440, 789155776725, 12285
789186161237, 789186167951, 6714
789254262406, 789254269003, 6597
789305351802, 789305360820, 9018
789352657552, 789352662643, 5091
789381880677, 789381888138, 7461
789452130482, 789452139548, 9066
789499811828, 789499820909, 9081
789550909405, 789550917820, 8415
789589826087, 789589836473, 10386
789649718119, 789649726315, 8196
789690314038, 789690322048, 8010
789748498929, 789748508853, 9924
789781671425, 789781679222, 7797
789847334625, 789847344081, 9456
789946099030, 789946109086, 10056
789979923439, 789979930309, 6870
790044861517, 790044871378, 9861
790075453883, 790075464830, 10947
790143720911, 790143732987, 12076
790185030763, 790185037867, 7104
790242245879, 790242254255, 8376
790273222622, 790273229858, 7236
790341219453, 790341229386, 9933
790381765815, 790381773834, 8019
790440026223, 790440036129, 9906
790478053878, 790478062869, 8991
790538813980, 790538824966, 10986
790578244550, 790578252803, 8253
790637594989, 790637605753, 10764
790668496985, 790668503663, 6678
790736287963, 790736296243, 8280
790771184408, 790771195562, 11154
790835191272, 790835202138, 10866
790865811591, 790865819766, 8175
790933973891, 790933984244, 10353
790962353824, 790962361003, 7179
791032786419, 791032795926, 9507
791065366218, 791065372458, 6240
791131556458, 791131567192, 10734
791160063709, 791160071467, 7758
791229940476, 791229950196, 9720
791266755800, 791266768814, 13014
791328932200, 791328939346, 7146
791358331228, 791358339463, 8235
791427937022, 791427947048, 10026
791482830743, 791482839203, 8460
791526721746, 791526732867, 11121
791557246209, 791557253694, 7485
791625268893, 791625276628, 7735
791661097371, 791661105084, 7713
791724301454, 791724311495, 10041
791752945276, 791752952881, 7605
791823113363, 791823123800, 10437
791854639470, 791854653978, 14508
791921992896, 791922006027, 13131
791950982948, 791950989704, 6756
792020720612, 792020728142, 7530
792066144170, 792066152759, 8589
792119472227, 792119482475, 10248
792148692988, 792148699408, 6420
792218360514, 792218371227, 10713
792246490077, 792246497700, 7623
792316689970, 792316698031, 8061
792346547172, 792346556667, 9495
792415842584, 792415852214, 9630
792446793105, 792446801355, 8250
792514522087, 792514530517, 8430
792545940892, 792545948713, 7821
792613425600, 792613437867, 12267
792642176802, 792642184236, 7434
792711940251, 792711950439, 10188
792744623919, 792744632151, 8232
792810704309, 792810715241, 10932
792854186900, 792854201621, 14721
792909827314, 792909836473, 9159
792938522507, 792938530238, 7731
793008434382, 793008443382, 9000
793052490947, 793052499767, 8820
793107459179, 793107468989, 9810
793143391200, 793143399069, 7869
793206196096, 793206205594, 9498
793245307925, 793245316091, 8166
793304999026, 793305009199, 10173
793337496842, 793337503967, 7125
793403768883, 793403779926, 11043
793444814178, 793444822035, 7857
793502577846, 793502587755, 9909
793532546112, 793532552769, 6657
793601361591, 793601372391, 10800
793634282318, 793634289071, 6753
793700161019, 793700169776, 8757
793739172418, 793739179798, 7380
793798969228, 793798978741, 9513
793829430623, 793829436839, 6216
793897741132, 793897749913, 8781
793930244653, 793930252717, 8064
793996532531, 793996542062, 9531
794025732264, 794025739110, 6846
794095357162, 794095366456, 9294
794134264691, 794134276688, 11997
794194163485, 794194172194, 8709
794226974508, 794226981171, 6663
794292862437, 794292872109, 9672
794321334223, 794321341102, 6879
794391703782, 794391713811, 10029
794425699230, 794425706106, 6876
794490444658, 794490454090, 9432
794519341945, 794519349652, 7707
794589287832, 794589298935, 11103
794629372016, 794629380098, 8082
794688089973, 794688100677, 10704
794716717150, 794716723909, 6759
794786867415, 794786876697, 9282
794817287349, 794817294822, 7473
794885437834, 794885445787, 7953
794915215651, 794915225341, 9690
794984246715, 794984253189, 6474
795020043446, 795020050520, 7074
795083247920, 795083258054, 10134
795124606980, 795124616439, 9459
795182042771, 795182054711, 11940
795224393660, 795224401886, 8226
795280710756, 795280720359, 9603
795319826990, 795319841906, 14916
795379663731, 795379672944, 9213
795412214860, 795412223320, 8460
795478423547, 795478432619, 9072
795509451748, 795509459110, 7362
795577211475, 795577220841, 9366
795620813084, 795620822135, 9051
795675746495, 795675754541, 8046
795704000137, 795704008177, 8040
795774805063, 795774814534, 9471
795803346054, 795803353092, 7038
795873361262, 795873370322, 9060
795920053836, 795920066040, 12204
795972376161, 795972386949, 10788
796001271468, 796001278413, 6945
796071186712, 796071197368, 10656
796100838615, 796100848176, 9561
796169993721, 796170004302, 10581
796203393669, 796203407022, 13353
796268468729, 796268475338, 6609
796300451314, 796300459327, 8013
796367372400, 796367379645, 7245
796399671742, 796399678621, 6879
796466267482, 796466276182, 8700
796503653001, 796503660780, 7779
796565137528, 796565147533, 10005
796596703085, 796596713684, 10599
796663572640, 796663583647, 11007
796708295116, 796708301875, 6759
796762679122, 796762688401, 9279
796792500476, 796792509854, 9378
796861476672, 796861487772, 11100
796890900878, 796890907478, 6600
796960594655, 796960603229, 8574
796999670143, 796999679998, 9855
797059050992, 797059060880, 9888
797098011383, 797098021244, 9861
797157845038, 797157855550, 10512
797190211160, 797190218099, 6939
797256645554, 797256656141, 10587
797290382707, 797290401550, 18843
797355407906, 797355421634, 13728
797402117475, 797402125809, 8334
797454197103, 797454207213, 10110
797489590565, 797489598518, 7953
797553032816, 797553042911, 10095
797595546379, 797595553570, 7191
797651480594, 797651490143, 9549
797680054046, 797680061810, 7764
797750603827, 797750612785, 8958
797796502636, 797796511036, 8400
797849407472, 797849418458, 10986
797880090773, 797880097826, 7053
797948217411, 797948227812, 10401
797977473032, 797977480793, 7761
798047000625, 798047010663, 10038
798076760501, 798076770749, 10248
798145922413, 798145932787, 10374
798244326853, 798244332292, 5439
798292740913, 798292750120, 9207
798343385058, 798343396440, 11382
798383429486, 798383439821, 10335
798441802041, 798441809356, 7315
798477274265, 798477283403, 9138
798540691384, 798540696256, 4872
798580681950, 798580688772, 6822
798639745118, 798639755933, 10815
798680799741, 798680808087, 8346
798738626041, 798738639094, 13053
798787714071, 798787724070, 9999
798837335587, 798837346846, 11259
798870512162, 798870521021, 8859
798936116061, 798936126426, 10365
798972514378, 798972526552, 12174
799034909295, 799034919477, 10182
799063288657, 799063296592, 7935
799133722616, 799133731163, 8547
799163079496, 799163088124, 8628
799232583662, 799232595794, 12132
799261597157, 799261611029, 13872
799331073603, 799331081607, 8004
799363654245, 799363662909, 8664
799430102673, 799430109978, 7305
799461888475, 799461896578, 8103
799528871639, 799528880408, 8769
799573163459, 799573170833, 7374
799627720205, 799627729679, 9474
799662084648, 799662093873, 9225
799726465562, 799726474901, 9339
799755535069, 799755544084, 9015
799824988618, 799824997156, 8538
799856849184, 799856856852, 7668
799923958164, 799923968850, 10686
800022814150, 800022822958, 8808
800051371718, 800051379386, 7668
800121446359, 800121456232, 9873
800165518382, 800165528984, 10602
800220343212, 800220352236, 9024
800248622304, 800248629951, 7647
800319029848, 800319038899, 9051
800367051272, 800367061700, 10428
800418107789, 800418117545, 9756
800452237069, 800452245895, 8826
800516813723, 800516824079, 10356
800559017876, 800559026567, 8691
800615645511, 800615743210, 97699
800647139306, 800647146746, 7440
800714368104, 800714378844, 10740
800743433889, 800743441902, 8013
800813072505, 800813082219, 9714
800853046546, 800853053692, 7146
800911971687, 800911980768, 9081
800949284298, 800949292401, 8103
801010756456, 801010765291, 8835
801109547936, 801109558022, 10086
801142386406, 801142394482, 8076
801208326416, 801208336016, 9600
801260337604, 801260346889, 9285
801307127865, 801307137972, 10107
801343332848, 801343340483, 7635
801405596291, 801405605054, 8763
801441114929, 801441123134, 8205
801504716837, 801504726182, 9345
801540897659, 801540906329, 8670
801603521111, 801603530723, 9612
801632916521, 801632923751, 7230
801702025984, 801702033139, 7155
801744121806, 801744130272, 8466
801801107050, 801801116920, 9870
801830169426, 801830177337, 7911
801900039132, 801900055149, 16017
801937764579, 801937773540, 8961
801998776489, 801998790559, 14070
802042005550, 802042013311, 7761
802097474082, 802097483361, 9279
802135360675, 802135367713, 7038
802196332851, 802196342007, 9156
802233011328, 802233019107, 7779
802295129704, 802295138518, 8814
802331020760, 802331029673, 8913
802393851310, 802393861183, 9873
802428819808, 802428826135, 6327
802492644164, 802492653230, 9066
802540198125, 802540204854, 6729
802591449849, 802591459446, 9597
802627289088, 802627296753, 7665
802689891631, 802689898046, 6415
802729948368, 802729961574, 13206
802788982842, 802788992328, 9486
802824505149, 802824512703, 7554
802887809691, 802887818814, 9123
802923466142, 802923473891, 7749
802986612585, 802986622005, 9420
803027452997, 803027460680, 7683
803085404946, 803085415406, 10460
803125896093, 803125904496, 8403
803184228094, 803184237151, 9057
803213686792, 803213696926, 10134
803283010970, 803283020489, 9519
803311250616, 803311262673, 12057
803381778249, 803381788239, 9990
803414057867, 803414064761, 6894
803480527035, 803480536812, 9777
803512962696, 803512969908, 7212
803579375357, 803579385095, 9738
803614442778, 803614451430, 8652
803678162604, 803678172588, 9984
803722529796, 803722540006, 10210
803776938808, 803776947529, 8721
803811809643, 803811817596, 7953
803876067496, 803876075944, 8448
803911654880, 803911663214, 8334
803974426506, 803974433982, 7476
804009199561, 804009207667, 8106
804073334326, 804073343887, 9561
804109981812, 804109989345, 7533
804172018501, 804172028110, 9609
804218657839, 804218665963, 8124
804270967255, 804270974818, 7563
804322278336, 804322287813, 9477
804369729443, 804369740789, 11346
804398585413, 804398592442, 7029
804468578095, 804468592162, 14067
804524203300, 804524214253, 10953
804567290948, 804567301214, 10266
804597023896, 804597032233, 8337
804666097719, 804666106548, 8829
804697795109, 804697802912, 7803
804764878845, 804764888814, 9969
804800818350, 804800827908, 9558
804863652140, 804863663666, 11526
804902551497, 804902560026, 8529
804962483991, 804962493009, 9018
805003201692, 805003210986, 9294
805061240697, 805061251107, 10410
805101431616, 805101444627, 13011
805160032208, 805160041187, 8979
805197164089, 805197173122, 9033
805258604383, 805258612183, 7800
805289562170, 805289571377, 9207
805357429755, 805357439112, 9357
805402898452, 805402909492, 11040
805456394653, 805456404679, 10026
805486110982, 805486117846, 6864
805555109248, 805555119577, 10329
805595937122, 805595946164, 9042
805653991246, 805654000192, 8946
805685271870, 805685278830, 6960
805752770426, 805752779483, 9057
805799725733, 805799733728, 7995
805851155391, 805851160188, 4797
805881637474, 805881644725, 7251
805950359168, 805950370598, 11430
805978899128, 805978907117, 7989
806049127892, 806049138128, 10236
806086653128, 806086661219, 8091
806147929898, 806147939843, 9945
806177900954, 806177908952, 7998
806246511066, 806246519148, 8082
806303043990, 806303051850, 7860
806344867017, 806344873737, 6720
806387804281, 806387813041, 8760
806444339053, 806444348464, 9411
806487240858, 806487248955, 8097
806543086834, 806543096386, 9552
806575667347, 806575674937, 7590
806641887674, 806641897676, 10002
806674852249, 806674865038, 12789
806740694335, 806740703317, 8982
806771457969, 806771464929, 6960
806839488347, 806839498475, 10128
806873269073, 806873277293, 8220
806937963585, 806937973968, 10383
806979821481, 806979829278, 7797
807037082256, 807037092078, 9822
807135590070, 807135623148, 33078
807178196487, 807178204059, 7572
807234897542, 807234906986, 9444
807267408811, 807267418015, 9204
807333517196, 807333526802, 9606
807432291100, 807432300202, 9102
807462572010, 807462581784, 9774
807531084044, 807531092702, 8658
807564167409, 807564176208, 8799
807629839051, 807629847574, 8523
807662268962, 807662275709, 6747
807728624669, 807728644352, 19683
807762280392, 807762289053, 8661
807827539347, 807827550642, 11295
807866130528, 807866143989, 13461
807926115370, 807926122066, 6696
807955284914, 807955294526, 9612
808024976141, 808024984730, 8589
808061036865, 808061045085, 8220
808123433606, 808123442510, 8904
808158395011, 808158403120, 8109
808222298378, 808222309532, 11154
808267115513, 808267126040, 10527
808321114990, 808321123723, 8733
808353193295, 808353200726, 7431
808420153302, 808420162410, 9108
808456604685, 808456612422, 7737
808518962872, 808518971782, 8910
808546670371, 808546677136, 6765
808617739936, 808617749788, 9852
808649918766, 808649927313, 8547
808716540284, 808716550637, 10353
808744737862, 808744745311, 7449
808814872716, 808814880471, 7755
808858258984, 808858266718, 7734
808914180483, 808914189648, 9165
808943203311, 808943212605, 9294
809012927162, 809012937851, 10689
809041944690, 809041951665, 6975
809111703015, 809111712972, 9957
809145463192, 809145470077, 6885
809210520915, 809210530488, 9573
809238462146, 809238469376, 7230
809309255725, 809309264485, 8760
809352322271, 809352329726, 7455
809408081774, 809408092742, 10968
809445868884, 809445877863, 8979
809506838108, 809506847726, 9618
809545212807, 809545220853, 8046
809605645997, 809605655099, 9102
809653065284, 809653073060, 7776
809704159548, 809704165608, 6060
809751759018, 809751768819, 9801
809817123202, 809817127138, 3936
809916014101, 809916019867, 5766
810014533706, 810014537840, 4134
810113643064, 810113650594, 7530
810212331274, 810212337136, 5862
810311145972, 810311150937, 4965
810409897839, 810409902009, 4170
810508711903, 810508717444, 5541
810607495371, 810607500087, 4716
810706298629, 810706306018, 7389
810805113100, 810805117555, 4455
810903882532, 810903888154, 5622
811002699279, 811002704712, 5433
811101482995, 811101486871, 3876
811200341311, 811200350524, 9213
811299043537, 811299049237, 5700
811397746444, 811397757079, 10635
811496660690, 811496666687, 5997
811595272574, 811595284535, 11961
811694243468, 811694247476, 4008
811793030971, 811793035147, 4176
811891869769, 811891876798, 7029
811990697629, 811990702105, 4476
812089417315, 812089423699, 6384
812188194784, 812188199887, 5103
812286968005, 812286972130, 4125
812385805885, 812385810316, 4431
812484537386, 812484542759, 5373
812583367822, 812583372242, 4420
812681942359, 812681950552, 8193
812780958822, 812780966136, 7314
812879692898, 812879697230, 4332
812981334284, 812981342456, 8172
813077321232, 813077325732, 4500
813176121106, 813176125381, 4275
813274910610, 813274914822, 4212
813373671523, 813373675576, 4053
813472497304, 813472501534, 4230
813571091058, 813571101786, 10728
813670182225, 813670186266, 4041
813768844031, 813768849131, 5100
813867645067, 813867649825, 4758
813966430387, 813966435547, 5160
814065214960, 814065219130, 4170
814164022223, 814164026419, 4196
814262643004, 814262647243, 4239
814361619882, 814361623872, 3990
814460405081, 814460410748, 5667
814559175375, 814559180823, 5448
814657996293, 814658001858, 5565
814757924731, 814758079669, 154938
814855555500, 814855561107, 5607
814954378805, 814954383482, 4677
815053158589, 815053163038, 4449
815151943559, 815151948662, 5103
815250916382, 815250923021, 6639
815349741622, 815349748846, 7224
815448350265, 815448354711, 4446
815546943399, 815546952813, 9414
815645809545, 815645813670, 4125
815744742665, 815744747444, 4779
815843438062, 815843442484, 4422
815942261231, 815942266277, 5046
816140035612, 816140040925, 5313
816238641796, 816238647538, 5742
816337410313, 816337416289, 5976
816436233265, 816436237984, 4719
816535029373, 816535034224, 4851
816561382931, 816561389645, 6714
816633780836, 816633785282, 4446
816732652669, 816732656884, 4215
816831354226, 816831360835, 6609
816930206155, 816930210301, 4146
817028819838, 817028824665, 4827
817127825119, 817127831554, 6435
817226612879, 817226617643, 4764
817325372739, 817325377326, 4587
817424162820, 817424167146, 4326
817522734098, 817522741724, 7626
817621720895, 817621726127, 5232
817720527102, 817720531284, 4182
817819328987, 817819333151, 4164
817919042936, 817919057720, 14784
818016922480, 818016928588, 6108
818115855452, 818115859697, 4245
818214471282, 818214475461, 4179
818313257613, 818313261780, 4167
818412078484, 818412082540, 4056
818510833829, 818510838341, 4512
818609676884, 818609681576, 4692
818708464591, 818708468548, 3957
818807253892, 818807258329, 4437
818905992483, 818905996803, 4320
819004800945, 819004805268, 4323
819103586593, 819103591744, 5151
819202417941, 819202424439, 6498
819308564970, 819308579310, 14340
819399800681, 819399807593, 6912
819498774309, 819498778512, 4203
819597550855, 819597555892, 5037
819696313631, 819696317936, 4305
819795219697, 819795223564, 3867
819893953078, 819893957185, 4107
819992800591, 819992806078, 5487
820091544111, 820091549217, 5106
820190291879, 820190296277, 4398
820289182326, 820289187258, 4932
820387918334, 820387923284, 4950
820486800474, 820486807257, 6783
820585582754, 820585587653, 4899
820684264104, 820684267779, 3675
820783122401, 820783126382, 3981
820882002683, 820882008704, 6021
820981521307, 820981527436, 6129
821079461821, 821079467212, 5391
821178329426, 821178333956, 4530
821277113202, 821277117612, 4410
821375652641, 821375661302, 8661
821474631094, 821474635786, 4692
821573426888, 821573431643, 4755
821672231506, 821672236792, 5286
821770946405, 821770953188, 6783
821869760003, 821869763963, 3960
821968603786, 821968608934, 5148
822067378800, 822067383540, 4740
822166126529, 822166131098, 4569
822264961240, 822264965620, 4380
822363756694, 822363761665, 4971
822462538589, 822462543155, 4566
822561341375, 822561345647, 4272
822660125352, 822660129597, 4245
822690473170, 822690479302, 6132
822758875719, 822758879721, 4002
822857819918, 822857825762, 5844
822956475050, 822956479544, 4494
823055244285, 823055249037, 4752
823154087838, 823154091927, 4089
823252793642, 823252797998, 4356
823351481804, 823351489088, 7284
823450466529, 823450471512, 4983
823549250048, 823549254308, 4260
823648037388, 823648043106, 5718
823746827781, 823746832461, 4680
823845807245, 823845815744, 8499
823944466055, 823944470294, 4239
824043155819, 824043160340, 4521
824141989600, 824141995435, 5835
824240756619, 824240760546, 3927
824339704802, 824339711111, 6309
824438347943, 824438353088, 5145
824537035029, 824537039085, 4056
824635962340, 824635969609, 7269
824734748920, 824734753402, 4482
824833865616, 824833872063, 6447
824932298458, 824932302817, 4359
825031037361, 825031041888, 4527
825129941847, 825129946995, 5148
825228715391, 825228719552, 4161
825327338183, 825327350672, 12489
825426346018, 825426350713, 4695
825525031345, 825525035500, 4155
825623831797, 825623836054, 4257
825722668038, 825722672370, 4332
825821446158, 825821451922, 5764
825920218504, 825920222905, 4401
826019049242, 826019053649, 4407
826117810459, 826117814362, 3903
826216619140, 826216623385, 4245
826315429940, 826315434020, 4080
826414165363, 826414169518, 4155
826512963956, 826512969821, 5865
826611748833, 826611754284, 5451
826710592005, 826710596877, 4872
826809402568, 826809407587, 5019
826908141924, 826908146469, 4545
827006754857, 827006761508, 6651
827105783864, 827105789332, 5468
827204497591, 827204501740, 4149
827314328227, 827314333447, 5220
827402159883, 827402164011, 4128
827501194674, 827501200668, 5994
827599710603, 827599715241, 4638
827698546469, 827698550915, 4446
827797309888, 827797314226, 4338
827896064010, 827896068195, 4185
827994651974, 827994656297, 4323
828093493760, 828093498005, 4245
828192239965, 828192246139, 6174
828291612905, 828291618968, 6063
828390008011, 828390012994, 4983
828488664884, 828488668991, 4107
828587467371, 828587478906, 11535
828686400505, 828686405251, 4746
828785225568, 828785229672, 4104
828884021706, 828884026314, 4608
828982845121, 828982849843, 4722
829081784750, 829081791293, 6543
829180343058, 829180347477, 4419
829279181010, 829279185240, 4230
829377949124, 829377953213, 4089
829476743457, 829476748155, 4698
829575569612, 829575573782, 4170
829674382214, 829674386126, 3912
829773353909, 829773365150, 11241
829871931047, 829871935973, 4926
829970564364, 829970570055, 5691
830069568871, 830069573911, 5040
830168291373, 830168296473, 5100
830267056926, 830267061237, 4311
830365704447, 830365710888, 6441
830464653814, 830464658026, 4212
830563504123, 830563507858, 3735
830662282798, 830662287049, 4251
830761059454, 830761065958, 6504
830859828345, 830859832434, 4089
830958650638, 830958654871, 4233
831057458751, 831057463137, 4386
831156204102, 831156208575, 4473
831254999222, 831255003314, 4092
831353810237, 831353814998, 4761
831452559439, 831452564404, 4965
831551392621, 831551397553, 4932
831650218935, 831650226318, 7383
831748768957, 831748773589, 4632
831847582440, 831847592196, 9756
831875771532, 831875778648, 7116
831946600692, 831946604820, 4128
832045287721, 832045292224, 4503
832144221957, 832144225935, 3978
832243033832, 832243038635, 4803
832341736276, 832341741139, 4863
832440525249, 832440529416, 4167
832539369984, 832539374025, 4041
832638138573, 832638143748, 5175
832736874285, 832736878626, 4341
832835693602, 832835698237, 4635
832934467069, 832934472337, 5268
833033222515, 833033226595, 4080
833132062623, 833132066847, 4224
833230677526, 833230690285, 12759
833329647834, 833329655061, 7227
833428400060, 833428404569, 4509
833527236342, 833527240257, 3915
833626023110, 833626028072, 4962
833724812134, 833724816391, 4257
833823572519, 833823577517, 4998
833922395952, 833922400755, 4803
834021154538, 834021158957, 4419
834119995313, 834119999579, 4266
834218763519, 834218767536, 4017
834317573428, 834317578210, 4782
834416363202, 834416367408, 4206
834514969172, 834514979873, 10701
834613961729, 834613966121, 4392
834712736113, 834712740178, 4065
834811542573, 834811546767, 4194
834910337367, 834910341420, 4053
834950150937, 834950156979, 6042
835009211857, 835009216561, 4704
835107908999, 835107913604, 4605
835206637965, 835206642117, 4152
835305452890, 835305457396, 4506
835404305174, 835404309113, 3939
835502965600, 835502969956, 4356
835601833523, 835601838050, 4527
835700658319, 835700662903, 4584
835799460876, 835799465409, 4533
835898046202, 835898056228, 10026
835997023055, 835997028095, 5040
836095679293, 836095683448, 4155
836194572114, 836194576500, 4386
836293368734, 836293372967, 4233
836392182557, 836392186934, 4377
836490943813, 836490948196, 4383
836589785418, 836589789987, 4569
836688525797, 836688529811, 4014
836787363897, 836787367878, 3981
836886143879, 836886148832, 4953
836984944153, 836984948608, 4455
837083716433, 837083722751, 6318
837182448580, 837182452936, 4356
837281327745, 837281332782, 5037
837379927130, 837379936862, 9732
837478903698, 837478907520, 3822
837577700439, 837577704348, 3909
837676479564, 837676484172, 4608
837775197025, 837775200994, 3969
837874002998, 837874006967, 3969
837972873859, 837972877744, 3885
838071677819, 838071682232, 4413
838170631482, 838170640995, 9513
838268984757, 838268987964, 3207
838368028250, 838368033197, 4947
838466886299, 838466890709, 4410
838565441394, 838565453670, 12276
838664439041, 838664443573, 4532
838763192776, 838763198869, 6093
838862027933, 838862033474, 5541
838960777061, 838960781189, 4128
839059576970, 839059581386, 4416
839158396902, 839158401750, 4848
839257215811, 839257221856, 6045
839356016332, 839356021618, 5286
839454745851, 839454750342, 4491
839553727148, 839553735440, 8292
839652294793, 839652299290, 4497
839751182219, 839751187289, 5070
839849870636, 839849875019, 4383
839948663807, 839948668037, 4230
840047372297, 840047378579, 6282
840146240234, 840146244449, 4215
840245082835, 840245088937, 6102
840343676533, 840343683946, 7413
840442644563, 840442648871, 4308
840541478002, 840541482349, 4347
840640249119, 840640254444, 5325
840739041855, 840739045950, 4095
840837832772, 840837837227, 4455
840936642306, 840936646671, 4365
841035415803, 841035420018, 4215
841069788862, 841069795672, 6810
841232810863, 841232814505, 3642
841331770378, 841331774614, 4236
841430541241, 841430545822, 4581
841529375876, 841529380013, 4137
841628131158, 841628135028, 3870
841726934591, 841726940336, 5745
841825714109, 841825718528, 4419
841924766863, 841924773652, 6789
842023329588, 842023334079, 4491
842122128870, 842122133016, 4146
842221010410, 842221018111, 7701
842319709535, 842319715286, 5751
842418560431, 842418566845, 6414
842517116443, 842517126409, 9966
842616064106, 842616068339, 4233
842715102003, 842715114561, 12558
842813685958, 842813692443, 6485
842912448417, 842912453172, 4755
843011247525, 843011251980, 4455
843110003193, 843110007429, 4236
843208954089, 843208961094, 7005
843307629960, 843307634214, 4254
843407125954, 843407130796, 4842
843505160076, 843505164462, 4386
843604006912, 843604011760, 4848
843702858506, 843702866768, 8262
843801536797, 843801541966, 5169
843900382234, 843900386368, 4134
843999226005, 843999231885, 5880
844097916074, 844097920835, 4761
844196763484, 844196768488, 5004
844295526967, 844295532358, 5391
844394343582, 844394347878, 4296
844493221276, 844493225566, 4290
844591875326, 844591879568, 4242
844690673014, 844690677901, 4887
844789465962, 844789480134, 14172
844888296010, 844888300570, 4560
844987090710, 844987095066, 4356
845085884354, 845085888680, 4326
845184645611, 845184649919, 4308
845283438412, 845283443194, 4782
845382306343, 845382310381, 4038
845481020007, 845481024354, 4347
845579937861, 845579945853, 7992
845678657605, 845678662702, 5097
845777430780, 845777434950, 4170
845876264380, 845876270530, 6150
845975019993, 845975023596, 3603
846073829504, 846073836155, 6651
845862606619, 845862619402, 12783
845895471751, 845895478567, 6816
845961064043, 845961072683, 8640
845989804893, 845989811511, 6618
846059656346, 846059664329, 7983
846091577918, 846091584854, 6936
846158627257, 846158638600, 11343
846187595977, 846187602553, 6576
846256951706, 846256960226, 8520
846285879055, 846285885826, 6771
846356012792, 846356061496, 48704
846401313948, 846401323254, 9306
846454973019, 846454982043, 9024
846483521549, 846483528167, 6618
846553833005, 846553844372, 11367
846587069944, 846587077393, 7449
846652853530, 846652862323, 8793
846689688519, 846689695599, 7080
846751399821, 846751409208, 9387
846779260327, 846779267713, 7386
846850178758, 846850188151, 9393
846889337437, 846889345129, 7692
846948971318, 846948980333, 9015
846980974839, 846980981502, 6663
847047401385, 847047411477, 10092
847075479040, 847075486600, 7560
847146562802, 847146572786, 9984
847245353010, 847245362292, 9282
847276403309, 847276410908, 7599
847344141898, 847344151960, 10062
847372436254, 847372443865, 7611
847442953470, 847442963571, 10101
847484328557, 847484337242, 8685
847541721903, 847541731815, 9912
847572199959, 847572207243, 7284
847640527985, 847640538002, 10017
847669382908, 847669389919, 7011
847739317290, 847739327631, 10341
847778634471, 847778643330, 8859
847838104791, 847838113662, 8871
847865873950, 847865882368, 8418
847936894294, 847936905427, 11133
847965500150, 847965507221, 7071
848035700667, 848035710507, 9840
848063848357, 848063858239, 9882
848134480865, 848134490408, 9543
848165985379, 848165994874, 9495
848233639347, 848233646976, 7629
848272915753, 848272924450, 8697
848332062895, 848332073617, 10722
848360653586, 848360660942, 7356
848430847474, 848430856978, 9504
848466903212, 848466912488, 9276
848529802357, 848529817177, 14820
848628435570, 848628445995, 10425
848656201926, 848656209204, 7278
848727220619, 848727228872, 8253
848762559458, 848762570807, 11349
848826037392, 848826047358, 9966
848855724516, 848855731686, 7170
848924800179, 848924808567, 8388
848958515962, 848958524071, 8109
849023604912, 849023613690, 8778
849068511672, 849068518110, 6438
849122224638, 849122234682, 10044
849154936061, 849154943321, 7260
849220770840, 849220778820, 7980
849261697429, 849261709690, 12261
849319967073, 849319978053, 10980
849359211840, 849359222475, 10635
849418777785, 849418787064, 9279
849450574018, 849450581728, 7710
849517677573, 849517688340, 10767
849555603899, 849555615950, 12051
849616436582, 849616448942, 12360
849648125468, 849648132902, 7434
849715124298, 849715133532, 9234
849746587706, 849746594714, 7008
849813980052, 849813988572, 8520
849842335825, 849842343613, 7788
849912793170, 849912799647, 6477
849944411222, 849944418596, 7374
850011327281, 850011334667, 7386
850041918684, 850041927183, 8499
850110311792, 850110327296, 15504
850142996774, 850143004151, 7377
850209038412, 850209046731, 8319
850251754959, 850251769182, 14223
850307589829, 850307599393, 9564
850338278172, 850338288681, 10509
850406676371, 850406683934, 7563
850436501127, 850436512626, 11499
850505121341, 850505129441, 8100
850550232943, 850550241589, 8646
850618222188, 850618226079, 3891
850716789542, 850716796709, 7167
850816080003, 850816086555, 6552
850914556952, 850914563183, 6231
851013361490, 851013365462, 3972
851112203433, 851112208074, 4641
851210972287, 851210977159, 4872
851309535021, 851309540934, 5913
851408751487, 851408755954, 4467
851507133560, 851507137604, 4044
851606088286, 851606092852, 4566
851704894935, 851704899903, 4968
851804735231, 851804739608, 4377
851902469045, 851902473257, 4212
852001364388, 852001368921, 4533
852100060454, 852100064777, 4323
852206472434, 852206479400, 6966
852297496587, 852297509406, 12819
852396437897, 852396441818, 3921
852495327216, 852495333213, 5997
852593986527, 852593991324, 4797
852692885790, 852692890278, 4488
852791597620, 852791601592, 3972
852891741004, 852891744628, 3624
852989160743, 852989164835, 4092
853087989215, 853087993409, 4194
853187173137, 853187177319, 4182
853286480282, 853286493356, 13074
853384575158, 853384579562, 4404
853483047655, 853483052914, 5259
853581894845, 853581902735, 7890
853666489409, 853666494713, 5304
853694466851, 853694474747, 7896
853765377561, 853765385616, 8055
853795865091, 853795873419, 8328
853864254183, 853864262383, 8200
853909196641, 853909204615, 7974
853963230880, 853963240252, 9372
853991082123, 853991449203, 367080
854061786181, 854061794680, 8499
854092570072, 854092576897, 6825
854160571485, 854160581436, 9951
854194111214, 854194119809, 8595
854259364960, 854259372457, 7497
854294271233, 854294279687, 8454
854358083235, 854358091671, 8436
854390800677, 854390807805, 7128
854456844628, 854456852311, 7683
854489599880, 854489606525, 6645
854556234883, 854556245149, 10266
854587641862, 854587649659, 7797
854654834143, 854654843110, 8967
854686693741, 854686702690, 8949
854753337978, 854753346759, 8781
854797068473, 854797076189, 7716
854852336708, 854852346827, 10119
854879880820, 854879887894, 7074
854951305757, 854951315186, 9429
854981417024, 854981424197, 7173
855049918392, 855049927371, 8979
855085389467, 855085397876, 8409
855148676399, 855148686968, 10569
855184587208, 855184596007, 8799
855247699795, 855247708678, 8883
855287208325, 855287215165, 6840
855346415623, 855346423858, 8235
855387414541, 855387424393, 9852
855445045984, 855445056781, 10797
855473824238, 855473831804, 7566
855543840328, 855543850996, 10668
855594845029, 855594855997, 10968
855642652631, 855642661883, 9252
855670595103, 855670602207, 7104
855741777716, 855741787049, 9333
855779536014, 855779543529, 7515
855839832857, 855839841446, 8589
855881346980, 855881353448, 6468
855939018436, 855939028736, 10300
855980202460, 855980211319, 8859
856038186478, 856038195469, 8991
856066801267, 856066807837, 6570
856136427870, 856136438328, 10458
856174104136, 856174111495, 7359
856235490469, 856235498572, 8103
856264231188, 856264238421, 7233
856334238322, 856334253727, 15405
856375014989, 856375023185, 8196
856433080317, 856433090862, 10545
856477615004, 856477623026, 8022
856531341053, 856531348127, 7074
856585284947, 856585292957, 8010
856630575219, 856630586169, 10950
856660769133, 856660776183, 7050
856729112981, 856729118801, 5820
856774063015, 856774071103, 8088
856827726185, 856827732365, 6180
856859538112, 856859545978, 7866
856926930535, 856926940201, 9666
856954170405, 856954178148, 7743
857025680525, 857025689693, 9168
857063033479, 857063040895, 7416
857124540673, 857124553876, 13203
857153904571, 857153912599, 8028
857222961169, 857222967460, 6291
857255710345, 857255718283, 7938
857321824621, 857321830033, 5412
857363140214, 857363150525, 10311
857420606051, 857420649340, 43289
857462887228, 857462895778, 8550
857519552046, 857519560476, 8430
857571006978, 857571016527, 9549
857618337374, 857618343140, 5766
857648699627, 857648706590, 6963
857717033877, 857717043180, 9303
857760939144, 857760947391, 8247
857815784770, 857815792357, 7587
857858490410, 857858501342, 10932
857914902095, 857914911407, 9312
857942946885, 857942954463, 7578
858013554764, 858013573799, 19035
858059764399, 858059773270, 8871
858112531401, 858112538496, 7095
858142850625, 858142866057, 15432
858211608853, 858211620343, 11490
858255840588, 858255856092, 15504
858310018411, 858310028557, 10146
858349477033, 858349484065, 7032
858408811958, 858408822518, 10560
858436750500, 858436757571, 7071
858507609537, 858507619524, 9987
858549967810, 858549974170, 6360
858606405694, 858606416212, 10518
858634546838, 858634555658, 8820
858705194468, 858705205523, 11055
858733211333, 858733218359, 7026
858803929120, 858803940409, 11289
858834744479, 858834753104, 8625
858902494557, 858902504502, 9945
858930131289, 858930138117, 6828
859001625472, 859001636455, 10983
859032534223, 859032541270, 7047
859100350876, 859100360089, 9213
859131354250, 859131362107, 7857
859199089502, 859199099675, 10173
859230723339, 859230730110, 6771
859297991320, 859297996435, 5115
859327871929, 859327881448, 9519
859396744395, 859396756152, 11757
859495723612, 859495736830, 13218
859539130083, 859539139062, 8979
859594325611, 859594334956, 9345
859627800613, 859627813162, 12549
859693140778, 859693149811, 9033
859732704391, 859732712209, 7818
859791966585, 859791977364, 10779
859822913780, 859822920749, 6969
859890721327, 859890731584, 10257
859925458031, 859925465501, 7470
859988829414, 859988834055, 4641
860023530971, 860023538357, 7386
860087995951, 860088001941, 5990
860128993603, 860129000440, 6837
860186817430, 860186851103, 33673
860222197576, 860222205373, 7797
860285899624, 860285906932, 7308
860316334465, 860316341734, 7269
860384183485, 860384359131, 175646
860418661498, 860418669640, 8142
860483482857, 860483494008, 11151
860511833944, 860511854764, 20820
860582280774, 860582290605, 9831
860614364231, 860614370474, 6243
860681033251, 860681042695, 9444
860716469950, 860716478314, 8364
860779853354, 860779863068, 9714
860810875555, 860810882965, 7410
860878629491, 860878639037, 9546
860909715601, 860909722717, 7116
860977432949, 860977441610, 8661
861020831529, 861020840280, 8751
861076231716, 861076242108, 10392
861107797720, 861107805238, 7518
861175318556, 861175332497, 13941
861207994903, 861208003348, 8445
861273877577, 861273891074, 13497
861305039327, 861305047478, 8151
861372681388, 861372695665, 14277
861416993233, 861417001210, 7977
861471410306, 861471418754, 8448
861502746931, 861502754290, 7359
861570202097, 861570209885, 7788
861600575024, 861600582374, 7350
861668941673, 861668951576, 9903
861710702238, 861710711073, 8835
861767427136, 861767519782, 92646
861820544963, 861820557956, 12993
861866407261, 861866417404, 10143
861895222396, 861895229296, 6900
861965515749, 861965528343, 12594
861996469908, 861996478143, 8235
862064109638, 862064118557, 8919
862101650491, 862101658849, 8358
862162913595, 862162924650, 11055
862204526408, 862204537529, 11121
862261762156, 862261770907, 8751
862303666026, 862303674162, 8136
862360486712, 862360496558, 9846
862397706641, 862397716625, 9984
862459278901, 862459289761, 10860
862557896967, 862557908862, 11895
862588195114, 862588202962, 7848
862656879458, 862656889502, 10044
862701412675, 862701419962, 7287
862755957692, 862755969314, 11622
862786466550, 862786474074, 7524
862854474126, 862854483525, 9399
862888709430, 862888721571, 12141
862953256615, 862953264943, 8328
862984551165, 862984559937, 8772
863052038808, 863052047484, 8676
863088483497, 863088491417, 7920
863150176043, 863150180651, 4608
863193632011, 863193641359, 9348
863249642158, 863249651491, 9333
863279223297, 863279229639, 6342
863348245444, 863348295506, 50062
863389023798, 863389035351, 11553
863447350374, 863447359374, 9000
863478777938, 863478788591, 10653
863545955574, 863545966113, 10539
863577942472, 863577951043, 8571
863644555192, 863644559488, 4296
863694572909, 863694580901, 7992
863743604302, 863743611349, 7047
863785153485, 863785161702, 8217
863842808462, 863842824611, 16149
863884641841, 863884651858, 10017
863941225112, 863941235522, 10410
863973206135, 863973213761, 7626
864040054992, 864040066035, 11043
864068407818, 864068414898, 7080
864138743241, 864138752172, 8931
864174382480, 864174390862, 8382
864237840168, 864237850436, 10268
864269931182, 864269937929, 6747
864336342040, 864336352291, 10251
864373391791, 864373402702, 10911
864435261907, 864435270949, 9042
864467311727, 864467318360, 6633
864534090943, 864534099736, 8793
864572091581, 864572099300, 7719
864632974180, 864632984074, 9894
864675253746, 864675262530, 8784
864731491297, 864731501659, 10362
864770929246, 864770936668, 7422
864830298758, 864830308415, 9657
864860729423, 864860737235, 7812
864929064505, 864929075074, 10569
864965596066, 864965607562, 11496
865027877760, 865027888374, 10614
865061468301, 865061476035, 7734
865126656916, 865126666033, 9117
865169075713, 865169087419, 11706
865225764179, 865225773596, 9417
865256450635, 865256459788, 9153
865324236926, 865324246511, 9585
865356650311, 865356657292, 6981
865423067951, 865423078067, 10116
865457325150, 865457332818, 7668
865521829687, 865521840178, 10491
865567481769, 865567489068, 7299
865621101493, 865621108954, 7461
865667941534, 865667949001, 7467
865719160286, 865719170369, 10083
865751412168, 865751420514, 8346
865817832472, 865817841313, 8841
865865012068, 865865021563, 9495
865916762917, 865916768968, 6051
865951600712, 865951609619, 8907
866015781265, 866015792227, 10962
866046482070, 866046489120, 7050
866114527745, 866114537408, 9663
866160932923, 866160942397, 9474
866213398069, 866213409883, 11814
866266786677, 866266796493, 9816
866312188439, 866312199176, 10737
866341499078, 866341505708, 6630
866410919696, 866410928927, 9231
866509749426, 866509759548, 10122
866540572450, 866540580643, 8193
866608740429, 866608750632, 10203
866649530907, 866649540987, 10080
866707498736, 866707507979, 9243
866753368047, 866753384688, 16641
866805925552, 866805931174, 5622
866835043041, 866835049971, 6930
866905137211, 866905145842, 8631
866935177648, 866935185325, 7677
867003937320, 867003946995, 9675
867043895666, 867043907096, 11430
867102116312, 867102122237, 5925
867140032785, 867140041638, 8853
867201317749, 867201328513, 10764
867241261083, 867241269012, 7929
867300094816, 867300104377, 9561
867340095304, 867340102966, 7662
867398894352, 867398900925, 6573
867441413085, 867441422631, 9546
867497401615, 867497409263, 7648
867554685956, 867554694224, 8268
867595940777, 867595945253, 4476
867626962496, 867626970095, 7599
867695227148, 867695237312, 10164
867742205238, 867742213689, 8451
867794063570, 867794074679, 11109
867824534868, 867824543907, 9039
867892834657, 867892844320, 9663
867937605181, 867937613356, 8175
867991517574, 867991527675, 10101
868027536065, 868027543208, 7143
868090230714, 868090240161, 9447
868132423492, 868132431103, 7611
868189227000, 868189239505, 12505
868220949884, 868220957240, 7356
868288003849, 868288013452, 9603
868317202985, 868317214559, 11574
868386835692, 868386845778, 10086
868420584883, 868420593220, 8337
868485611731, 868485621382, 9651
868528423020, 868528430478, 7458
868584395730, 868584405660, 9930
868683216001, 868683226813, 10812
868726106779, 868726114765, 7986
868781988196, 868781997196, 9000
868822622538, 868822630284, 7746
868880776054, 868880784859, 8805
868912469779, 868912478101, 8322
868979686401, 868979704449, 18048
869022111002, 869022122951, 11949
869078531595, 869078544030, 12435
869111063338, 869111071324, 7986
869176603586, 869176609529, 5943
869204773665, 869204780964, 7299
869275955935, 869275965127, 9192
869307269411, 869307276653, 7242
869374732670, 869374740431, 7761
869412443897, 869412451667, 7770
869473530631, 869473540024, 9393
869506794167, 869506801199, 7032
869572157804, 869572166984, 9180
869603688628, 869603695564, 6936
869671126181, 869671131482, 5301
869700687973, 869700695296, 7323
869769897340, 869769906823, 9483
869868504444, 869868509328, 4884
869905490406, 869905498197, 7791
869967347545, 869967354502, 6957
870012096448, 870012103861, 7413
870066199197, 870066203112, 3915
870104538000, 870104544936, 6936
870165180450, 870165190749, 10299
870200836723, 870200843167, 6444
870263772169, 870263806198, 34029
870299318041, 870299325991, 7950
870362890319, 870362899043, 8724
870394513102, 870394519735, 6633
870461423855, 870461433053, 9198
870490413762, 870490420437, 6675
870560330017, 870560343376, 13359
870588743938, 870588752887, 8949
870659208466, 870659514757, 306291
870688693447, 870688700533, 7086
870757812475, 870757821196, 8721
870799486603, 870799494118, 7515
870856598724, 870856607238, 8514
870899854286, 870899863697, 9411
870955408574, 870955419101, 10527
870984505308, 870984512091, 6783
871054191554, 871054200146, 8592
871095316356, 871095325512, 9156
871152996355, 871153005487, 9132
871183179946, 871183188652, 8706
871251659213, 871251667730, 8517
871295189929, 871295199250, 9321
871351013104, 871351027606, 14502
871382414261, 871382420918, 6657
871449421879, 871449439855, 17976
871491276426, 871491284283, 7857
871548084948, 871548093669, 8721
871580748765, 871580756364, 7599
871646930398, 871646940250, 9852
871686639047, 871686647108, 8061
871745730484, 871745739784, 9300
871776512653, 871776520183, 7530
871844518346, 871844528504, 10158
871876136128, 871876146082, 9954
871943319583, 871943328952, 9369
871971102648, 871971109263, 6615
872042161994, 872042168801, 6807
872085126807, 872085134214, 7407
872140891621, 872140900753, 9132
872170178818, 872170185271, 6453
872239512055, 872239520911, 8856
872270931868, 872270939125, 7257
872338471508, 872338479785, 8277
872371690181, 872371697990, 7809
872437261388, 872437271138, 9750
872467978697, 872467985453, 6756
872536052832, 872536063026, 10194
872567146703, 872567156150, 9447
872634853079, 872634861539, 8460
872677041303, 872677054281, 12978
872733650020, 872733659047, 9027
872761728060, 872761735059, 6999
872832483846, 872832493359, 9513
872862739998, 872862747423, 7425
872931242400, 872931250671, 8271
872961715343, 872961728783, 13440
873030134448, 873030149361, 14913
873073071083, 873073078247, 7164
873128531995, 873128541199, 9204
873161317220, 873161324258, 7038
873227331562, 873227341036, 9474
873282673415, 873282691259, 17844
873326011113, 873326015985, 4872
873356444367, 873356450952, 6585
873424981223, 873424991548, 10325
873466821185, 873466828241, 7056
873523680989, 873523688539, 7550
873556473552, 873556481466, 7914
873622704797, 873622713425, 8628
873658853766, 873658860798, 7032
873721556613, 873721566225, 9612
873766762704, 873766771371, 8667
873820459830, 873820471839, 12009
873859528331, 873859537424, 9093
873919150672, 873919160263, 9591
873950734012, 873950744662, 10650
874017926358, 874017935943, 9585
874045873275, 874045884939, 11664
874116714365, 874116724577, 10212
874151592972, 874151599698, 6726
874215334447, 874215342490, 8043
874247871473, 874247881577, 10104
874314274845, 874314284022, 9177
874343024817, 874343032104, 7287
874413091033, 874413101545, 10512
874446001278, 874446010686, 9408
874511500363, 874511509087, 8724
874552982733, 874552990362, 7629
874610745138, 874610757279, 12141
874645245087, 874645253220, 8133
874709462739, 874709472111, 9372
874753032325, 874753041757, 9432
874808271032, 874808280290, 9258
874839254999, 874839263210, 8211
874907066720, 874907075549, 8829
874950663499, 874950672256, 8757
875005846043, 875005854722, 8679
875047226063, 875047233932, 7869
875104616436, 875104625748, 9312
875139050170, 875139058153, 7983
875203447333, 875203457707, 10374
875245280008, 875245293238, 13230
875302220470, 875302230664, 10194
875335318983, 875335327836, 8853
875400984216, 875400994365, 10149
875437583403, 875437593222, 9819
875499788979, 875499798150, 9171
875533882597, 875533891276, 8679
875598586652, 875598596000, 9348
875626955648, 875626963898, 8250
875697396995, 875697406274, 9279
875732580237, 875732591088, 10851
875796207590, 875796218081, 10491
875825915140, 875825922883, 7743
875895023598, 875895033909, 10311
875923377857, 875923385009, 7152
875993776066, 875993784862, 8796
876031532279, 876031540919, 8640
876092552675, 876092562977, 10302
876120931317, 876120938211, 6894
876191284832, 876191291594, 6762
876238117191, 876238127244, 10053
876290131429, 876290142595, 11166
876318694446, 876318700860, 6414
876388942928, 876388952888, 9960
876417235585, 876417242935, 7350
876487730060, 876487739624, 9564
876518639126, 876518651186, 12060
876586501954, 876586509748, 7794
876615917617, 876615924592, 6975
876685315031, 876685324553, 9522
876713803683, 876713811003, 7320
876784112071, 876784121839, 9768
876817176306, 876817182960, 6654
876882901987, 876882911164, 9177
876911523815, 876911530643, 6828
876981420836, 876981430508, 9672
877027352353, 877027361869, 9516
877080172466, 877080181006, 8540
877112057433, 877112067744, 10311
877179028980, 877179034970, 5990
877210212387, 877210220193, 7806
877277744975, 877277754224, 9249
877318468872, 877318478910, 10038
877376882714, 877376892887, 10173
877406710929, 877406718471, 7542
877475643114, 877475652108, 8994
877505304313, 877505310976, 6663
877574756719, 877574766556, 9837
877610447369, 877610456378, 9009
877673299462, 877673312335, 12873
877701399638, 877701407108, 7470
877771947812, 877771959821, 12009
877870747368, 877870756530, 9162
877901028236, 877901034869, 6633
877969641486, 877969651989, 10503
877998339268, 877998346432, 7164
878068247209, 878068255117, 7908
878106047626, 878106055654, 8028
878167650406, 878167665334, 14928
878195875012, 878195882929, 7917
878266037322, 878266046391, 9069
878296913557, 878296919758, 6201
878364793426, 878364802162, 8736
878395333084, 878395339666, 6582
878463474651, 878463482004, 7353
878497117892, 878497125938, 8046
878562391287, 878562402317, 11030
878596086242, 878596095143, 8901
878661154431, 878661164226, 9795
878689125425, 878689133339, 7914
878760246322, 878760255922, 9600
878795042283, 878795049663, 7380
878858758458, 878858768808, 10350
878893248567, 878893256727, 8160
878957542070, 878957549264, 7194
878985371819, 878985380267, 8448
879056315303, 879056323358, 8055
879087852526, 879087858889, 6363
879155126428, 879155136910, 10482
879187979494, 879187987543, 8049
879253902085, 879253910413, 8328
879285897346, 879285905080, 7734
879352705998, 879352715625, 9627
879400301328, 879400315960, 14632
879451645565, 879451660265, 14700
879494262953, 879494271485, 8532
879549921336, 879549929928, 8592
879592626701, 879592634480, 7779
879649137955, 879649147717, 9762
879680445665, 879680454089, 8424
879747544628, 879747621744, 77116
879790177819, 879790186312, 8493
879846665884, 879846676000, 10116
879881190115, 879881200033, 9918
879944868706, 879944879185, 10479
879978255720, 879978263343, 7623
880044314789, 880044325466, 10677
880088511275, 880088518694, 7419
880143039431, 880143048680, 9249
880171737315, 880171753317, 16002
880241820543, 880241829636, 9093
880270577156, 880270584905, 7749
880340328691, 880340339416, 10725
880384346322, 880384357542, 11220
880439154597, 880439159292, 4695
880476668644, 880476677884, 9240
880538207584, 880538216416, 8832
880570965189, 880570973580, 8391
880637270228, 880637277803, 7575
880673090656, 880673098606, 7950
880735889038, 880735925104, 36066
880773253865, 880773262130, 8265
880834602642, 880834612176, 9534
880884701708, 880884711599, 9891
880933226048, 880933235207, 9159
880965967731, 880965975039, 7308
881032055453, 881032067568, 12115
881069321070, 881069330214, 9144
881130826157, 881130837986, 11829
881170108812, 881170123614, 14802
881229782025, 881229791283, 9258
881264332803, 881264341707, 8904
881328407803, 881328417643, 9840
881361523220, 881361530726, 7506
881427525892, 881427536401, 10509
881461234330, 881461245478, 11148
881526106274, 881526116255, 9981
881575730265, 881575740303, 10038
881624890904, 881624900852, 9948
881665738496, 881665746896, 8400
881723783023, 881723792755, 9732
881761991185, 881761999489, 8304
881822796368, 881822812871, 16503
881855411991, 881855419704, 7713
881921190704, 881921200145, 9441
881956416582, 881956423893, 7311
882020080569, 882020088774, 8205
882063889958, 882063904712, 14754
882118955299, 882118968211, 12912
882149946727, 882149954134, 7407
882217707706, 882217716514, 8808
882250069476, 882250078722, 9246
882316424577, 882316434204, 9627
882344684118, 882344697948, 13830
882415214789, 882415223780, 8991
882445778442, 882445785084, 6642
882514020870, 882514030026, 9156
882552347054, 882552355112, 8058
882612812642, 882612822430, 9788
882642678879, 882642692652, 13773
882711398015, 882711406016, 8001
882756017819, 882756026522, 8703
882810382784, 882810393902, 11118
882846799692, 882846807774, 8082
882909033682, 882909042292, 8610
882952653593, 882952661102, 7509
883007971621, 883007981020, 9399
883037961670, 883037969134, 7464
883106761394, 883106770658, 9264
883142222269, 883142229232, 6963
883205562970, 883205573149, 10179
883238295800, 883238307767, 11967
883304368160, 883304377226, 9066
883341967130, 883341975245, 8115
883403135921, 883403144771, 8850
883431341374, 883431349783, 8409
883501978370, 883501987361, 8991
883532270411, 883532277587, 7176
883600734791, 883600744022, 9231
883654267157, 883654275560, 8403
883699516031, 883699526723, 10692
883730333719, 883730343058, 9339
883798272042, 883798281744, 9702
883826922686, 883826930186, 7500
883897083855, 883897094346, 10491
883935222125, 883935231833, 9708
883996250964, 883996259847, 8883
884029960654, 884029971121, 10467
884094670595, 884094680534, 9939
884127538206, 884127553053, 14847
884193458278, 884193468301, 10023
884221691975, 884221700513, 8538
884292269498, 884292279269, 9771
884326202621, 884326209908, 7287
884391056991, 884391066636, 9645
884431232175, 884431243356, 11181
884489845536, 884489855232, 9696
884518311922, 884518319137, 7215
884588698194, 884588707926, 9732
884620734991, 884620744969, 9978
884687473006, 884687482894, 9888
884717175492, 884717182392, 6900
884786047416, 884786055117, 7701
884816685514, 884816691868, 6354
884884866593, 884884877243, 10650
884915472279, 884915479593, 7314
884983717906, 884983729276, 11370
885012959666, 885012969653, 9987
885082603658, 885082612505, 8847
885112944614, 885112959062, 14448
885181403245, 885181412602, 9357
885219759367, 885219766768, 7401
885279982713, 885279992238, 9525
885312182866, 885312189553, 6687
885378996821, 885379006679, 9858
885409380061, 885409387621, 7560
885477804094, 885477814198, 10104
885508596019, 885508603774, 7755
885576639133, 885576648421, 9288
885610103483, 885610118558, 15075
885675382000, 885675392008, 10008
885713546371, 885713554297, 7926
885774156151, 885774165217, 9066
885804558681, 885804565455, 6774
885873016646, 885873031247, 14601
885902614715, 885902621897, 7182
885971827397, 885971842568, 15171
886014116463, 886014124194, 7731
886070649259, 886070659849, 10590
886114377130, 886114385305, 8175
886169362610, 886169372705, 10095
886198103327, 886198110509, 7182
886268173075, 886268184922, 11847
886296208564, 886296216793, 8229
886366759461, 886366767642, 8181
886398945031, 886398952045, 7014
886465439384, 886465448396, 9012
886499969758, 886499978608, 8850
886564549015, 886564559635, 10620
886601197232, 886601207168, 9936
886663296858, 886663306806, 9948
886697858907, 886697867091, 8184
886762071336, 886762080837, 9501
886790311623, 886790319240, 7617
886860856026, 886860866322, 10296
886902629966, 886902638564, 8598
886959655556, 886959664625, 9069
886998731667, 886998739386, 7719
887058432622, 887058441958, 9336
887096326130, 887096335400, 9270
887157288156, 887157297441, 9285
887186624383, 887186634127, 9744
887256038298, 887256048591, 10293
887284158973, 887284166896, 7923
887354832360, 887354841807, 9447
887385062558, 887385070361, 7803
887453385190, 887453394382, 9192
887491349960, 887491357004, 7044
887552400109, 887552410006, 9897
887580148280, 887580156923, 8643
887651127681, 887651138634, 10953
887679822655, 887679830263, 7608
887749979453, 887749988789, 9336
887777897865, 887777905266, 7401
887848776836, 887848786487, 9651
887886647847, 887886655380, 7533
887947582646, 887947592048, 9402
887993412183, 887993422791, 10608
888046379259, 888046389090, 9831
888074395083, 888074402211, 7128
888145153834, 888145164172, 10338
888177101734, 888177108727, 6993
888243938185, 888243947113, 8928
888271693273, 888271702738, 9465
888342528619, 888342537076, 8457
888373092060, 888373105182, 13122
888441537577, 888441547336, 9759
888469242139, 888469250734, 8595
888540274221, 888540285096, 10875
888568203845, 888568210928, 7083
888638835060, 888638844495, 9435
888671168571, 888671180211, 11640
888737805334, 888737815708, 10374
888765652154, 888765659354, 7200
888836757252, 888836764746, 7494
888866377057, 888866388859, 11802
888935482291, 888935492317, 10026
888977103638, 888977115470, 11832
889034327389, 889034336227, 8838
889065514017, 889065521046, 7029
889133082601, 889133090647, 8046
889163122273, 889163136232, 13959
889231810560, 889231821291, 10731
889260201127, 889260209317, 8190
889330649926, 889330659427, 9501
889361201091, 889361212368, 11277
889429475551, 889429484707, 9156
889458068250, 889458078861, 10611
889528167124, 889528177645, 10521
889556310451, 889556317282, 6831
889627052381, 889627061495, 9114
889661518351, 889661528428, 10077
889725818021, 889725827096, 9075
889754405673, 889754412276, 6603
889824653634, 889824662253, 8619
889854772193, 889854779270, 7077
889923253290, 889923258687, 5397
889966172991, 889966183221, 10230
890022203191, 890022211699, 8508
890059215092, 890059224299, 9207
890120594214, 890120603634, 9420
890154847857, 890154856470, 8613
890219811562, 890219819638, 8076
890253629718, 890253640506, 10788
890318558513, 890318569091, 10578
890356244110, 890356252720, 8610
890417480393, 890417494988, 14595
890451654045, 890451665076, 11031
890516176653, 890516185281, 8628
890550551033, 890550558425, 7392
890615166609, 890615175486, 8877
890643304147, 890643310351, 6204
890713903074, 890713913661, 10587
890748197490, 890748206865, 9375
890812854451, 890812864636, 10185
890840952403, 890840961823, 9420
890911366511, 890911375283, 8772
890942462181, 890942469867, 7686
891010155528, 891010165506, 9978
891038335895, 891038343101, 7206
891108952669, 891108962050, 9381
891136616841, 891136627320, 10479
891207453518, 891207463058, 9540
891235721762, 891235731635, 9873
891306337017, 891306345186, 8169
891331307034, 891331310919, 3885
891405273857, 891405283013, 9156
891435890028, 891435901797, 11769
891504015196, 891504024223, 9027
891530183470, 891530196976, 13506
891603076597, 891603085267, 8670
891630421772, 891630427832, 6060
891701657560, 891701666350, 8790
891732195990, 891732204639, 8649
891800716575, 891800727410, 10835
891834930575, 891834938210, 7635
891899499490, 891899510005, 10515
891926670511, 891926677696, 7185
891998043142, 891998051884, 8742
892028664978, 892028677839, 12861
892096831848, 892096841121, 9273
892125676302, 892125684141, 7839
892195868348, 892195878107, 9759
892232544708, 892232551680, 6972
892294418948, 892294429502, 10554
892321821602, 892321828220, 6618
892393348978, 892393357165, 8187
892436034052, 892436046829, 12777
892492213283, 892492222811, 9528
892521557697, 892521565026, 7329
892590845894, 892590854510, 8616
892635836158, 892635844855, 8697
892689304526, 892689313474, 8948
892728182242, 892728189805, 7563
892788636458, 892788649883, 13425
892818412013, 892818421226, 9213
892887342512, 892887352931, 10419
892933554054, 892933565439, 11385
892985945888, 892985955878, 9990
893014708247, 893014715339, 7092
893084730949, 893084740420, 9471
893122766183, 893122774160, 7977
893183538231, 893183548299, 10068
893228954980, 893228963137, 8157
893282323648, 893282333251, 9603
893310820985, 893310833639, 12654
893381086575, 893381095950, 9375
893419255913, 893419263530, 7617
893479913981, 893479923899, 9918
893515369714, 893515377001, 7287
893578695952, 893578705924, 9972
893613990260, 893613997211, 6951
893677508898, 893677518810, 9912
893707795870, 893707804414, 8544
893776284092, 893776293779, 9687
893818846460, 893818854104, 7644
893875079397, 893875088838, 9441
893903263279, 893903270722, 7443
893973897635, 893973911357, 13722
894003408457, 894003414970, 6513
894072678002, 894072687785, 9783
894100964888, 894100972655, 7767
894171446128, 894171455428, 9300
894203270913, 894203283294, 12381
894270525061, 894270538174, 13113
894300181063, 894300189220, 8157
894369039229, 894369049459, 10230
894411068423, 894411076781, 8358
894467823434, 894467832434, 9000
894496267619, 894496274675, 7056
894566612824, 894566622349, 9525
894606804722, 894606816857, 12135
894665165914, 894665175712, 9798
894699927221, 894699937133, 9912
894764216705, 894764226980, 10275
894792977241, 894792984897, 7656
894862969541, 894862979087, 9546
894901000640, 894901009730, 9090
894961797736, 894961806187, 8451
894998407754, 894998417363, 9609
895060586442, 895060595022, 8580
895091977310, 895091984075, 6765
895159381417, 895159390909, 9492
895191476100, 895191483399, 7299
895258192853, 895258201964, 9111
895295510539, 895295518960, 8421
895357023831, 895357036191, 12360
895393857923, 895393865594, 7671
895455406660, 895455412609, 5949
895501810231, 895501820248, 10017
895554548420, 895554558209, 9789
895590708924, 895590716949, 8025
895653344294, 895653354416, 10122
895683861417, 895683870384, 8967
895752167753, 895752178244, 10491
895783421601, 895783431441, 9840
895850991379, 895851001540, 10161
895880729416, 895880739082, 9666
895949726779, 895949736412, 9633
895980574818, 895980582558, 7740
896048496175, 896048506198, 10023
896080193537, 896080203824, 10287
896147303722, 896147314714, 10992
896246150901, 896246156235, 5334
896278860920, 896278867490, 6570
896344900503, 896344909227, 8724
896386613332, 896386620937, 7605
896443538994, 896443548963, 9969
896473371739, 896473378684, 6945
896542243963, 896542254118, 10155
896592092802, 896592103737, 10935
896640606807, 896640611754, 4947
896671873390, 896671880470, 7080
896739850193, 896739860384, 10191
896791080165, 896791092426, 12261
896838606076, 896838611761, 5685
896879232355, 896879240539, 8184
896937931446, 896937940581, 9135
896989044705, 896989055247, 10542
897036389191, 897036397969, 8778
897079122312, 897079131306, 8994
897135030586, 897135036715, 6129
897170748535, 897170756815, 8280
897234035929, 897234045187, 9258
897264200345, 897264207269, 6924
897333134933, 897333147293, 12360
897378305645, 897378315416, 9771
897431410549, 897431419237, 8688
897471993616, 897472001956, 8340
897530375711, 897530385686, 9975
897576407406, 897576415644, 8238
897629172794, 897629182475, 9681
897662336230, 897662343250, 7020
897727471985, 897727480469, 8484
897764909391, 897764916420, 7029
897826760269, 897826768810, 8541
897861606309, 897861613362, 7053
897925547642, 897925557755, 10113
897956953219, 897956959996, 6777
898024256749, 898024267135, 10386
898059194311, 898059201376, 7065
898123117224, 898123126320, 9096
898159971980, 898159979117, 7137
898221919495, 898221928327, 8832
898254800185, 898254808018, 7833
898320737458, 898320748693, 11235
898367607329, 898367614208, 6879
898419530925, 898419539691, 8766
898441827455, 898441856246, 28791
898539834266, 898539846653, 12387
898638815540, 898638823322, 7782
872056161528, 872056169745, 8217
872154791362, 872154795499, 4137
872253643768, 872253649969, 6201
872352436238, 872352440933, 4695
872451226250, 872451230360, 4110
872550038399, 872550044834, 6435
872648708536, 872648712997, 4461
872747604579, 872747608962, 4383
872846394939, 872846399691, 4752
872945147138, 872945151341, 4203
873043942658, 873043948469, 5811
873142745128, 873142749919, 4791
873241332524, 873241339721, 7197
873340319619, 873340324869, 5250
873439353998, 873439363805, 9807
873538009569, 873538015575, 6006
873636775875, 873636780549, 4674
873735500475, 873735504897, 4422
873834346037, 873834351764, 5727
873933047203, 873933051913, 4710
874031891449, 874031896069, 4620
874130676523, 874130681149, 4626
874230111338, 874230118229, 6891
874328288826, 874328293374, 4548
874427563887, 874427583690, 19803
874525824888, 874525830876, 5988
874624762260, 874624766649, 4389
874723467785, 874723472132, 4347
874822227549, 874822231548, 3999
874921013740, 874921020340, 6600
875019749669, 875019757202, 7533
875118601453, 875118606322, 4869
875217220675, 875217234328, 13653
875316183062, 875316187631, 4569
875414945917, 875414949790, 3873
875513808904, 875513814097, 5193
875612562812, 875612567459, 4647
875711397601, 875711402635, 5034
875810133713, 875810138147, 4434
875909197124, 875909202203, 5079
876007902624, 876007909140, 6516
876106527393, 876106531983, 4590
876205332714, 876205339860, 7146
876304073394, 876304078806, 5412
876402912880, 876402918718, 5838
876501655214, 876501660236, 5022
876600454861, 876600458908, 4047
876699287652, 876699294162, 6510
876798305466, 876798319524, 14058
876896836451, 876896841422, 4971
876995611775, 876995616413, 4638
877094560389, 877094565591, 5202
877193133987, 877193139483, 5496
877291849755, 877291860597, 10842
877390745706, 877390751034, 5328
877489601719, 877489605925, 4206
877588372478, 877588376660, 4182
877687183634, 877687190216, 6582
877785990088, 877785995758, 5670
877818116803, 877818127417, 10614
877884763499, 877884769217, 5718
877983542698, 877983547051, 4353
878082575945, 878082584159, 8214
878181148972, 878181156313, 7341
878378751385, 878378755468, 4083
878477410952, 878477416460, 5508
878576306584, 878576311136, 4552
878675120316, 878675124840, 4524
878773878927, 878773883112, 4185
878872710324, 878872714959, 4635
878971501163, 878971505777, 4614
879070298378, 879070305497, 7119
879169063930, 879169069651, 5721
879267862282, 879267868951, 6669
879366471761, 879366480470, 8709
879465454706, 879465458717, 4011
879564228875, 879564233996, 5121
879663056729, 879663062018, 5289
879761832754, 879761836984, 4230
879860574394, 879860578780, 4386
879959413959, 879959418213, 4254
880058226780, 880058236008, 9228
880156938131, 880156943123, 4992
880255784463, 880255788702, 4239
880354524438, 880354528809, 4371
880453450303, 880453455568, 5265
880552126890, 880552131918, 5028
880650929859, 880650934332, 4473
880749746207, 880749751526, 5319
880848506663, 880848513356, 6693
880947308016, 880947312351, 4335
881046155944, 881046161668, 5724
881144870850, 881144876226, 5376
881243731837, 881243738167, 6330
881342464250, 881342468492, 4242
881441109619, 881441113432, 3813
881539895571, 881539907040, 11469
881638857098, 881638861157, 4059
881737621297, 881737627159, 5862
881836455453, 881836460244, 4791
882034072932, 882034079507, 6575
882132857698, 882132862114, 4416
882231596415, 882231601422, 5007
882330446874, 882330451440, 4566
882429361037, 882429369353, 8316
882527999312, 882528008117, 8805
882626761827, 882626768370, 6543
882725627355, 882725633289, 5934
882824340606, 882824344488, 3882
882923039696, 882923046752, 7056
883021955339, 883021959782, 4443
883120750006, 883120753981, 3975
883219503985, 883219509436, 5451
883318234619, 883318238879, 4260
883417121957, 883417126235, 4278
883515942626, 883515948503, 5877
883614564371, 883614577649, 13278
883713449515, 883713453649, 4134
883812246185, 883812251294, 5109
883911078739, 883911082897, 4158
884009856817, 884009860984, 4167
884108603511, 884108607675, 4164
884207454434, 884207458592, 4158
884306363504, 884306370791, 7287
884405017278, 884405021547, 4269
884503825171, 884503829521, 4350
884602524742, 884602529056, 4314
884701365258, 884701369245, 3987
884800222345, 884800231006, 8661
884899016364, 884899022082, 5718
884997763145, 884997768899, 5754
885096558713, 885096562940, 4227
885195355639, 885195360076, 4437
885294220777, 885294224935, 4158
885392854126, 885392858350, 4224
885491748508, 885491753083, 4575
885590530802, 885590535560, 4758
885689117827, 885689125483, 7656
885788113812, 885788118159, 4347
885886884059, 885886889624, 5565
885985706781, 885985711086, 4305
886084996369, 886085001184, 4815
886183299308, 886183302938, 3630
886282081498, 886282085554, 4056
886380850828, 886380857839, 7011
886479778806, 886479786576, 7770
886578441792, 886578447132, 5340
886677253216, 886677257560, 4344
886776025059, 886776030363, 5304
886874853278, 886874860202, 6924
886973628827, 886973633231, 4404
887072362790, 887072367830, 5040
887171220311, 887171225669, 5358
887270004040, 887270008255, 4215
887368935155, 887368940696, 5541
887467727879, 887467735019, 7140
887566380956, 887566385522, 4566
887665134952, 887665139848, 4896
887764003389, 887764009518, 6129
887862726630, 887862731622, 4992
887961342219, 887961347967, 5748
888060252276, 888060256485, 4209
888159322780, 888159330850, 8070
888257945101, 888257949244, 4143
888356693625, 888356697813, 4188
888455517850, 888455523289, 5439
888554122418, 888554127332, 4914
888653080593, 888653085015, 4422
888751880312, 888751884347, 4035
888850682983, 888850686934, 3951
888949438928, 888949444292, 5364
889048261467, 889048266162, 4695
889147096282, 889147101895, 5613
889245845644, 889245849970, 4326
889344405720, 889344413223, 7503
889443419919, 889443424545, 4626
889542215869, 889542220438, 4569
889640978529, 889640983263, 4734
889739802960, 889739807868, 4908
889838382431, 889838389664, 7233
889937433381, 889937441358, 7977
890036160112, 890036165854, 5742
890135083839, 890135090634, 6795
890233739080, 890233743262, 4182
890332378365, 890332389729, 11364
890439690638, 890439735818, 45180
890530126416, 890530130745, 4329
890628904015, 890628909229, 5214
890727744618, 890727750498, 5880
890826455550, 890826460479, 4929
890925276414, 890925281970, 5556
891024078590, 891024084950, 6360
891122793621, 891122797629, 4008
891221657738, 891221664308, 6570
891331136430, 891331142778, 6348
891419282796, 891419287110, 4314
891524773261, 891524782018, 8757
891616742993, 891616748111, 5118
891716271602, 891716285006, 13404
891814410032, 891814415960, 5928
891913237126, 891913241980, 4854
892018979487, 892019054142, 74655
892110779073, 892110784482, 5409
892209779214, 892209786591, 7377
892308373823, 892308379634, 5811
892407119902, 892407124285, 4383
892505983659, 892505987718, 4059
892604915449, 892604923186, 7737
892703300263, 892703304103, 3840
892802286404, 892802290481, 4077
892901145174, 892901149818, 4644
893000036885, 893000043173, 6288
893098751543, 893098757357, 5814
893197465537, 893197469986, 4449
893296304861, 893296309385, 4524
893395032833, 893395037231, 4398
893493856223, 893493860291, 4068
893592675316, 893592680299, 4983
893691418780, 893691423061, 4281
893790430589, 893790436277, 5688
893889251782, 893889256309, 4527
893987830774, 893987834971, 4197
894086603927, 894086609051, 5124
894185363882, 894185368178, 4296
894284222919, 894284227995, 5076
894383067892, 894383075665, 7773
894481812767, 894481819241, 6474
894580605437, 894580611755, 6318
894679365137, 894679369811, 4674
894778199661, 894778204284, 4623
894876782777, 894876792272, 9495
894975761573, 894975765899, 4326
895074542789, 895074547649, 4860
895173320943, 895173325401, 4458
895272026803, 895272031021, 4218
895370901038, 895370905526, 4488
895469745592, 895469749519, 3927
895568496096, 895568502888, 6792
895667303655, 895667308296, 4641
895766054457, 895766058828, 4371
895864814893, 895864819840, 4947
895963671402, 895963675707, 4305
896062437851, 896062441700, 3849
896161292100, 896161297293, 5193
896196867000, 896196876186, 9186
896260168169, 896260174841, 6672
896358705892, 896358716821, 10929
896457623563, 896457627364, 3801
896556337509, 896556341133, 3624
896655216820, 896655220750, 3930
896753925483, 896753929824, 4341
896852582470, 896852588803, 6333
896951372034, 896951379609, 7575
897050158539, 897050167131, 8592
897149157451, 897149161555, 4104
897247952522, 897247957427, 4905
897346696568, 897346702037, 5469
897445558465, 897445562551, 4086
897544287039, 897544291830, 4791
897643152061, 897643156180, 4119
897742013943, 897742018044, 4101
897840672276, 897840677865, 5589
897939527348, 897939531338, 3990
898038266731, 898038271450, 4719
898137101482, 898137105529, 4047
898235875527, 898235879973, 4446
898334648641, 898334653036, 4395
898433437553, 898433441516, 3963
898532355947, 898532360627, 4680
898630820230, 898630826983, 6753
898729602712, 898729607308, 4596
898829070131, 898829078570, 8439
898927856319, 898927864518, 8199
899026429036, 899026436644, 7608
899125265875, 899125273846, 7971
899224311912, 899224322139, 10227
539063412245, 539063418377, 6132
539162529329, 539162534051, 4722
539245066461, 539245069098, 2637
539351713154, 539351716658, 3504
539370817681, 539370819895, 2214
539450652704, 539450655761, 3057
539489404552, 539489406538, 1986
539489464303, 539489464909, 606
539520853345, 539520858013, 4668
539520878806, 539520879352, 546
539783407077, 539783409894, 2817
539841760343, 539841766685, 6342
539841799580, 539841800456, 876
540110845582, 540110849701, 4119
540110872090, 540110872876, 786
541191773235, 541191779622, 6387
541490440526, 541490443124, 2598
541493589137, 541493591480, 2343
541493608919, 541493609507, 588
541657765270, 541657767244, 1974
541801350203, 541801354085, 3882
541801371965, 541801372520, 555
541877784036, 541877789370, 5334
541877814063, 541877814624, 561
542026758209, 542026760771, 2562
542026777067, 542026777664, 597
542116861451, 542116862948, 1497
542117000177, 542117000951, 774
542152492051, 542152497664, 5613
542187133830, 542187143070, 9240
542251310773, 542251317595, 6822
542058113028, 542058119670, 6642
542115827399, 542115833459, 6060
542126978881, 542126986156, 7275
542127010960, 542127011524, 564
542271901310, 542271907685, 6375
542273505281, 542273509685, 4404
542363182256, 542363183966, 1710
542363204141, 542363204732, 591
542562423029, 542562423857, 828
542562536111, 542562537365, 1254
542661617001, 542661621372, 4371
542760597944, 542760603818, 5874
542859712908, 542859719190, 6282
542958355885, 542958359248, 3363
543057273775, 543057276976, 3201
543156191640, 543156196398, 4758
543255114084, 543255118941, 4857
543354037895, 543354042017, 4122
543452945599, 543452949775, 4176
543551992658, 543551999297, 6639
543595383509, 543595391024, 7515
543650782602, 543650786604, 4002
543749705858, 543749710121, 4263
543848753756, 543848761001, 7245
543947522041, 543947526232, 4191
544046478464, 544046482559, 4095
544145609434, 544145614138, 4704
544244309488, 544244313703, 4215
544343272188, 544343276340, 4152
544442161040, 544442165315, 4275
544540985797, 544540990552, 4755
544639793698, 544639800619, 6921
544738741691, 544738752209, 10518
544837852807, 544837857733, 4926
544936684613, 544936688864, 4251
545035736109, 545035740459, 4350
545134630642, 545134635256, 4614
545233543899, 545233550334, 6435
545332455270, 545332459620, 4350
545431366083, 545431371051, 4968
545530275208, 545530281163, 5955
545629220977, 545629225180, 4203
545728171162, 545728176637, 5475
545827050476, 545827054568, 4092
545926040682, 545926044876, 4194
546024680162, 546024687437, 7275
546123813028, 546123817348, 4320
546222760515, 546222764718, 4203
546321723662, 546321728228, 4566
546420515949, 546420520245, 4296
546519519368, 546519523433, 4065
546505853616, 546505862421, 8805
546544964888, 546544973519, 8631
546604278368, 546604287527, 9159
546649249603, 546649257052, 7449
546703345939, 546703357111, 11172
546735614885, 546735622088, 7203
546802292407, 546802301845, 9438
546844877341, 546844887109, 9768
546900874255, 546900880366, 6111
547000152394, 547000165786, 13392
547037254363, 547037263075, 8712
547099071391, 547099081762, 10371
547138151815, 547138160818, 9003
547197984989, 547197994343, 9354
547238202690, 547238211492, 8802
547395217872, 547395225483, 7611
547431184587, 547431192762, 8175
547494703607, 547494712964, 9357
547527353382, 547527360912, 7530
547593677042, 547593686261, 9219
547630921971, 547630930239, 8268
547692590939, 547692599339, 8400
547726336296, 547726343436, 7140
547791670554, 547791679176, 8622
547830498186, 547830505995, 7809
547890435363, 547890443625, 8262
547935392476, 547935400783, 8307
547989450264, 547989459111, 8847
548021526446, 548021533979, 7533
548088259300, 548088267706, 8406
548124282651, 548124290148, 7497
548187441157, 548187453007, 11850
548229935866, 548229948070, 12204
548286124923, 548286134823, 9900
548317138248, 548317148157, 9909
548384963448, 548384972499, 9051
548419206664, 548419216285, 9621
548483928308, 548483937509, 9201
548515664029, 548515672018, 7989
548582833927, 548582843431, 9504
548614107083, 548614115252, 8169
548681792883, 548681802888, 10005
548732533323, 548732541618, 8295
548794755764, 548794760042, 4278
548893712266, 548893717378, 5112
548992304392, 548992312792, 8400
549091542952, 549091548970, 6018
549190300776, 549190305123, 4347
549289062064, 549289068694, 6630
549388299495, 549388305222, 5727
549486901189, 549486908065, 6876
549586168660, 549586172878, 4218
549572395263, 549572405202, 9939
549611268448, 549611278417, 9969
549670988241, 549670997172, 8931
549722272656, 549722282718, 10062
549769909834, 549769920016, 10182
549809765073, 549809773797, 8724
549868855374, 549868864734, 9360
549919611802, 549919628005, 16203
549967764329, 549967775173, 10844
550066669758, 550066679040, 9282
550109712217, 550109720221, 8004
550165630823, 550165641353, 10530
550210550981, 550210558439, 7458
550264625534, 550264640000, 14466
550309458942, 550309466895, 7953
550378349411, 550378355837, 6426
550476464952, 550476470445, 5493
550575433685, 550575440264, 6579
550674387138, 550674395160, 8022
550773096791, 550773101246, 4455
550872033513, 550872037524, 4011
550970779821, 550970784462, 4641
551072996813, 551073002927, 6114
551168734119, 551168740737, 6618
551267485898, 551267492975, 7077
551352038313, 551352043335, 5022
551398750029, 551398757769, 7740
551451370403, 551451376472, 6069
551481644039, 551481652700, 8661
551550704005, 551550713047, 9042
551582190945, 551582198871, 7926
551649809287, 551649819322, 10035
551695604629, 551695620856, 16227
551748570445, 551748578452, 8007
551783323079, 551783332520, 9441
551847255411, 551847265611, 10200
551883314251, 551883322852, 8601
551946010287, 551946020910, 10623
551980050927, 551980061004, 10077
552045053663, 552045061763, 8100
552079711725, 552079719261, 7536
552143966085, 552143974350, 8265
552172136012, 552172143659, 7647
552242880472, 552242890285, 9813
552274504805, 552274512050, 7245
552341881416, 552341890512, 9096
552373632773, 552373640576, 7803
552441081154, 552441098569, 17415
552473805853, 552473812972, 7119
552539667364, 552539677009, 9645
552571367951, 552571377776, 9825
552638632403, 552638642816, 10413
552693068816, 552693077339, 8523
552737526311, 552737538416, 12105
552787391688, 552787401864, 10176
552836433946, 552836443366, 9420
552884492187, 552884499579, 7392
552966692233, 552966700882, 8649
553048199644, 553048204240, 4596
553078454422, 553078460137, 5715
553147212803, 553147218698, 5895
553231757148, 553231764129, 6981
553239852159, 553239854946, 2787
553239871584, 553239872295, 711
553271869932, 553271877477, 7545
553330862123, 553330869467, 7344
553360767179, 553360775441, 8262
553430080077, 553430086647, 6570
553462732405, 553462741453, 9048
553528571429, 553528578563, 7134
553564064528, 553564071230, 6702
553628058928, 553628074909, 15981
553663640784, 553663647807, 7023
553726744142, 553726752203, 8061
553758765395, 553758773441, 8046
553825657257, 553825666830, 9573
553859795631, 553859803761, 8130
553924541972, 553924552040, 10068
553980227525, 553980239024, 11499
554023512461, 554023523240, 10779
554056196549, 554056203392, 6843
554122435767, 554122445109, 9342
554158057839, 554158067100, 9261
554221378439, 554221388126, 9687
554258669030, 554258677652, 8622
554320297124, 554320305860, 8736
554351878480, 554351885728, 7248
554419221789, 554419231578, 9789
554453612972, 554453622236, 9264
554517887837, 554517897653, 9816
554546447072, 554546454311, 7239
554617014505, 554617024234, 9729
554651971453, 554651980024, 8571
554715966618, 554715976614, 9996
554747077823, 554747085674, 7851
554814931140, 554814944445, 13305
554844713602, 554844721819, 8217
554913786465, 554913795705, 9240
554946800286, 554946809823, 9537
555012718396, 555012727564, 9168
555050806681, 555050814457, 7776
555111660537, 555111669789, 9252
555141238346, 555141246251, 7905
555210644084, 555210657884, 13800
555255541429, 555255549412, 7983
555309467218, 555309477454, 10236
555346451828, 555346459325, 7497
555408378425, 555408388397, 9972
555442459452, 555442466772, 7320
555507286297, 555507297046, 10749
555537497531, 555537504527, 6996
555606212182, 555606222604, 10422
555661862290, 555661870573, 8283
555705143423, 555705152891, 9468
555733314169, 555733321543, 7374
555804057729, 555804066711, 8982
555835141588, 555835148974, 7386
555902986192, 555902995693, 9501
555936956674, 555936963745, 7071
556001893568, 556001903942, 10374
556031593336, 556031602030, 8694
556100808939, 556100818272, 9333
556199773076, 556199782466, 9390
556229709197, 556229718104, 8907
556298630356, 556298639188, 8832
556328427971, 556328435843, 7872
556397605872, 556397615226, 9354
556430008602, 556430015868, 7266
556496415188, 556496425373, 10185
556525697308, 556525704718, 7410
556595399338, 556595410216, 10878
556629487028, 556629495392, 8364
556694340981, 556694351544, 10563
556729535689, 556729543402, 7713
556793204185, 556793216218, 12033
556825603972, 556825611925, 7953
556892189362, 556892198632, 9270
556920476431, 556920484222, 7791
556991077921, 556991088058, 10137
557023885889, 557023905761, 19872
557090067963, 557090080638, 12675
557136752400, 557136761601, 9201
557189193806, 557189204903, 11097
557242741673, 557242751060, 9387
557287889299, 557287898572, 9273
557323710996, 557323722243, 11247
557386773108, 557386785133, 12025
557428990605, 557428999317, 8712
557485574245, 557485584214, 9969
557520218079, 557520226545, 8466
557584577091, 557584585701, 8610
557619321442, 557619330256, 8814
557683837250, 557683846127, 8877
557722297308, 557722306755, 9447
557782730360, 557782739210, 8850
557817131473, 557817138856, 7383
557881208875, 557881217770, 8895
557925214316, 557925221198, 6882
557980506965, 557980516199, 9234
558015873375, 558015882984, 9609
558079515635, 558079523163, 7528
558111343589, 558111352640, 9051
558178191269, 558178201034, 9765
558225362524, 558225371680, 9156
558277098466, 558277108474, 10008
558307836931, 558307843801, 6870
558376012452, 558376021242, 8790
558415963838, 558415970921, 7083
558474946805, 558474956846, 10041
558507619645, 558507631861, 12216
558573825799, 558573834601, 8802
558605902129, 558605910772, 8643
558673261398, 558673267884, 6486
558731492415, 558731499732, 7317
558785418105, 558785422251, 4146
558884550290, 558884554610, 4320
558983608715, 558983612903, 4188
559021235390, 559021242047, 6657
559082639996, 559082646740, 6744
559181277500, 559181281436, 3936
559211264257, 559211270884, 6627
559280188325, 559280194244, 5919
559379198119, 559379202436, 4317
559478104084, 559478108215, 4131
559577044058, 559577048759, 4701
559675927987, 559675932622, 4635
559774841046, 559774845123, 4077
559873851240, 559873855443, 4203
559972730122, 559972734811, 4689
560071422094, 560071429936, 7842
560116384596, 560116391067, 6471
560269445867, 560269450127, 4260
560368508382, 560368514172, 5790
560467356026, 560467359920, 3894
560566267554, 560566271505, 3951
560665085595, 560665089918, 4323
560764071413, 560764075745, 4332
560863002306, 560863007358, 5052
560961992179, 560961996184, 4005
561060783642, 561060787953, 4311
561159749370, 561159757068, 7698
561258624951, 561258630033, 5082
561357405864, 561357412516, 6652
561456409390, 561456414160, 4770
561555402060, 561555406104, 4044
561654261614, 561654266108, 4494
561753162593, 561753166736, 4143
561851960656, 561851970181, 9525
561951186918, 561951192765, 5847
562050039571, 562050043609, 4038
562148935967, 562148941154, 5187
562247909986, 562247914888, 4902
562293942331, 562293947965, 5634
562346781023, 562346786168, 5145
562445714817, 562445719026, 4209
562544505522, 562544518335, 12813
562629258877, 562629264271, 5394
562669855860, 562669863666, 7806
562727844985, 562727848606, 3621
562767694160, 562767701684, 7524
562827721866, 562827727995, 6129
562855604856, 562855612539, 7683
562926660189, 562926668784, 8595
562965303598, 562965311347, 7749
563025515275, 563025521464, 6189
563059483345, 563059493086, 9741
563124392379, 563124402195, 9816
563172472359, 563172481302, 8943
563222979660, 563222989227, 9567
563259432752, 563259440444, 7692
563322107407, 563322116599, 9192
563358193932, 563358203916, 9984
563420297031, 563420303391, 6360
563454237576, 563454246570, 8994
563519877673, 563519885059, 7386
563563306905, 563563320957, 14052
563618964114, 563618974353, 10239
563660875347, 563660883378, 8031
563718335667, 563718344379, 8712
563761267889, 563761277498, 9609
563816464065, 563816469969, 5904
563850292052, 563850299276, 7224
563915293422, 563915301411, 7989
563954758413, 563954774097, 15684
564014294760, 564014303796, 9036
564047806172, 564047814716, 8544
564113591963, 564113600447, 8484
564153542737, 564153551143, 8406
564212037220, 564212044489, 7269
564244841946, 564244855848, 13902
564311247088, 564311256481, 9393
564344906578, 564344914678, 8100
564409870100, 564409876304, 6204
564445216143, 564445224846, 8703
564509050196, 564509058971, 8775
564541200198, 564541213809, 13611
564607878338, 564607886324, 7986
564640715363, 564640722698, 7335
564706864182, 564706873239, 9057
564739021125, 564739031793, 10668
564806074813, 564806083738, 8925
564838475113, 564838483378, 8265
564904762709, 564904771616, 8907
564956958481, 564956967904, 9423
565003139475, 565003144626, 5151
565036083479, 565036090922, 7443
565102723224, 565102733718, 10494
565135225885, 565135233211, 7326
565201520407, 565201531018, 10611
565229599177, 565229611657, 12480
565300411650, 565300421892, 10242
565399238696, 565399248104, 9408
565432747468, 565432755001, 7533
565498465126, 565498473658, 8532
565529012994, 565529025720, 12726
565597322685, 565597332018, 9333
565627987649, 565627994921, 7272
565696383877, 565696392892, 9015
565727919381, 565727930949, 11568
565795457055, 565795466505, 9450
565826790699, 565826797593, 6894
565894108513, 565894117324, 8811
565927734457, 565927742998, 8541
565992895583, 565992904694, 9111
566024558277, 566024570100, 11823
566092071452, 566092079519, 8067
566124564870, 566124573165, 8295
566190691085, 566190699008, 7923
566225831896, 566225839762, 7866
566289866280, 566289874785, 8505
566321863601, 566321871134, 7533
566388943525, 566388953482, 9957
566427015332, 566427024602, 9270
566487474037, 566487484216, 10179
566518943986, 566518952257, 8271
566586638824, 566586650872, 12048
566617065435, 566617073853, 8418
566685330337, 566685341170, 10833
566722645753, 566722654093, 8340
566784207992, 566784218057, 10065
566813808707, 566813816216, 7509
566883041845, 566883052345, 10500
566915553839, 566915561306, 7467
566981890810, 566981900542, 9732
567018216551, 567018225770, 9219
567080711720, 567080720297, 8577
567110081620, 567110089027, 7407
567179562622, 567179572333, 9711
567212073417, 567212082471, 9054
567278400586, 567278409160, 8574
567311156113, 567311164273, 8160
567377312869, 567377322052, 9183
567408190964, 567408199970, 9006
567476141007, 567476149071, 8064
567509145161, 567509152616, 7455
567574981175, 567574990523, 9348
567602890284, 567602898948, 8664
567673782075, 567673790664, 8589
567719194767, 567719202549, 7782
567772584992, 567772593986, 8994
567808106924, 567808114817, 7893
567871456191, 567871464804, 8613
567903065511, 567903073836, 8325
567970296821, 567970305887, 9066
568006766090, 568006773557, 7467
568069163162, 568069173260, 10098
568112761830, 568112769576, 7746
568168000009, 568168015069, 15060
568199966453, 568199974106, 7653
568266836041, 568266846283, 10242
568302333599, 568302341117, 7518
568365664237, 568365674899, 10662
568464371996, 568464376007, 4011
568503832847, 568503842126, 9279
568563357366, 568563367428, 10062
568593721612, 568593728245, 6633
568662180312, 568662189813, 9501
568691878676, 568691886365, 7689
568760710818, 568760720019, 9201
568789742096, 568789749110, 7014
568859867231, 568859876489, 9258
568899875981, 568899884816, 8835
568958528379, 568958541927, 13548
569001659243, 569001668612, 9369
569057566293, 569057576301, 10008
569089621680, 569089630398, 8718
569156421899, 569156431139, 9240
569184529434, 569184536703, 7269
569254807457, 569254814996, 7539
569296824482, 569296832270, 7788
569354088239, 569354098907, 10668
569391719715, 569391728277, 8562
569452955948, 569452965104, 9156
569498544399, 569498552358, 7959
569551804205, 569551813751, 9546
569585724616, 569585733421, 8805
569650417809, 569650423752, 5943
569680808876, 569680817273, 8397
569749284891, 569749292673, 7782
569795134346, 569795142401, 8055
569848266306, 569848276557, 10251
569886787333, 569886795118, 7785
569947134833, 569947144691, 9858
570003823729, 570003833047, 9318
570046003279, 570046012807, 9528
570084299997, 570084307494, 7497
570144668204, 570144678404, 10200
570175749153, 570175756341, 7188
570243488302, 570243498580, 10278
570274153981, 570274161106, 7125
570342747623, 570342759623, 12000
570371824487, 570371831375, 6888
570441396244, 570441408835, 12591
570474724828, 570474732268, 7440
570540157465, 570540166264, 8799
570576398343, 570576407184, 8841
570638991992, 570639001628, 9636
570670635854, 570670642931, 7077
570737839872, 570737849415, 9543
570785583760, 570785596048, 12288
570836663286, 570836671893, 8607
570935808515, 570935825942, 17427
570985256614, 570985263688, 7074
571034392201, 571034401084, 8883
571075732610, 571075746569, 13959
571133220124, 571133230888, 10764
571170887286, 571170895560, 8274
571232059083, 571232070273, 11190
571266008606, 571266016523, 7917
571330894974, 571330904229, 9255
571368508017, 571368517053, 9036
571429734498, 571429744137, 9639
571528374099, 571528382343, 8244
571568264741, 571568274827, 10086
571627446577, 571627456360, 9783
571659454969, 571659462193, 7224
571726250395, 571726259572, 9177
571758831144, 571758838587, 7443
571825072441, 571825082149, 9708
571857673626, 571857681306, 7680
571923947801, 571923958277, 10476
571955410433, 571955417687, 7254
572022781625, 572022791486, 9861
572058500125, 572058508150, 8025
572121626957, 572121636761, 9804
572152168891, 572152176436, 7545
572220458246, 572220467327, 9081
572251941833, 572251948736, 6903
572319352922, 572319362939, 10017
572358559004, 572358567287, 8283
572418133002, 572418141669, 8667
572449699112, 572449705850, 6738
572516987932, 572516998141, 10209
572547520454, 572547526754, 6300
572615848889, 572615864969, 16080
572649165789, 572649176214, 10425
572714691146, 572714700221, 9075
572757911492, 572757919421, 7929
572813515090, 572813523793, 8703
572860561285, 572860570459, 9174
572911950448, 572911954402, 3954
572943153211, 572943160177, 6966
573011200068, 573011207226, 7158
573044340162, 573044347218, 7056
573110131411, 573110139883, 8472
573154177012, 573154186789, 9777
573208847012, 573208856591, 9579
573241449562, 573241456666, 7104
573307734489, 573307744425, 9936
573351130734, 573351138270, 7536
573406644551, 573406654559, 10008
573448785161, 573448793324, 8163
573505383771, 573505393803, 10032
573543295493, 573543304151, 8658
573604253366, 573604262315, 8949
573648795843, 573648804546, 8703
573703029244, 573703039351, 10107
573732136779, 573732145083, 8304
573801968304, 573801977901, 9597
573832119952, 573832127875, 7923
573900450377, 573900456698, 6321
573933096821, 573933104144, 7323
573999574808, 573999584048, 9240
574031234667, 574031242626, 7959
574098046986, 574098057525, 10539
574136294106, 574136302992, 8886
574197486456, 574197499020, 12564
574228930568, 574228939304, 8736
574296201140, 574296210221, 9081
574340596658, 574340604569, 7911
574395019849, 574395029215, 9366
574429492646, 574429502681, 10035
574493819301, 574493830473, 11172
574592775710, 574592787323, 11613
574637050375, 574637065405, 15030
574691520730, 574691530627, 9897
574733282510, 574733295137, 12627
574790321461, 574790330623, 9162
574825280899, 574825289125, 8226
574889176623, 574889185431, 8808
574925131689, 574925144907, 13218
574987992446, 574988000351, 7905
575019446167, 575019454078, 7911
575086877945, 575086887308, 9363
575118595257, 575118602775, 7518
575185721717, 575185727852, 6135
575221472980, 575221480468, 7488
575284573280, 575284582388, 9108
575317296557, 575317305200, 8643
575383452849, 575383460628, 7779
575419897838, 575419905503, 7665
575482250416, 575482259377, 8961
575518145969, 575518153829, 7860
575581090385, 575581099847, 9462
575613935409, 575613949086, 13677
575680017541, 575680026613, 9072
575726841521, 575726854271, 12750
575778921927, 575778932868, 10941
575812574856, 575812583187, 8331
575877648822, 575877658077, 9255
575907291061, 575907302617, 11556
575976562329, 575976573060, 10731
576014010305, 576014018888, 8583
576074849987, 576074859566, 9579
576115036869, 576115045368, 8499
576174105677, 576174113651, 7974
576215758467, 576215766543, 8076
576272661446, 576272666942, 5496
576306022394, 576306029678, 7284
576371426499, 576371431968, 5469
576402331802, 576402339497, 7695
576470543078, 576470550539, 7461
576521841594, 576521851491, 9897
576583231409, 576583235594, 4185
576682096119, 576682102947, 6828
576781247367, 576781253757, 6390
576814921173, 576814930947, 9774
576881228750, 576881234426, 5676
576978591359, 576978596309, 4950
577077673615, 577077678535, 4920
577176306099, 577176314430, 8331
577275121917, 577275129147, 7230
577374151992, 577374156345, 4353
577472986677, 577472990790, 4113
577571945428, 577571950294, 4866
577603575335, 577603589540, 14205
577671304951, 577671320830, 15879
577769358779, 577769369315, 10536
577868396598, 577868401155, 4557
577967361665, 577967365541, 3876
578066079595, 578066083780, 4185
578164974865, 578164979665, 4800
578263721266, 578263725976, 4710
578364026974, 578364039001, 12027
578462198483, 578462209916, 11433
578560251279, 578560255560, 4281
578659227271, 578659232377, 5106
578757927169, 578757931210, 4041
578856578580, 578856586764, 8184
578955614454, 578955618576, 4122
579054304703, 579054317483, 12780
579082015016, 579082021646, 6630
579153665969, 579153670268, 4299
579252050467, 579252056395, 5928
579336593684, 579336600911, 7227
579373997861, 579374005745, 7884
579436242368, 579436248947, 6579
579471418263, 579471424938, 6675
579534703374, 579534713019, 9645
579564180551, 579564187346, 6795
579633618079, 579633627520, 9441
579676095850, 579676103797, 7947
579732716952, 579732725877, 8925
579766614451, 579766626694, 12243
579831260825, 579831270932, 10107
579877647356, 579877657232, 9876
579943846601, 579943850732, 4131
580042878718, 580042883314, 4596
580141797580, 580141803928, 6348
580240577398, 580240581430, 4032
580339251199, 580339258315, 7116
580438013750, 580438017905, 4155
580536912120, 580536925281, 13161
580621692085, 580621696057, 3972
580671228322, 580671235591, 7269
580721141840, 580721151077, 9237
580763702291, 580763711144, 8853
580819797463, 580819813150, 15687
580863839348, 580863855722, 16374
580918547721, 580918559253, 11532
580961805966, 580961815068, 9102
581016723914, 581016729194, 5280
581049073517, 581049080756, 7239
581116247173, 581116256950, 9777
581146972685, 581146980695, 8010
581215022579, 581215031777, 9198
581249619687, 581249627460, 7773
581313886483, 581313895402, 8919
581344685988, 581344698321, 12333
581412722584, 581412732892, 10308
581443814210, 581443822373, 8163
581511461251, 581511469840, 8589
581542883344, 581542898335, 14991
581610406612, 581610416545, 9933
581651994348, 581652009288, 14940
581709543848, 581709552725, 8877
581740905330, 581740913598, 8268
581808092951, 581808102341, 9390
581839753993, 581839764139, 10146
581906940053, 581906949635, 9582
581938206494, 581938213883, 7389
582005664537, 582005672610, 8073
582035747096, 582035760068, 12972
582104145050, 582104155460, 10410
582154026319, 582154038064, 11745
582203185993, 582203193523, 7530
582232357683, 582232364772, 7089
582301873456, 582301882288, 8832
582334477337, 582334490237, 12900
582401413179, 582401422653, 9474
582432858735, 582432867858, 9123
582500361617, 582500554739, 193122
582535491004, 582535507441, 16437
582599061088, 582599070712, 9624
582628680659, 582628687274, 6615
582697572947, 582697581032, 8085
582744261328, 582744276694, 15366
582795960142, 582795964831, 4689
582834450736, 582834459082, 8346
582895331458, 582895340257, 8799
582929701569, 582929708808, 7239
582994141337, 582994151705, 10368
583036816518, 583036824480, 7962
583093060839, 583093070337, 9498
583125762487, 583125770314, 7827
583192019062, 583192034560, 15498
583224837706, 583224845695, 7989
583290678299, 583290689666, 11367
583321126512, 583321134465, 7953
583389547786, 583389557320, 9534
583422202191, 583422210036, 7845
583488335852, 583488346799, 10947
583520170713, 583520183433, 12720
583586942713, 583586950984, 8271
583619410996, 583619419825, 8829
583685859430, 583685871154, 11724
583784783049, 583784790054, 7005
583826717121, 583826724582, 7461
583883735470, 583883745883, 10413
583919675189, 583919682626, 7437
583982576850, 583982586477, 9627
584017222396, 584017230790, 8394
584081406309, 584081416650, 10341
584134154590, 584134163296, 8706
584179839090, 584179843932, 4842
584210773766, 584210781722, 7956
584279080823, 584279090690, 9867
584310300351, 584310307329, 6978
584377938145, 584377947991, 9846
584420848837, 584420863360, 14523
584476764390, 584476774068, 9678
584506278382, 584506286428, 8046
584575613721, 584575627218, 13497
584604479444, 584604486194, 6750
584674480556, 584674492148, 11592
584704791631, 584704801192, 9561
584773603458, 584773615275, 11817
584803450097, 584803456955, 6858
584872428348, 584872440726, 12378
584905631833, 584905640305, 8472
584971041988, 584971052089, 10101
585002172656, 585002187071, 14415
585070070850, 585070079544, 8694
585100060882, 585100064650, 3768
585168925165, 585168932617, 7452
585216369862, 585216378706, 8844
585267520927, 585267529828, 8901
585300244481, 585300251864, 7383
585366276806, 585366288248, 11442
585400158893, 585400172471, 13578
585485904912, 585485915565, 10653
585486721212, 585486726447, 5235
585515017149, 585515019990, 2841
585515038272, 585515038980, 708
585572480086, 585572488198, 8112
585622717604, 585622721396, 3792
585628990850, 585628993808, 2958
585675080375, 585675087230, 6855
585730051400, 585730053716, 2316
585730310915, 585730311944, 1029
585736427150, 585736429826, 2676
585777336971, 585777344387, 7416
585823590843, 585823594416, 3573
585874311425, 585874319120, 7695
585973423470, 585973429926, 6456
586072192375, 586072196799, 4424
586171029306, 586171034535, 5229
586269867258, 586269873070, 5812
586368712328, 586368716465, 4137
586467548495, 586467552935, 4440
586566459028, 586566463654, 4626
586665441680, 586665445991, 4311
586764081409, 586764085480, 4071
586794917716, 586794924580, 6864
586862798688, 586862803923, 5235
586961787623, 586961792543, 4920
587060637069, 587060645973, 8904
587159474758, 587159478847, 4089
587258257200, 587258261646, 4446
587357514263, 587357522651, 8388
587456000663, 587456004842, 4179
587555037101, 587555043740, 6639
587653497690, 587653509567, 11877
587752504234, 587752508431, 4197
587851313247, 587851317594, 4347
587950295399, 587950300238, 4839
588049042425, 588049046901, 4476
588147868514, 588147872954, 4440
588246675551, 588246679766, 4215
588345546334, 588345550417, 4083
588444390017, 588444393857, 3840
588543239940, 588543244479, 4539
588642073689, 588642077811, 4122
588740945024, 588740949866, 4842
588839753247, 588839757444, 4197
588938589578, 588938593667, 4089
589037565181, 589037572429, 7248
589136068143, 589136072898, 4755
589235130494, 589235134616, 4122
589334045058, 589334049108, 4050
589432647567, 589432658931, 11364
589531668250, 589531672171, 3921
589630366470, 589630371366, 4896
589729352736, 589729357089, 4353
589828160898, 589828164846, 3948
589927038092, 589927041929, 3837
590025880840, 590025885292, 4452
590124691092, 590124695505, 4413
590223628721, 590223633074, 4353
590322407991, 590322412791, 4800
590421256972, 590421262471, 5499
590520031808, 590520035888, 4080
590618965986, 590618971638, 5652
590717807964, 590717812014, 4050
590816577725, 590816582204, 4479
590915608636, 590915617144, 8508
591014277675, 591014282019, 4344
591113087127, 591113091168, 4041
591211766107, 591211773925, 7818
591310781111, 591310785455, 4344
591409650470, 591409655333, 4863
591508493153, 591508497713, 4560
591607449552, 591607457382, 7830
591706182437, 591706187825, 5388
591804997164, 591805001559, 4395
591903858644, 591903865208, 6564
592002817983, 592002822108, 4125
592101601305, 592101605961, 4656
592200363221, 592200367538, 4317
592299220528, 592299225028, 4500
592398074493, 592398079650, 5157
592496879685, 592496884293, 4608
592595729092, 592595732260, 3168
592694609872, 592694615077, 5205
592793447922, 592793452566, 4644
592892331937, 592892337043, 5106
592919062264, 592919068867, 6603
592991088907, 592991092159, 3252
593089748780, 593089755749, 6969
593188843689, 593188848225, 4536
593287639284, 593287643223, 3939
593386488306, 593386492491, 4185
593485329813, 593485334148, 4335
593584139972, 593584144283, 4311
593682774705, 593682778914, 4209
593781897088, 593781903616, 6528
593880634938, 593880639390, 4452
593979568132, 593979575905, 7773
594078257486, 594078262679, 5193
594177202499, 594177208145, 5646
594276035366, 594276039551, 4185
594374903797, 594374908087, 4290
594473822902, 594473828941, 6039
594572548701, 594572552463, 3762
594671478904, 594671483254, 4350
594770058156, 594770065995, 7839
594869112560, 594869119526, 6966
594967983422, 594967987817, 4395
595066912510, 595066917634, 5124
595165562564, 595165566722, 4158
595264586564, 595264595570, 9006
595363381687, 595363386583, 4896
595462145690, 595462150250, 4560
595561083542, 595561088402, 4860
595659821968, 595659826507, 4539
595758752877, 595758757575, 4698
595857493888, 595857498442, 4554
595956196384, 595956201022, 4638
595997320437, 595997327391, 6954
596055212462, 596055217394, 4932
596154000010, 596154004084, 4074
596252869351, 596252873719, 4368
596351820367, 596351827489, 7122
596450353572, 596450362467, 8895
596549351428, 596549355511, 4083
596648268536, 596648274398, 5862
596747060886, 596747065218, 4332
596845883560, 596845887397, 3837
596944729014, 596944733556, 4542
597043596923, 597043601057, 4134
597142508087, 597142515692, 7605
597241292879, 597241297991, 5112
597340121321, 597340125677, 4356
597438971400, 597438975399, 3999
597537776094, 597537780183, 4089
597636558494, 597636562691, 4197
597735467508, 597735471711, 4203
597834243192, 597834247554, 4362
597933176681, 597933181799, 5118
598032029806, 598032033925, 4119
598130685683, 598130696840, 11157
598229700127, 598229890642, 190515
598328518664, 598328524073, 5409
598427384440, 598427388301, 3861
598526126731, 598526131567, 4836
598625027612, 598625031740, 4128
598723856739, 598723861614, 4875
598822782077, 598822787099, 5022
598921596445, 598921600864, 4419
599020488697, 599020493941, 5244
599048806717, 599048814241, 7524
599119236656, 599119240622, 3966
599218221141, 599218225842, 4701
599316943263, 599316950784, 7521
599415802934, 599415807986, 5052
599514784400, 599514790112, 5712
599613437546, 599613442298, 4752
599712376215, 599712382704, 6489
599811326473, 599811334867, 8394
599909799901, 599909806765, 6864
600008779084, 600008784223, 5139
600107684481, 600107689029, 4548
600206516740, 600206521900, 5160
600305331118, 600305335393, 4275
600404140701, 600404144799, 4098
600503064057, 600503070759, 6702
600601652193, 600601658694, 6501
600700740337, 600700744909, 4572
600799511758, 600799516246, 4488
600898367001, 600898371540, 4539
600997273653, 600997279128, 5475
601096260589, 601096267378, 6789
601194955652, 601194960620, 4968
601293658852, 601293673963, 15111
601392626263, 601392630331, 4068
601491426772, 601491431266, 4494
601590284176, 601590289210, 5034
601689081455, 601689085700, 4245
601787949467, 601787953298, 3831
601886853407, 601886858717, 5310
601985607060, 601985611437, 4377
602084475572, 602084479454, 3882
602183184210, 602183188356, 4146
602282147515, 602282151454, 3939
602381062261, 602381068357, 6096
602479848271, 602479852564, 4293
602578715393, 602578719473, 4080
602677734364, 602677739296, 4932
602776364970, 602776370553, 5583
602875199263, 602875204996, 5733
602974039090, 602974043632, 4542
603072728564, 603072740258, 11694
603171943492, 603171951355, 7863
603270560262, 603270564855, 4593
603369454731, 603369459360, 4629
603468534179, 603468538538, 4359
603567165930, 603567171522, 5592
603665997662, 603666003671, 6009
603764773609, 603764777563, 3954
603863646675, 603863652363, 5688
603962450437, 603962455510, 5073
604061328174, 604061332920, 4746
604160143186, 604160148319, 5133
604258989529, 604258993594, 4065
604357851841, 604357856695, 4854
604456619285, 604456625939, 6654
604555524493, 604555528633, 4140
604654351301, 604654355303, 4002
604753209085, 604753213093, 4008
604852187792, 604852194362, 6570
604889070222, 604889076813, 6591
604950917973, 604950923049, 5076
605049736336, 605049740170, 3834
605148601259, 605148610871, 9612
605191208734, 605191217635, 8901
605247479599, 605247483880, 4281
605346268106, 605346272204, 4098
605445121980, 605445126813, 4833
605543967919, 605543972281, 4362
605642840703, 605642846211, 5508
605741627061, 605741632443, 5382
605840493378, 605840499393, 6015
605939372929, 605939380237, 7308
606038171458, 606038175760, 4302
606137034570, 606137038746, 4176
606235853668, 606235858099, 4431
606334713392, 606334717664, 4272
606433481560, 606433485952, 4392
606532379483, 606532383905, 4422
606631247395, 606631550647, 303252
606729997356, 606730001496, 4140
606828852543, 606828856560, 4017
606927526636, 606927532942, 6306
607026574927, 607026579460, 4533
607125426411, 607125432936, 6525
607224239420, 607224245444, 6024
607323204420, 607323210360, 5940
607421927368, 607421932198, 4830
607520764708, 607520769850, 5142
607620418016, 607620422081, 4065
607718490894, 607718496321, 5427
607817390633, 607817395349, 4716
607916044019, 607916049464, 5445
608015100052, 608015104051, 3999
608113821646, 608113827082, 5436
608212780073, 608212791623, 11550
608311723855, 608311730065, 6210
608410329863, 608410334093, 4230
608509164880, 608509170097, 5217
608608045864, 608608049797, 3933
608706884340, 608706889977, 5637
608805751748, 608805756803, 5055
608904613437, 608904620940, 7503
609003388299, 609003394176, 5877
609102273081, 609102278073, 4992
609200919665, 609200931173, 11508
609299902541, 609299907089, 4548
609398965775, 609398973326, 7551
609497556712, 609497561686, 4974
609596441707, 609596447164, 5457
609695543743, 609695561242, 17499
609794166538, 609794171578, 5040
609893005790, 609893011775, 5985
609991811356, 609991817830, 6474
610090610548, 610090614562, 4014
610288344906, 610288349724, 4818
610387016075, 610387020971, 4896
610486068970, 610486075483, 6513
610584834097, 610584838984, 4887
610683789136, 610683795082, 5946
610782544150, 610782548410, 4260
610881260428, 610881264343, 3915
610980241977, 610980246432, 4455
610669720420, 610669730023, 9603
610713459961, 610713468307, 8346
610768295228, 610768302479, 7251
610797722077, 610797730036, 7959
610867423298, 610867431992, 8694
610915842262, 610915850146, 7884
610966269869, 610966278680, 8811
610998163215, 610998171657, 8442
611065104801, 611065114536, 9735
611105165216, 611105172740, 7524
611163928673, 611163938072, 9399
611197650071, 611197658735, 8664
611262789821, 611262799604, 9783
611361640720, 611361650800, 10080
611403432482, 611403440861, 8379
611460458010, 611460467115, 9105
611492521700, 611492531132, 9432
611559306037, 611559315058, 9021
611590830057, 611590837842, 7785
611658175788, 611658181497, 5709
611696522594, 611696531507, 8913
611756702820, 611756711860, 9040
611796295547, 611796303020, 7473
611855847003, 611855856270, 9267
611893635689, 611893643630, 7941
611954507918, 611954516117, 8199
611985222614, 611985230291, 7677
612053535971, 612053544110, 8139
612092945895, 612093019116, 73221
612152382025, 612152392819, 10794
612181831466, 612181838453, 6987
612250973222, 612250982555, 9333
612283635035, 612283646237, 11202
612350060198, 612350069000, 8802
612382598878, 612382606201, 7323
612448820070, 612448830309, 10239
612479574331, 612479582308, 7977
612547734825, 612547744860, 10035
612583233413, 612583240781, 7368
612646578884, 612646587974, 9090
612675669917, 612675677306, 7389
612745478815, 612745486348, 7533
612787335461, 612787343093, 7632
612844084632, 612844092705, 8073
612876021814, 612876029446, 7632
612943087004, 612943096532, 9528
612980599762, 612980610001, 10239
613041937192, 613041946852, 9660
613079494215, 613079503326, 9111
613140764364, 613140773391, 9027
613179451387, 613179460504, 9117
613239605259, 613239618423, 13164
613285823725, 613285832965, 9240
613337797760, 613337802179, 4419
613372853142, 613372860210, 7068
613437322711, 613437331714, 9003
613469181833, 613469188634, 6801
613536133219, 613536142189, 8970
613570403603, 613570410050, 6447
613635096809, 613635112433, 15624
613667400255, 613667409687, 9432
613733780034, 613733790681, 10647
613766912225, 613766919035, 6810
613832640225, 613832650356, 10131
613871070019, 613871081089, 11070
613931500653, 613931511327, 10674
613971754527, 613971763296, 8769
614030318451, 614030327601, 9150
614060542754, 614060549606, 6852
614129138015, 614129152421, 14406
614168644991, 614168655284, 10293
614227918040, 614227927844, 9804
614256532261, 614256539074, 6813
614326787390, 614326797161, 9771
614425713643, 614425723495, 9852
614461967924, 614461977053, 9129
614524494894, 614524503915, 9021
614554962471, 614554969740, 7269
614623388104, 614623398625, 10521
614653399519, 614653407523, 8004
614722223131, 614722233742, 10611
614751892799, 614751901508, 8709
614821081314, 614821090806, 9492
614865424338, 614865432906, 8568
614919920849, 614919931280, 10431
614954629669, 614954642140, 12471
615018835642, 615018849793, 14151
615047588811, 615047596815, 8004
615117589590, 615117599178, 9588
615151096531, 615151103518, 6987
615216438795, 615216449040, 10245
615246136013, 615246143165, 7152
615315293543, 615315303977, 10434
615346286395, 615346294117, 7722
615414135725, 615414144482, 8757
615461963937, 615461971410, 7473
615512964464, 615512973767, 9303
615543963373, 615543970783, 7410
615611828673, 615611838402, 9729
615642913676, 615642921008, 7332
615710962346, 615710975105, 12759
615754229599, 615754241584, 11985
615809489435, 615809501939, 12504
615840403783, 615840410566, 6783
615907680137, 615907685552, 5415
615949873307, 615949882607, 9300
616006959264, 616006968750, 9486
616040078763, 616040087577, 8814
616106018441, 616106027354, 8913
616137526613, 616137533972, 7359
616204854457, 616204863280, 8823
616236295922, 616236309692, 13770
616303700282, 616303709798, 9516
616335506029, 616335513439, 7410
616402547863, 616402556194, 8331
616449115188, 616449123084, 7896
616501354024, 616501363951, 9927
616534008291, 616534015881, 7590
616600207094, 616600217333, 10239
616640686782, 616640695146, 8364
616699059372, 616699068945, 9573
616746495875, 616746503261, 7386
616798096686, 616798106277, 9591
616845327365, 616845340847, 13482
616896718148, 616896729458, 11310
616955368639, 616955377135, 8496
616995291422, 616995297317, 5895
617029461678, 617029472073, 10395
617094288420, 617094296982, 8562
617130282020, 617130289280, 7260
617193292987, 617193301834, 8847
617223545579, 617223557696, 12117
617292292283, 617292301097, 8814
617333615651, 617333621855, 6204
617390947318, 617390956918, 9600
617434019310, 617434028442, 9132
617489992709, 617490002219, 9510
617525519694, 617525529993, 10299
617588606134, 617588618926, 12792
617619080440, 617619088630, 8190
617687296389, 617687304567, 8178
617720410613, 617720421104, 10491
617800314256, 617800318387, 4131
617900479967, 617900485922, 5955
617998123123, 617998131745, 8622
618096855044, 618096860939, 5895
618195545505, 618195549615, 4110
618294452415, 618294456096, 3681
618393101928, 618393110036, 8108
618492091691, 618492096059, 4368
618591013264, 618591017740, 4476
618689880165, 618689884545, 4380
618788660158, 618788664238, 4080
618887517286, 618887521720, 4434
618986432843, 618986441543, 8700
619085250150, 619085254740, 4590
619184001637, 619184006953, 5316
619282872775, 619282877005, 4230
619381524502, 619381532545, 8043
619480567353, 619480571961, 4608
619579471993, 619579476100, 4107
619678353123, 619678357515, 4392
619777094239, 619777098859, 4620
619875978929, 619875983051, 4122
619974843730, 619974848386, 4656
620073624842, 620073629558, 4716
620172472152, 620172476811, 4659
620271426678, 620271431472, 4794
620370196132, 620370200599, 4467
620469001750, 620469005968, 4218
620503050914, 620503057748, 6834
620567914760, 620567919194, 4434
620666485079, 620666496185, 11106
620765453852, 620765458055, 4203
620864332253, 620864336840, 4587
620963204287, 620963209492, 5205
621062046143, 621062050667, 4524
621160898510, 621160902758, 4248
621259729521, 621259733934, 4413
621358537041, 621358541376, 4335
621457378166, 621457382309, 4143
621556249618, 621556253725, 4107
621655088764, 621655093201, 4437
621753904704, 621753909291, 4587
621852743008, 621852747199, 4191
621951565593, 621951569826, 4233
622050431850, 622050436380, 4530
622149280960, 622149286345, 5385
622248109697, 622248114812, 5115
622346770954, 622346782546, 11592
622445580599, 622445586447, 5848
622544717685, 622544721702, 4017
622643527301, 622643532437, 5136
622742352716, 622742357366, 4650
622841097504, 622841101818, 4314
622940037639, 622940043942, 6303
623038883849, 623038892666, 8817
623137820228, 623137826699, 6471
623236649576, 623236656392, 6816
623335445773, 623335449688, 3915
623434298340, 623434304286, 5946
623533071080, 623533075337, 4257
623631683796, 623631687006, 3210
623730722547, 623730726741, 4194
623829599498, 623829604229, 4731
623928443285, 623928447566, 4281
624027248505, 624027252651, 4146
624126118788, 624126123111, 4323
624224782998, 624224794920, 11922
624323771218, 624323775706, 4488
624422616713, 624422620826, 4113
624112070337, 624112078125, 7788
624147017247, 624147025251, 8004
624210987870, 624210998661, 10791
624253452840, 624253463157, 10317
624309845297, 624309854447, 9150
624341419564, 624341429530, 9966
624408673121, 624408681968, 8847
624438002945, 624438009803, 6858
624507533401, 624507543859, 10458
624536086629, 624536093964, 7335
624606358948, 624606368578, 9630
624637812052, 624637832515, 20463
624704829795, 624704839047, 9252
624734218043, 624734231099, 13056
624804054975, 624804063033, 8058
624833239030, 624833247658, 8628
624902746622, 624902756267, 9645
624930755699, 624930762755, 7056
625001727853, 625001737744, 9891
625048862354, 625048870031, 7677
625100586968, 625100596277, 9309
625139572608, 625139581017, 8409
625199509890, 625199519814, 9924
625228136584, 625228143388, 6804
625298258376, 625298267958, 9582
625326806840, 625326814043, 7203
625396881264, 625396890177, 8913
625424887610, 625424896550, 8940
625495740680, 625495746905, 6225
625527724281, 625527731907, 7626
625594792593, 625594802469, 9876
625623166441, 625623174709, 8268
625693623945, 625693634364, 10419
625732807245, 625732839180, 31935
625792453481, 625792462391, 8910
625823399766, 625823406819, 7053
625891134426, 625891142034, 7608
625919261189, 625919268293, 7104
625989922512, 625989932037, 9525
626033760502, 626033769592, 9090
626089028528, 626089037939, 9411
626117501438, 626117513156, 11718
626187975722, 626187985454, 9732
626216745078, 626216752029, 6951
626286570569, 626286577097, 6528
626385198277, 626385206611, 8334
626417099580, 626417131932, 32352
626484587216, 626484595280, 8064
626514117571, 626514125521, 7950
626582972411, 626582981315, 8904
626622221981, 626622230525, 8544
626682309806, 626682317612, 7806
626711512320, 626711519844, 7524
626780744126, 626780753321, 9195
626829141021, 626829149574, 8553
626879453754, 626879458419, 4665
626908051985, 626908059599, 7614
626978597513, 626978607572, 10059
627024859157, 627024868397, 9240
627077411250, 627077422893, 11643
627110215066, 627110222623, 7557
627176250374, 627176259614, 9240
627206630623, 627206638042, 7419
627274955558, 627274962902, 7344
627305931623, 627305946617, 14994
627373893078, 627373901106, 8028
627403301696, 627403309409, 7713
627472941045, 627472949520, 8475
627503291359, 627503303734, 12375
627571557268, 627571565920, 8652
627602525656, 627602538394, 12738
627670544778, 627670556292, 11514
627700422677, 627700429952, 7275
627769294215, 627769304991, 10776
627799264994, 627799279133, 14139
627868162793, 627868238460, 75667
627910574738, 627910583729, 8991
627966976529, 627966984164, 7635
628010078704, 628010087671, 8967
628065821963, 628065832184, 10221
628094349968, 628094356835, 6867
628164723462, 628164734283, 10821
628212871826, 628212880634, 8808
628263490364, 628263499967, 9603
628293409953, 628293417300, 7347
628362329039, 628362338687, 9648
628394233384, 628394241421, 8037
628461145186, 628461155917, 10731
628491186306, 628491193911, 7605
628560016998, 628560025527, 8529
628588926909, 628588934064, 7155
628658831553, 628658842635, 11082
628695247532, 628695255809, 8277
628757658262, 628757668237, 9975
628794190179, 628794201495, 11316
628856511464, 628856521985, 10521
628885980751, 628885989970, 9219
628955466432, 628955482119, 15687
628984417648, 628984430095, 12447
629054308242, 629054323788, 15546
629093961429, 629093976630, 15201
629153023131, 629153033193, 10062
629181684992, 629181691964, 6972
629251597223, 629251604234, 7011
629290317728, 629290325288, 7560
629350725043, 629350734148, 9105
629384140851, 629384148174, 7323
629449565664, 629449577048, 11384
629478626611, 629478633835, 7224
629548471285, 629548483312, 12027
629589148116, 629589156867, 8751
629646916658, 629646922118, 5460
629746120750, 629746129858, 9108
629781611849, 629781618854, 7005
629844959582, 629844968936, 9354
629875790231, 629875799669, 9438
629943632737, 629943642682, 9945
629984854007, 629984861591, 7584
630042646300, 630042656185, 9885
630079196356, 630079204651, 8295
630141528688, 630141537592, 8904
630172477865, 630172485737, 7872
630240196459, 630240204679, 8220
630290218457, 630290228843, 10386
630338531594, 630338536385, 4791
630384611120, 630384619430, 8310
630438054762, 630438063264, 8502
630467877366, 630467884767, 7401
630536718145, 630536726296, 8151
630568463428, 630568472128, 8700
630635966209, 630635974330, 8121
630681575106, 630681589983, 14877
630734693742, 630734705490, 11748
630762663974, 630762671936, 7962
630833632936, 630833641450, 8514
630870229612, 630870239536, 9924
630932212869, 630932221581, 8712
630964768951, 630964776448, 7497
631031040367, 631031050963, 10596
631058505540, 631058512797, 7257
631129879819, 631129888360, 8541
631175726899, 631175734855, 7956
631228715390, 631228726184, 10794
631257501803, 631257509042, 7239
631327842182, 631327860680, 18498
631426271725, 631426278589, 6864
631458796027, 631458803425, 7398
631525253598, 631525262679, 9081
631555533369, 631555548780, 15411
631624089714, 631624097880, 8166
631650973707, 631650980574, 6867
631723325532, 631723335138, 9606
631758387612, 631758395781, 8169
631821776944, 631821787273, 10329
631852059992, 631852067654, 7662
631920649120, 631920658612, 9492
631950604894, 631950612781, 7887
632019745163, 632019758990, 13827
632069281088, 632069290343, 9255
632118312717, 632118321375, 8658
632153967641, 632153976515, 8874
632217214085, 632217222545, 8460
632248974773, 632248984985, 10212
632316278519, 632316292325, 13806
632346251730, 632346260403, 8673
632414828783, 632414837678, 8895
632456778976, 632456786950, 7974
632513672232, 632513682789, 10557
632549541296, 632549548991, 7695
632612546303, 632612554910, 8607
632644935212, 632644949603, 14391
632711579601, 632711591139, 11538
632759476936, 632759484118, 7182
632810217325, 632810226685, 9360
632841986111, 632841997031, 10920
632909087150, 632909098895, 11745
632943555401, 632943563678, 8277
633007953246, 633007961175, 7929
633039778146, 633039786087, 7941
633106758910, 633106768432, 9522
633137949542, 633137957423, 7881
633205556449, 633205565455, 9006
633237517200, 633237525531, 8331
633304376013, 633304385265, 9252
633350906964, 633350917968, 11004
633403123393, 633403130638, 7245
633432805875, 633432813750, 7875
633502086345, 633502094883, 8538
633541818033, 633541825956, 7923
633600938412, 633600947034, 8622
633633489458, 633633497513, 8055
633700213181, 633700225301, 12120
633738688624, 633738696514, 7890
633798585267, 633798593304, 8037
633841006869, 633841019409, 12540
633897679287, 633897686676, 7389
633930774335, 633930781820, 7485
633996193071, 633996203976, 10905
634028309872, 634028316601, 6729
634094851376, 634094860145, 8769
634128185941, 634128193438, 7497
634194045303, 634194058275, 12972
634224893036, 634224902408, 9372
634292610169, 634292619229, 9060
634339347288, 634339355529, 8241
634391663643, 634391672316, 8673
634425813741, 634425822075, 8334
634490517136, 634490528872, 11736
634534657544, 634534674500, 16956
634589339471, 634589349902, 10431
634617918823, 634617926302, 7479
634688488237, 634688497951, 9714
634726943515, 634726951882, 8367
634787062920, 634787073534, 10614
634824121214, 634824136592, 15378
634885872951, 634885883292, 10341
634919920144, 634919928328, 8184
634984716307, 634984725808, 9501
635020506443, 635020514747, 8304
635083579065, 635083589145, 10080
635111753226, 635111760720, 7494
635182383160, 635182393711, 10551
635210887331, 635210894702, 7371
635281506381, 635281514814, 8433
635328264420, 635328272622, 8202
635380064127, 635380073664, 9537
635414659628, 635414667203, 7575
635478910084, 635479168862, 258778
635519668532, 635519676218, 7686
635577736008, 635577746199, 10191
635609865153, 635609874987, 9834
635676604034, 635676613871, 9837
635704688513, 635704697285, 8772
635775432127, 635775441790, 9663
635818428345, 635818437855, 9510
635874251308, 635874260482, 9174
635915887829, 635915895716, 7887
635973104006, 635973114095, 10089
636001301942, 636001310024, 8082
636071793862, 636071804806, 10944
636109838057, 636109846370, 8313
636170837988, 636170851614, 13626
636212771751, 636212779722, 7971
636269612793, 636269623632, 10839
636297936418, 636297946528, 10110
636368456078, 636368466422, 10344
636400185829, 636400193206, 7377
636467302940, 636467312120, 9180
636509982874, 636509992069, 9195
636566147554, 636566157331, 9777
636599782312, 636599789059, 6747
636664997557, 636665007646, 10089
636696767262, 636696778956, 11694
636763750885, 636763762018, 11133
636792383027, 636792389993, 6966
636862388121, 636862397559, 9438
636907113234, 636907120641, 7407
636961679678, 636961692914, 13236
637007998865, 637008006689, 7824
637060379901, 637060389885, 9984
637099648071, 637099655364, 7293
637158970025, 637158979943, 9918
637194568053, 637194576132, 8079
637258044907, 637258054651, 9744
637356874880, 637356884540, 9660
637385991410, 637385998730, 7320
637455715307, 637455725693, 10386
637490687135, 637490695040, 7905
637554568556, 637554578561, 10005
637583229234, 637583237280, 8046
637653419060, 637653430298, 11238
637699604800, 637699617442, 12642
637752251479, 637752262774, 11295
637792244156, 637792252673, 8517
637851099542, 637851108575, 9033
637889941163, 637889949755, 8592
637949844476, 637949854127, 9651
637979558907, 637979566107, 7200
638048814957, 638048824485, 9528
638077572593, 638077581767, 9174
638147601788, 638147612141, 10353
638176052289, 638176059612, 7323
638246300283, 638246309001, 8718
638285160702, 638285168775, 8073
638345292899, 638345302193, 9294
638373867514, 638373874576, 7062
638444043278, 638444055035, 11757
638542873215, 638542883562, 10347
638581637475, 638581645302, 7827
638641813469, 638641823816, 10347
638684551922, 638684565344, 13422
638740927032, 638740940067, 13035
638782969649, 638782979282, 9633
638839598323, 638839613956, 15633
638938454245, 638938465384, 11139
638976674056, 638976681301, 7245
639037242617, 639037252550, 9933
639073241976, 639073251195, 9219
639136063393, 639136073944, 10551
639163921914, 639163928937, 7023
639234918188, 639234927407, 9219
639275752764, 639275761605, 8841
639333737283, 639333747348, 10065
639362147789, 639362155508, 7719
639432583025, 639432593102, 10077
639461540701, 639461549161, 8460
639531010483, 639531019276, 8793
639559820819, 639559827983, 7164
639629908308, 639629918274, 9966
639674675108, 639674682146, 7038
639729124056, 639729133761, 9705
639758128097, 639758135708, 7611
639827917341, 639827927760, 10419
639869876420, 639869886257, 9837
639926774663, 639926785193, 10530
639955445438, 639955453835, 8397
640025613134, 640025622674, 9540
640061306673, 640061315106, 8433
640124465095, 640124475295, 10200
640153621614, 640153719132, 97518
640223277779, 640223288648, 10869
640252069491, 640252077981, 8490
640322320475, 640322330039, 9564
640351070195, 640351083956, 13761
640420813869, 640420824270, 10401
640451091878, 640451098739, 6861
640520022359, 640520031689, 9330
640551119208, 640551126609, 7401
640618441075, 640618449841, 8766
640648217610, 640648233549, 15939
640717656111, 640717664169, 8058
640757414568, 640757423349, 8781
640816506797, 640816516211, 9414
640845859689, 640845867315, 7626
640915162195, 640915173106, 10911
640945235338, 640945245952, 10614
641014219803, 641014228320, 8517
641055619315, 641055628165, 8850
641112483391, 641112491551, 8160
641144803306, 641144810338, 7032
641211750566, 641211759344, 8778
641242383540, 641242391256, 7716
641310576603, 641310585693, 9090
641339490441, 641339500413, 9972
641409390143, 641409400967, 10824
641438113540, 641438121373, 7833
641508238630, 641508248467, 9837
641536535887, 641536542796, 6909
641607023233, 641607033586, 10353
641705848712, 641705859086, 10374
641757145236, 641757155619, 10383
641804960538, 641804969586, 9048
641846688984, 641846697981, 8997
641903474850, 641903486742, 11892
641942974504, 641942982778, 8274
642002444375, 642002453609, 9234
642031635257, 642031740722, 105465
642101091503, 642101105357, 13854
642133420990, 642133428550, 7560
642200400151, 642200409331, 9180
642231800580, 642231808272, 7692
642298517473, 642298526044, 8571
642327222064, 642327234088, 12024
642397790400, 642397800912, 10512
642428588892, 642428601075, 12183
642496803909, 642496812951, 9042
642525430924, 642525443776, 12852
642595723515, 642595732761, 9246
642629899510, 642629907472, 7962
642694326381, 642694336803, 10422
642723719062, 642723727237, 8175
642793284014, 642793293773, 9759
642839683740, 642839692032, 8292
642892004638, 642892014052, 9414
642919693928, 642919701359, 7431
642990655660, 642990664723, 9063
643018408405, 643018416154, 7749
643089432356, 643089438869, 6513
643134636153, 643134644067, 7914
643188538856, 643188549341, 10485
643217568484, 643217580484, 12000
643287290913, 643287299394, 8481
643315844097, 643315850775, 6678
643386182176, 643386191308, 9132
643419309570, 643419318960, 9390
643485025620, 643485034023, 8403
643513263073, 643513270606, 7533
643583862377, 643583872010, 9633
643615450742, 643615459508, 8766
643682952996, 643682969853, 16857
643711669790, 643711678673, 8883
643781401222, 643781409454, 8232
643837664485, 643837672588, 8103
643894403425, 643894407334, 3909
643993216928, 643993221146, 4218
644092304296, 644092310755, 6459
644190914555, 644190919010, 4455
644289733164, 644289737241, 4077
644388506266, 644388510550, 4284
644487355600, 644487360793, 5193
644586232238, 644586237173, 4935
644685142772, 644685148250, 5478
644783951185, 644783955103, 3918
644882949941, 644882957114, 7173
644981653286, 644981658425, 5139
645080434821, 645080438877, 4056
645179281326, 645179285469, 4143
645278176711, 645278180875, 4164
645376968767, 645376973717, 4950
645475832503, 645475836838, 4335
645574680886, 645574685566, 4680
645673526886, 645673532580, 5694
645772333865, 645772338749, 4884
645871165791, 645871170591, 4800
645969952604, 645969961646, 9042
646000967663, 646000976300, 8637
646068854334, 646068860340, 6006
646167689142, 646167693366, 4224
646266542084, 646266547079, 4995
646365404780, 646365409517, 4737
646464250188, 646464254676, 4488
646562996974, 646563001207, 4233
646661890436, 646661897753, 7317
646760827152, 646760833845, 6693
646859392133, 646859399905, 7772
646958429094, 646958434089, 4995
647057290325, 647057294519, 4194
647156186157, 647156192541, 6384
647254969053, 647254976136, 7083
647353798014, 647353802403, 4389
647452625980, 647452630300, 4320
647551770482, 647551774670, 4188
647650337473, 647650341688, 4215
647749164182, 647749168706, 4524
647848006759, 647848011226, 4467
647946838498, 647946845377, 6879
648045708432, 648045713364, 4932
648144677744, 648144846844, 169100
648173289468, 648173298471, 9003
648243319073, 648243323120, 4047
648342186298, 648342190699, 4401
648426787107, 648426794850, 7743
648455001102, 648455008875, 7773
648525872730, 648525878748, 6018
648554237606, 648554244230, 6624
648624501767, 648624509936, 8169
648652992276, 648652995903, 3627
648723626206, 648723632750, 6544
648754456635, 648754463529, 6894
648822373751, 648822382259, 8508
648864140137, 648864148849, 8712
648921333674, 648921342629, 8955
648951304086, 648951317475, 13389
649020322154, 649020331658, 9504
649051863285, 649051870962, 7677
649119020563, 649119032326, 11763
649153839297, 649153846266, 6969
649217853602, 649217863715, 10113
649247582437, 649247589247, 6810
649316695281, 649316704638, 9357
649346568599, 649346575238, 6639
649415282868, 649415292918, 10050
649448422601, 649448432549, 9948
649514332368, 649514341596, 9228
649545028258, 649545035968, 7710
649613011721, 649613018909, 7188
649646918285, 649646926031, 7746
649711717861, 649711726225, 8364
649756924172, 649756932158, 7986
649810947376, 649810956763, 9387
649851670467, 649851678435, 7968
649909569418, 649909577944, 8526
649957229990, 649957241636, 11646
650008673889, 650008683105, 9216
650040613060, 650040621571, 8511
650107152229, 650107159345, 7116
650139780548, 650139789014, 8466
650206043607, 650206051824, 8217
650243843193, 650243850693, 7500
650304852482, 650304862196, 9714
650336343377, 650336351555, 8178
650404208470, 650404217224, 8754
650437470227, 650437479101, 8874
650502920889, 650502929580, 8691
650542175816, 650542183010, 7194
650601638971, 650601648229, 9258
650629889155, 650629902358, 13203
650700493660, 650700502015, 8355
650733485746, 650733493186, 7440
650799407631, 650799419082, 11451
650845721326, 650845737097, 15771
650898084103, 650898094183, 10080
650940209804, 650940217358, 7554
650996990338, 650996999398, 9060
651044988067, 651044996578, 8511
651095337807, 651095347086, 9279
651156118176, 651156124533, 6357
651194592689, 651194601356, 8667
651227424828, 651227432511, 7683
651293467246, 651293475682, 8436
651325696297, 651325703866, 7569
651392739968, 651392748836, 8868
651441005804, 651441014309, 8505
651504990923, 651504996035, 5112
651603969124, 651603973288, 4164
651702675571, 651702679414, 3843
651801727264, 651801734821, 7557
651900497340, 651900501843, 4503
651999328807, 651999332983, 4176
652097959095, 652097963352, 4257
652197038927, 652197042950, 4023
652295692696, 652295703784, 11088
652394491941, 652394495643, 3702
652493532826, 652493537449, 4623
652592369066, 652592373110, 4044
652691231844, 652691235927, 4083
652790103219, 652790108001, 4782
652888984720, 652888992598, 7878
652987794985, 652987799116, 4131
653086602731, 653086606688, 3957
653185451700, 653185457403, 5703
653284278629, 653284282598, 3969
653383092213, 653383096050, 3837
653481949807, 653481955561, 5754
653580807182, 653580811664, 4482
653679638737, 653679643945, 5208
653778496533, 653778501030, 4497
653877334162, 653877338935, 4773
653976614629, 653976628546, 13917
654075013159, 654075018238, 5079
654173689890, 654173699778, 9888
654214706262, 654214712091, 5829
654272712727, 654272717731, 5004
654371524586, 654371528633, 4047
654470412397, 654470417446, 5049
654569242741, 654569246773, 4032
654668044904, 654668049077, 4173
654766791130, 654766795237, 4107
654865732041, 654865736052, 4011
654964668507, 654964673577, 5070
655063506744, 655063511952, 5208
655162289715, 655162293654, 3939
655261146559, 655261151686, 5127
655359942861, 655359947898, 5037
655458801031, 655458805444, 4413
655557528823, 655557534451, 5628
655656651798, 655656658029, 6231
655755590048, 655755597050, 7002
655853989366, 655853993716, 4350
655889510930, 655889519465, 8535
655953014348, 655953018593, 4245
656051828271, 656051832450, 4179
656150510686, 656150514244, 3558
656249621379, 656249626221, 4842
656348386704, 656348392302, 5598
656450243556, 656450248560, 5004
656549414287, 656549421328, 7041
656644868096, 656644871936, 3840
656743721022, 656743725252, 4230
656842589396, 656842594826, 5430
656941408204, 656941412290, 4086
657040315052, 657040319276, 4224
657139059072, 657139063353, 4281
657237922600, 657237927001, 4401
657336804259, 657336810547, 6288
657435639171, 657435644586, 5415
657534634581, 657534641088, 6507
657633289039, 657633293350, 4311
657732165473, 657732169802, 4329
657830964458, 657830969135, 4677
657929774062, 657929779360, 5298
658028665339, 658028669881, 4542
658127525904, 658127531070, 5166
658226344330, 658226349928, 5598
658325188918, 658325193289, 4371
658424033565, 658424037840, 4275
658522908105, 658522912218, 4113
658621700802, 658621705947, 5145
658720724630, 658720732295, 7665
658819186080, 658819193232, 7152
658918268109, 658918272579, 4470
659017144251, 659017148565, 4314
659115925547, 659115929963, 4416
659214768328, 659214772429, 4101
659313493080, 659313496899, 3819
659412417556, 659412421519, 3963
659511818358, 659511823653, 5295
659610106523, 659610112862, 6339
659708956042, 659708960242, 4200
659807919795, 659807924781, 4986
659906429475, 659906437239, 7764
660005620274, 660005625020, 4746
660104316351, 660104320161, 3810
660203150906, 660203155166, 4260
660301949331, 660301953372, 4041
660400878930, 660400883190, 4260
660499686257, 660499690175, 3918
660598535404, 660598539634, 4230
660697360779, 660697365069, 4290
660796223112, 660796229262, 6150
660895017671, 660895021646, 3975
660993931044, 660993935028, 3984
661092760206, 661092764325, 4119
661191638878, 661191644197, 5319
661290390238, 661290394291, 4053
661389102441, 661389113547, 11106
661488137945, 661488142181, 4236
661587025691, 661587033536, 7845
661685807559, 661685812191, 4632
661784608466, 661784612609, 4143
661883489559, 661883494170, 4611
661982323344, 661982327565, 4221
662081163060, 662081171334, 8274
662180011864, 662180016298, 4434
662278801067, 662278804991, 3924
662377711381, 662377716208, 4827
662476544600, 662476548623, 4023
662575369371, 662575374885, 5514
662674194012, 662674198680, 4668
662773097868, 662773102392, 4524
662871880312, 662871885436, 5124
662970697044, 662970703488, 6444
663069542576, 663069546545, 3969
663168371378, 663168378023, 6645
663267365617, 663267373156, 7539
663366182451, 663366187911, 5460
663464751047, 663464761733, 10686
663563797032, 663563801286, 4254
663662652953, 663662660270, 7317
663761444555, 663761449484, 4929
663860331529, 663860336920, 5391
663959133567, 663959137356, 3789
664058009786, 664058014172, 4386
664156885383, 664156890702, 5319
664255690356, 664255694373, 4017
664354494713, 664354498583, 3870
664453470036, 664453476657, 6621
664551977513, 664551985508, 7995
664651057660, 664651062584, 4924
664749897524, 664749901703, 4179
664848492526, 664848499228, 6702
664950500840, 664950513419, 12579
665046377948, 665046381932, 3984
665145215863, 665145219784, 3921
665243906708, 665243915456, 8748
665342875768, 665342880694, 4926
665441782473, 665441786562, 4089
664968308586, 664968317835, 9249
665032444247, 665032454504, 10257
665062745102, 665062757342, 12240
665131255649, 665131266428, 10779
665160942223, 665160950314, 8091
665229965130, 665229972630, 7500
665268691844, 665268702737, 10893
665328949079, 665328959624, 10545
665359046332, 665359053094, 6762
665427790634, 665427799565, 8931
665458055471, 665458067036, 11565
665529683892, 665529692325, 8433
665559027865, 665559037855, 9990
665625795838, 665625805210, 9372
665655365013, 665655373236, 8223
665724338864, 665724349382, 10518
665753933761, 665753946100, 12339
665823142860, 665823152283, 9423
665852023955, 665852031887, 7932
665921423165, 665921432312, 9147
665951704428, 665951716617, 12189
666020845363, 666020854015, 8652
666046378660, 666046382443, 3783
666119508765, 666119516766, 8001
666151791266, 666151798511, 7245
666218173415, 666218181806, 8391
666251729295, 666251738118, 8823
666317884189, 666317894560, 10371
666346569336, 666346576557, 7221
666416521045, 666416529844, 8799
666515194216, 666515199997, 5781
666557755789, 666557767078, 11289
666613861525, 666613871506, 9981
666642614248, 666642621634, 7386
666712698383, 666712706795, 8412
666745936100, 666745942643, 6543
666811568078, 666811578890, 10812
666840574740, 666840582927, 8187
666910420474, 666910431001, 10527
666948428085, 666948436719, 8634
667009257669, 667009268805, 11136
667108107985, 667108117489, 9504
667139995702, 667140002806, 7104
667206933704, 667206944042, 10338
667237729218, 667237738257, 9039
667305733914, 667305743178, 9264
667363706896, 667363714486, 7590
667404608569, 667404618691, 10122
667432617548, 667432625156, 7608
667503502734, 667503512085, 9351
667546388322, 667546397523, 9201
667602205650, 667602214704, 9054
667630740944, 667630747973, 7029
667701183545, 667701192557, 9012
667730865157, 667730871688, 6531
667799767187, 667799773760, 6573
667836078618, 667836089844, 11226
667898850749, 667898861453, 10704
667927913917, 667927921021, 7104
667997683427, 667997693600, 10173
668039059149, 668039065458, 6309
668096506902, 668096517504, 10602
668126106857, 668126117153, 10296
668195557421, 668195572112, 14691
668240612896, 668240622571, 9675
668294215337, 668294224208, 8871
668337302856, 668337314037, 11181
668393255837, 668393265389, 9552
668424713508, 668424721368, 7860
668491895645, 668491906034, 10389
668523229395, 668523236616, 7221
668590742476, 668590752154, 9678
668619639069, 668619655233, 16164
668689591103, 668689599644, 8541
668718892819, 668718898762, 5943
668788583740, 668788591651, 7911
668830533002, 668830541645, 8643
668887257768, 668887267263, 9495
668918840229, 668918849589, 9360
668986292450, 668986300319, 7869
669017607616, 669017616496, 8880
669084899621, 669084908288, 8667
669114756628, 669114764143, 7515
669183941251, 669183950416, 9165
669223381900, 669223390621, 8721
669282489154, 669282498085, 8931
669327949799, 669327961748, 11949
669381460369, 669381470299, 9930
669411905941, 669411918484, 12543
669480589206, 669480598863, 9657
669524564240, 669524572032, 7792
669579112978, 669579121279, 8301
669605869474, 669605879968, 10494
669677989242, 669677999742, 10500
669709487439, 669709494474, 7035
669777009973, 669777018619, 8646
669806743088, 669806756447, 13359
669875678663, 669875688602, 9939
669905282061, 669905289267, 7206
669974881812, 669974893329, 11517
670020803862, 670020811887, 8025
670073406179, 670073416106, 9927
670124468816, 670124477105, 8289
670171955161, 670171964995, 9834
670202034779, 670202041664, 6885
670270745736, 670270755168, 9432
670323615863, 670323629789, 13926
670369437490, 670369445647, 8157
670403247787, 670403255014, 7227
670468676019, 670468687059, 11040
670505128941, 670505138862, 9921
670568009851, 670568018782, 8931
670616616369, 670616625600, 9231
670666389278, 670666398980, 9702
670706896983, 670706904120, 7137
670765291290, 670765298676, 7386
670803899694, 670803907503, 7809
670864107068, 670864117094, 10026
670916109835, 670916117707, 7872
670962921447, 670962931140, 9693
670993139366, 670993146338, 6972
671061779295, 671061787095, 7800
671093742099, 671093750025, 7926
671160489564, 671160495303, 5739
671194974145, 671194981567, 7422
671259357258, 671259367994, 10736
671295574365, 671295582864, 8499
671358265205, 671358274481, 9276
671400525152, 671400533630, 8478
671457120355, 671457129463, 9108
671490376058, 671490382853, 6795
671555588550, 671555595204, 6654
671587539081, 671587545597, 6516
671654675611, 671654686258, 10647
671691228575, 671691237506, 8931
671753681372, 671753690402, 9030
671784731967, 671784738660, 6693
671852512689, 671852522481, 9792
671887608007, 671887616602, 8595
671951342289, 671951351352, 9063
671990204483, 671990213423, 8940
672050175423, 672050185893, 10470
672084372917, 672084381287, 8370
672149037400, 672149047630, 10230
672179513708, 672179521535, 7827
672247863168, 672247873206, 10038
672276608924, 672276616109, 7185
672346729261, 672346739266, 10005
672376825070, 672376832510, 7440
672445510153, 672445519561, 9408
672481709932, 672481722184, 12252
672544362325, 672544372261, 9936
672587920989, 672587927643, 6654
672643075349, 672643083230, 7881
672676447995, 672676459206, 11211
672742395349, 672742407139, 11790
672781939180, 672781946293, 7113
672841029354, 672841044336, 14982
672882508230, 672882517650, 9420
672939428734, 672939435124, 6390
672975336257, 672975343475, 7218
673038255741, 673038266622, 10881
673079321553, 673079329245, 7692
673137498989, 673137508961, 9972
673169100478, 673169108062, 7584
673236279556, 673236288748, 9192
673267358843, 673267365863, 7020
673335117881, 673335127250, 9369
673371560344, 673371568474, 8130
673433951715, 673433961822, 10107
673468096604, 673468108184, 11580
673532848467, 673532858187, 9720
673561451789, 673561458977, 7188
673631618034, 673631628171, 10137
673664606995, 673664614690, 7695
673730496790, 673730505763, 8973
673762440279, 673762448739, 8460
673829362012, 673829371195, 9183
673872190983, 673872199158, 8175
673928273992, 673928284369, 10377
673972315814, 673972324214, 8400
674026980654, 674026991519, 10865
674058187857, 674058196422, 8565
674125859050, 674125869886, 10836
674157597315, 674157604359, 7044
674224680279, 674224690038, 9759
674256214215, 674256222249, 8034
674323417017, 674323426485, 9468
674363564686, 674363575291, 10605
674422066616, 674422075934, 9318
674460938447, 674460952967, 14520
674521190881, 674521200790, 9909
674549506937, 674549513513, 6576
674620031319, 674620041078, 9759
674648945913, 674648953593, 7680
674718898940, 674718907808, 8868
674754594326, 674754602807, 8481
674817738755, 674817748112, 9357
674847976543, 674847983338, 6795
674916685430, 674916698828, 13398
674961713545, 674961721513, 7968
675015399525, 675015408615, 9090
675056057205, 675056065302, 8097
675114238781, 675114249788, 11007
675148053677, 675148060961, 7284
675213101092, 675213110833, 9741
675244944204, 675244950945, 6741
675311928734, 675311938826, 10092
675347919840, 675347928747, 8907
675410708716, 675410718832, 10116
675443070891, 675443076972, 6081
675509604477, 675509615037, 10560
675540623853, 675540632169, 8316
675608265558, 675608274297, 8739
675707302752, 675707311953, 9201
675738121557, 675738129972, 8415
675806145367, 675806154967, 9600
675839497390, 675839504686, 7296
675904999487, 675905009768, 10281
675935834296, 675935843977, 9681
676003823294, 676003832486, 9192
676047519487, 676047528283, 8796
676102660233, 676102669020, 8787
676136813808, 676136821269, 7461
676201525737, 676201535256, 9519
676240084361, 676240096400, 12039
676300584455, 676300592300, 7845
676335651049, 676335658558, 7509
676399412555, 676399421987, 9432
676429132355, 676429146143, 13788
676498042814, 676498051583, 8769
676540343324, 676540351004, 7680
676597180186, 676597191478, 11292
676640005210, 676640013340, 8130
676695734831, 676695744527, 9696
676725232576, 676725240262, 7686
676794541815, 676794551433, 9618
676824964815, 676824972369, 7554
676893434703, 676893444474, 9771
676921395187, 676921403542, 8355
676992247710, 676992257259, 9549
677019437921, 677019445067, 7146
677091089373, 677091098487, 9114
677126651380, 677126662984, 11604
677189914385, 677189924669, 10284
677218595982, 677218602624, 6642
677288787265, 677288795506, 8241
677317152441, 677317163421, 10980
677387594120, 677387603843, 9723
677415613908, 677415621492, 7584
677486555073, 677486565957, 10884
677531066467, 677531076643, 10176
677585544108, 677585649476, 105368
677615685800, 677615693903, 8103
677683608350, 677683615214, 6864
677716987006, 677716994746, 7740
677782612556, 677782622459, 9903
677813386306, 677813394073, 7767
677881775181, 677881787268, 12087
677924157215, 677924165960, 8745
677980674714, 677980684923, 10209
678011762382, 678011770236, 7854
678079316094, 678079325913, 9819
678122490962, 678122499587, 8625
678178345828, 678178356121, 10293
678207773700, 678207783567, 9867
678277001733, 678277010883, 9150
678319930589, 678319938992, 8403
678376138036, 678376149208, 11172
678428630718, 678428643663, 12945
678474575721, 678474581958, 6237
678504453549, 678504460095, 6546
678573753384, 678573763437, 10053
678618801122, 678618809252, 8130
678672227879, 678672232502, 4623
678771405051, 678771415035, 9984
678801432788, 678801439832, 7044
678870261564, 678870268902, 7338
678915561308, 678915570653, 9345
678969263897, 678969273290, 9393
678999407581, 678999414424, 6843
679067900512, 679067910055, 9543
679105870966, 679105880158, 9192
679166797609, 679166805346, 7737
679199111697, 679199122038, 10341
679265429931, 679265438253, 8322
679294398151, 679294406929, 8778
679364456273, 679364466485, 10212
679405913920, 679405923034, 9114
679463469948, 679463480340, 10392
679507584401, 679507592429, 8028
679561767648, 679561775829, 8181
679597642622, 679597650194, 7572
679660974332, 679660984094, 9762
679690856037, 679690863591, 7554
679759824347, 679759835828, 11481
679790348898, 679790361183, 12285
679858484129, 679858492553, 8424
679897693885, 679897701901, 8016
679957808808, 679957816809, 8001
679996665583, 679996673329, 7746
680056703691, 680056712634, 8943
680086492521, 680086499847, 7326
680155179395, 680155187711, 8316
680189968489, 680189977330, 8841
680254003001, 680254013123, 10122
680294465490, 680294479314, 13824
680352831873, 680352840828, 8955
680383396072, 680383404445, 8373
680451531931, 680451542875, 10944
680484150354, 680484158187, 7833
680550530250, 680550539982, 9732
680580132789, 680580141444, 8655
680649262060, 680649272416, 10356
680680010246, 680680096352, 86106
680748448567, 680748457819, 9252
680778980482, 680778996493, 16011
680847300949, 680847309142, 8193
680876787770, 680876794985, 7215
680946486474, 680946492252, 5778
680976284019, 680976296241, 12222
681044568022, 681044577898, 9876
681075634677, 681075641958, 7281
681143550035, 681143560127, 10092
681174610873, 681174621616, 10743
681242755889, 681242768144, 12255
681289461991, 681289469023, 7032
681341245582, 681341254582, 9000
681378627031, 681378634660, 7629
681439794904, 681439803508, 8604
681481887050, 681481896470, 9420
681538918930, 681538928419, 9489
681569691440, 681569700191, 8751
681637810656, 681637821195, 10539
681668240165, 681668248238, 8073
681736646191, 681736656136, 9945
681782664700, 681782680519, 15819
681835496520, 681835505883, 9363
681864345737, 681864356837, 11100
681934342379, 681934352471, 10092
681962913044, 681962924552, 11508
682033768986, 682033780161, 11175
682062686901, 682062693606, 6705
682131916845, 682131926187, 9342
682161822529, 682161832837, 10308
682230781771, 682230791719, 9948
682268711494, 682268718214, 6720
682329575870, 682329583940, 8070
682359279956, 682359286712, 6756
682428611234, 682428624425, 13191
682464012683, 682464020306, 7623
682527597134, 682527611810, 14676
682570086996, 682570094475, 7479
682626293320, 682626303049, 9729
682655288315, 682655300750, 12435
682724631448, 682724640043, 8595
682755329040, 682755343014, 13974
682824264641, 682824273680, 9039
682865198797, 682865207068, 8271
682922734856, 682922744072, 9216
682961584535, 682961592860, 8325
683021559888, 683021569413, 9525
683048934708, 683048941914, 7206
683120371506, 683120381961, 10455
683152545297, 683152553877, 8580
683219467254, 683219476074, 8820
683248556786, 683248563359, 6573
683318112742, 683318121445, 8703
683355147536, 683355157553, 10017
683416935200, 683416946090, 10890
683446019568, 683446030740, 11172
683515785635, 683515794743, 9108
683544488720, 683544497669, 8949
683614823026, 683614831414, 8388
683657253454, 683657262223, 8769
683713654313, 683713662671, 8358
683743266261, 683743274322, 8061
683812306786, 683812315594, 8808
683842272260, 683842280480, 8220
683911159658, 683911169603, 9945
683954594943, 683954602107, 7164
684009888468, 684009899559, 11091
684047105249, 684047113280, 8031
684108826305, 684108836199, 9894
684137995886, 684138003296, 7410
684207657989, 684207667808, 9819
684236656092, 684236666943, 10851
684306751107, 684306760779, 9672
684405022008, 684405030588, 8580
684434459988, 684434467872, 7884
684504542278, 684504553585, 11307
684549244455, 684549254565, 10110
684602728643, 684602736365, 7722
684634282776, 684634289529, 6753
684701882041, 684701892112, 10071
684732188119, 684732195190, 7071
684800406022, 684800414416, 8394
684856181072, 684856190147, 9075
684899404140, 684899415852, 11712
684944492249, 684944502173, 9924
684998401810, 684998412274, 10464
685026447746, 685026455165, 7419
685097237314, 685097246146, 8832
685133788359, 685133804706, 16347
685196089340, 685196099006, 9666
685224465275, 685224472589, 7314
685294922680, 685294931803, 9123
685323026778, 685323034365, 7587
685393757455, 685393767268, 9813
685424547925, 685424554744, 6819
685492612280, 685492621679, 9399
685521275602, 685521282547, 6945
685591457681, 685591466087, 8406
685623371482, 685623379429, 7947
685690296068, 685690306241, 10173
685721809598, 685721816702, 7104
685789137114, 685789146525, 9411
685818054197, 685818061586, 7389
685887987892, 685887997018, 9126
685919332974, 685919341872, 8898
685986822061, 685986830707, 8646
686015641147, 686015649415, 8268
686085166395, 686085201011, 34616
686117808850, 686117815822, 6972
686184489278, 686184498170, 8892
686215141526, 686215148750, 7224
686283167754, 686283176274, 8520
686313527964, 686313534561, 6597
686382103559, 686382112337, 8778
686480867529, 686480874849, 7320
686510948521, 686510955355, 6834
686579843556, 686579853486, 9930
686613202641, 686613209733, 7092
686678673916, 686678683588, 9672
686706061892, 686706069446, 7554
686777590753, 686777600215, 9462
686807348745, 686807355555, 6810
686876398938, 686876410701, 11763
686906972297, 686906980541, 8244
686975243331, 686975253324, 9993
687016531902, 687016539513, 7611
687074077846, 687074087422, 9576
687115489035, 687115496493, 7458
687172907900, 687172918964, 11064
687204553098, 687204563499, 10401
687271737950, 687271746665, 8715
687302002806, 687302010858, 8052
687370584059, 687370592705, 8646
687403354777, 687403362550, 7773
687469436470, 687469446124, 9654
687500496313, 687500504134, 7821
687568280236, 687568290076, 9840
687598630136, 687598637606, 7470
687667120846, 687667130437, 9591
687706835609, 687706848308, 12699
687765962485, 687765972874, 10389
687797433774, 687797441499, 7725
687864825746, 687864836546, 10800
687963640858, 687963649258, 8400
688009777724, 688009786226, 8502
688062518612, 688062532109, 13497
688101164455, 688101171604, 7149
688161321726, 688161331308, 9582
688260177595, 688260186718, 9123
688296848556, 688296856944, 8388
688359000616, 688359009688, 9072
688394829001, 688394836414, 7413
688457832934, 688457842876, 9942
688490460585, 688490468982, 8397
688556480087, 688556490287, 10200
688596240531, 688596249474, 8943
688655332702, 688655340376, 7674
688702886829, 688702895361, 8532
688754413898, 688754426621, 12723
688788318419, 688788325892, 7473
688853531806, 688853545042, 13236
688892407203, 688892414067, 6864
688952105875, 688952116324, 10449
688991930788, 688991939830, 9042
689050954310, 689050960976, 6666
689087021791, 689087030164, 8373
689149775787, 689149784778, 8991
689184223857, 689184232854, 8997
689248306347, 689248317750, 11403
689286926674, 689286934444, 7770
689347458927, 689347467522, 8595
689380408141, 689380416271, 8130
689446219841, 689446229624, 9783
689481285048, 689481295479, 10431
689545109871, 689545118061, 8190
689583937029, 689583951621, 14592
689643951240, 689643960228, 8988
689683797254, 689683805129, 7875
689742770851, 689742779686, 8835
689777049557, 689777058191, 8634
689841659101, 689841668731, 9630
689872180221, 689872188201, 7980
689940478216, 689940486913, 8697
690039326699, 690039335510, 8811
690070952269, 690070963840, 11571
690138142066, 690138151363, 9297
690173312756, 690173321141, 8385
690236920717, 690236928562, 7845
690281001660, 690281012820, 11160
690335690488, 690335701051, 10563
690365987859, 690365995797, 7938
690434539237, 690434549311, 10074
690480413767, 690480423520, 9753
690533531009, 690533542205, 11196
690579127020, 690579152241, 25221
690632057586, 690632066748, 9162
690680174683, 690680184688, 10005
690731182873, 690731192851, 9978
690781054265, 690781061855, 7590
690830066306, 690830080946, 14640
690871525379, 690871534523, 9144
690928849396, 690928859554, 10158
691027452290, 691027458785, 6495
691072116641, 691072123352, 6711
691126840706, 691126848407, 7701
691164583812, 691164591810, 7998
691225385402, 691225394351, 8949
691260856580, 691260863816, 7236
691338295475, 691338303110, 7635
691437083420, 691437089855, 6435
691535631826, 691535635585, 3759
691634770805, 691634775521, 4716
691733616292, 691733621215, 4923
691832398518, 691832403597, 5079
691931188324, 691931192296, 3972
692030038235, 692030043134, 4899
692128998958, 692129003632, 4674
692227802081, 692227807196, 5115
692326694803, 692326699384, 4581
692425218566, 692425226246, 7680
692510023153, 692510028847, 5694
692543865816, 692543873655, 7839
692609196891, 692609206296, 9405
692636649665, 692636656691, 7026
692707998904, 692708008711, 9807
692747775578, 692747783933, 8355
692806849418, 692806858799, 9381
692837063716, 692837072656, 8940
692905687932, 692905697808, 9876
692939015176, 692939024602, 9426
693004553622, 693004562610, 8988
693034884734, 693034892630, 7896
693103454203, 693103463689, 9486
693146920402, 693146934058, 13656
693202179262, 693202187911, 8649
693232599428, 693232606106, 6678
693301039327, 693301049065, 9738
693330258578, 693330266594, 8016
693399892262, 693399901379, 9117
693432784353, 693432793389, 9036
693498771070, 693498779302, 8232
693527389153, 693527396866, 7713
693597605043, 693597614157, 9114
693642947514, 693642955293, 7779
693696431893, 693696441829, 9936
693725307412, 693725314981, 7569
693794659943, 693794664437, 4494
693835886837, 693835894190, 7353
693894097436, 693894105998, 8562
693936110928, 693936118818, 7890
693992963810, 693992971994, 8184
694033626351, 694033634445, 8094
694091540577, 694091548290, 7713
694126654740, 694126662216, 7476
694190667896, 694190676401, 8505
694220975550, 694220988327, 12777
694289271572, 694289280308, 8736
694332435999, 694332448515, 12516
694388053678, 694388057881, 4203
694420792344, 694420799745, 7401
694487196905, 694487210453, 13548
694515524173, 694515531265, 7092
694585623362, 694585628927, 5565
694623798593, 694623805928, 7335
694684902306, 694684912179, 9873
694713967315, 694713975814, 8499
694783664002, 694783674046, 10044
694816747902, 694816755720, 7818
694882268291, 694882278476, 10185
694928542206, 694928557032, 14826
694981191854, 694981201199, 9345
695010195865, 695010204022, 8157
695080196057, 695080206398, 10341
695112583165, 695112590704, 7539
695178998786, 695179009418, 10632
695210708663, 695210720462, 11799
695277867041, 695277877601, 10560
695309447187, 695309458062, 10875
695376707953, 695376718297, 10344
695414599656, 695414608296, 8640
695475553396, 695475562558, 9162
695504358834, 695504365815, 6981
695574400378, 695574409783, 9405
695621404323, 695621411865, 7542
695673233557, 695673268513, 34956
695701248617, 695701256096, 7479
695771847244, 695771856265, 9021
695811459213, 695811467508, 8295
695870914165, 695870925193, 11028
695904059857, 695904066565, 6708
695969816468, 695969827478, 11010
695998693932, 695998704456, 10524
696068616872, 696068627102, 10230
696097624774, 696097632979, 8205
696167607129, 696167625111, 17982
696196668572, 696196676411, 7839
696266270500, 696266279708, 9208
696306008973, 696306017532, 8559
696364785576, 696364795032, 9456
696396617436, 696396630300, 12864
696463982098, 696463992904, 10806
696494853805, 696494865454, 11649
696562807568, 696562818272, 10704
696592201408, 696592209367, 7959
696661674896, 696661685243, 10347
696695780453, 696695788379, 7926
696760435711, 696760446478, 10767
696791254106, 696791261894, 7788
696859358009, 696859369274, 11265
696887360296, 696887367736, 7440
696958188137, 696958199402, 11265
696996202987, 696996210427, 7440
697057018199, 697057027871, 9672
697099410241, 697099418053, 7812
697155860826, 697155870594, 9768
697197753430, 697197762277, 8847
697254847564, 697254862441, 14877
697285055802, 697285063188, 7386
697353646259, 697353655553, 9294
697399140752, 697399148681, 7929
697452291171, 697452300552, 9381
697483921104, 697483928058, 6954
697551217873, 697551227185, 9312
697581955156, 697581962314, 7158
697650079896, 697650089100, 9204
697682952033, 697682960577, 8544
697748929347, 697748938866, 9519
697781096039, 697781104184, 8145
697847805666, 697847815389, 9723
697878231456, 697878238206, 6750
697946542613, 697946550947, 8334
697980276798, 697980285312, 8514
698045458091, 698045467625, 9534
698074285393, 698074297627, 12234
698144318764, 698144328859, 10095
698184369876, 698184376767, 6891
698242924658, 698242938440, 13782
698279643202, 698279650924, 7722
698341908560, 698341926500, 17940
698373673006, 698373680896, 7890
698440944502, 698440959142, 14640
698473376078, 698473385081, 9003
698540068401, 698540081802, 13401
698575321490, 698575328702, 7212
698638515583, 698638524544, 8961
698669034996, 698669044320, 9324
698737554331, 698737563013, 8682
698778464595, 698778472053, 7458
698836170300, 698836180758, 10458
698869429068, 698869438317, 9249
698934950670, 698934960279, 9609
698966431814, 698966438864, 7050
699033819395, 699033829310, 9915
699073224536, 699073231910, 7374
699132690469, 699132700831, 10362
699173611370, 699173620097, 8727
699231521174, 699231531941, 10767
699261141553, 699261151147, 9594
699330328110, 699330338292, 10182
699361600948, 699361611205, 10257
699429435183, 699429444531, 9348
699458347323, 699458355381, 8058
699528206504, 699528216317, 9813
699565741188, 699565748964, 7776
699627442284, 699627453229, 10945
699659009077, 699659016589, 7512
699725707357, 699725717596, 10239
699767735592, 699767744997, 9405
699824875383, 699824882682, 7299
699857511631, 699857518930, 7299
699923632826, 699923641823, 8997
699963903245, 699963914459, 11214
700022426363, 700022437262, 10899
700069204575, 700069212681, 8106
700121293369, 700121301982, 8613
700176132178, 700176149782, 17604
700233889246, 700233893482, 4236
700332735266, 700332739709, 4443
700431355120, 700431362896, 7776
700530204226, 700530211657, 7431
700629277693, 700629282448, 4755
700728142058, 700728147179, 5121
700826935852, 700826939788, 3936
700925977316, 700925981556, 4240
701024733778, 701024738125, 4347
701123407715, 701123411921, 4206
701222298926, 701222303861, 4935
701321144467, 701321149849, 5382
701419795034, 701419801814, 6780
701518892919, 701518896762, 3843
701617664931, 701617669518, 4587
701716529354, 701716533488, 4134
701815406126, 701815410920, 4794
701914222650, 701914226676, 4026
702013004948, 702013009199, 4251
702111956338, 702111962791, 6453
702210744875, 702210748781, 3906
702309558677, 702309562688, 4011
702408212108, 702408217163, 5055
702507266771, 702507272183, 5412
702606077396, 702606082709, 5313
702704891806, 702704896945, 5139
702803819856, 702803825160, 5304
702902616262, 702902620648, 4386
703001442482, 703001448248, 5766
703100128831, 703100139331, 10500
703199177810, 703199182985, 5175
703231725056, 703231731470, 6414
703297937701, 703297941955, 4254
703396800999, 703396807353, 6354
703495642041, 703495648119, 6078
703594508589, 703594512702, 4113
703693436555, 703693441643, 5088
703792163444, 703792167542, 4098
703891914844, 703891919425, 4581
703989855586, 703989859717, 4131
704088658067, 704088663221, 5154
704187406758, 704187410967, 4209
704286327617, 704286331652, 4035
704385238206, 704385243303, 5097
704484050683, 704484054970, 4287
704582966299, 704582971141, 4842
704683079242, 704683083709, 4467
704780392619, 704780401022, 8403
704879447193, 704879451447, 4254
704978421690, 704978433132, 11442
705077154450, 705077160456, 6006
705175982323, 705175986709, 4386
705274822913, 705274827968, 5055
705373608413, 705373612742, 4329
705472505609, 705472509803, 4194
705571341681, 705571346070, 4389
705670135092, 705670139319, 4227
705769029881, 705769034936, 5055
705867809870, 705867814322, 4452
705966658724, 705966662792, 4068
706065629549, 706065634199, 4650
706164365019, 706164372012, 6993
706263193258, 706263197719, 4461
706291376671, 706291383901, 7230
706362073337, 706362077327, 3990
706460717594, 706460727512, 9918
706559759545, 706559765299, 5754
706658560046, 706658564354, 4308
706757436636, 706757442051, 5415
706856469197, 706856477111, 7914
706955115923, 706955121086, 5163
707053925254, 707053929991, 4737
707152835035, 707152839436, 4401
707251613232, 707251617366, 4134
707350404653, 707350411970, 7317
707449352311, 707449357669, 5358
707548113969, 707548118139, 4170
707647022292, 707647026681, 4389
707745853322, 707745857282, 3960
707844751826, 707844757037, 5211
707943721729, 707943725908, 4179
708042375059, 708042379304, 4245
708141221015, 708141225374, 4359
708240076181, 708240080315, 4134
708338867333, 708338871902, 4569
708437531831, 708437537780, 5949
708536574926, 708536578787, 3861
708635422098, 708635426661, 4563
708734140796, 708734144963, 4167
708833078980, 708833083990, 5010
708932144212, 708932155210, 10998
709030781183, 709030785689, 4506
709129638636, 709129642731, 4095
709228465756, 709228470085, 4329
709327343961, 709327349214, 5253
709366195198, 709366203457, 8259
709426141058, 709426145225, 4167
709525012655, 709525016846, 4191
709623841579, 709623845761, 4182
709722441950, 709722448556, 6606
709754966840, 709754975582, 8742
709821525242, 709821529241, 3999
709920394001, 709920398612, 4611
710019212766, 710019217131, 4365
710118060701, 710118065918, 5217
710216956623, 710216961414, 4791
710315859121, 710315865394, 6273
710414543445, 710414548008, 4563
710513173792, 710513180752, 6960
710612239540, 710612244961, 5421
710711062937, 710711067272, 4335
710809749655, 710809762021, 12366
710908686607, 710908690978, 4371
711007614526, 711007619122, 4596
711106471037, 711106476041, 5004
711205275727, 711205280920, 5193
711304478163, 711304485384, 7221
711402986497, 711402990418, 3921
711501917926, 711501922339, 4413
711600595714, 711600600049, 4335
711699511329, 711699515913, 4584
711798407905, 711798411832, 3927
711897187767, 711897191844, 4077
711996017386, 711996021562, 4176
712094885992, 712094890456, 4464
712193529073, 712193542258, 13185
712292599375, 712292604085, 4710
712391410731, 712391414862, 4131
712419106965, 712419112851, 5886
712489981499, 712489986833, 5334
712589050840, 712589055466, 4626
712687719822, 712687723719, 3897
712786776143, 712786780517, 4374
712885740544, 712885744867, 4323
712984435964, 712984440404, 4440
713083313470, 713083319572, 6102
713182087393, 713182092127, 4734
713280777513, 713280784269, 6756
713379776688, 713379781194, 4506
713478670704, 713478674652, 3948
713577466281, 713577470145, 3864
713676294686, 713676299012, 4326
713775330502, 713775339118, 8616
713874011486, 713874016382, 4896
713972830400, 713972834315, 3915
714071728234, 714071733160, 4926
714170482226, 714170486837, 4611
714269359826, 714269364353, 4527
714368211787, 714368215693, 3906
714467080113, 714467085120, 5007
714565884324, 714565888182, 3858
714664561456, 714664571863, 10407
714763545337, 714763550020, 4683
714862392330, 714862399173, 6843
714961276866, 714961281324, 4458
715060099904, 715060104026, 4122
715158872821, 715158877024, 4203
715257730521, 715257734877, 4356
715356650008, 715356655462, 5454
715456331646, 715456336338, 4692
715554313597, 715554317698, 4101
715653187102, 715653191149, 4047
715752058987, 715752064012, 5025
715836565486, 715836573055, 7569
715863275120, 715863282863, 7743
715935690696, 715935697320, 6624
715970908303, 715970917423, 9120
716034244825, 716034253558, 8733
716072693237, 716072702144, 8907
716133403111, 716133412414, 9303
716177710131, 716177717316, 7185
716232243873, 716232251853, 7980
716331150731, 716331160328, 9597
716376124860, 716376133752, 8892
716429637554, 716429643155, 5601
716465377804, 716465385292, 7488
716528773197, 716528782698, 9501
716574231389, 716574239066, 7677
716627606162, 716627615561, 9399
716666704531, 716666712202, 7671
716726203999, 716726214781, 10782
716771647645, 716771656051, 8406
716825264104, 716825277562, 13458
716873236401, 716873243907, 7506
716924101699, 716924109475, 7776
716963852751, 716963860938, 8187
717022913276, 717022922573, 9297
717057669808, 717057677701, 7893
717121826077, 717121835275, 9198
717152942258, 717152949533, 7275
717220463047, 717220470814, 7767
717262763048, 717262777559, 14511
717319475144, 717319485137, 9993
717360535676, 717360546449, 10773
717418253314, 717418267153, 13839
717452339452, 717452348215, 8763
717517173187, 717517183348, 10161
717557345399, 717557356730, 11331
717615987220, 717615997150, 9930
717651195034, 717651202510, 7476
717714853342, 717714863950, 10608
717750195066, 717750201660, 6594
717813674407, 717813684256, 9849
717848424131, 717848431793, 7662
717912605057, 717912613649, 8592
717943615114, 717943622815, 7701
718011392329, 718011401605, 9276
718047133566, 718047140796, 7230
718110293085, 718110303708, 10623
718153524059, 718153533317, 9258
718208911023, 718208919987, 8964
718252477379, 718252486382, 9003
718307743507, 718307749891, 6384
718347948377, 718347956624, 8247
718406549398, 718406558398, 9000
718444221062, 718444229231, 8169
718505509800, 718505516652, 6852
718604480209, 718604490289, 10080
718649784041, 718649791679, 7638
718703438483, 718703450819, 12336
718751147874, 718751155416, 7542
718802369056, 718802377363, 8307
718834533312, 718834546449, 13137
718900768897, 718900775620, 6723
718942470531, 718942478148, 7617
719000118720, 719000132175, 13455
719050761056, 719050769456, 8400
719098797093, 719098807878, 10785
719132118873, 719132132961, 14088
719197761505, 719197769326, 7821
719245629734, 719245637669, 7935
719296320958, 719296330858, 9900
719347230856, 719347239652, 8796
719395155966, 719395165800, 9834
719434408266, 719434417710, 9444
719494015508, 719494024037, 8529
719528170179, 719528179074, 8895
719592862572, 719592870246, 7674
719634481922, 719634497735, 15813
719691683498, 719691692573, 9075
719725110987, 719725125942, 14955
719790730807, 719790739675, 8868
719835532872, 719835541356, 8484
719889372044, 719889382172, 10128
719922431591, 719922438176, 6585
719987882288, 719987892689, 10401
720029345976, 720029361972, 15996
720087041808, 720087052221, 10413
720122129049, 720122136702, 7653
720185902837, 720185910661, 7824
720218398822, 720218405092, 6270
720284698028, 720284706641, 8613
720316599114, 720316629618, 30504
720383316504, 720383321745, 5241
720420798458, 720420806534, 8076
720482346042, 720482355291, 9249
720525262688, 720525270632, 7944
720581227688, 720581236211, 8523
720610259116, 720610265872, 6756
720680314704, 720680324193, 9489
720722825282, 720722836733, 11451
720778940903, 720778949867, 8964
720811465585, 720811472125, 6540
720877833173, 720877839473, 6300
720909627467, 720909634541, 7074
720976709343, 720976718226, 8883
721009222355, 721009229936, 7581
721075447503, 721075456500, 8997
721106856852, 721106867529, 10677
721174308316, 721174317340, 9024
721204382017, 721204389247, 7230
721273155483, 721273164444, 8961
721305013576, 721305027913, 14337
721372279840, 721372295052, 15212
721404021338, 721404027740, 6402
721470943577, 721470951455, 7878
721503195077, 721503207758, 12681
721569817491, 721569827184, 9693
721669031673, 721669040529, 8856
721722681268, 721722689530, 8262
721767624821, 721767633881, 9060
721812087915, 721812097053, 9138
721866180808, 721866190531, 9723
721906648988, 721906656683, 7695
721964811918, 721964817474, 5556
722001302218, 722001309769, 7551
722063862599, 722063872823, 10224
722094593979, 722094609036, 15057
722162455362, 722162465181, 9819
722212203871, 722212213474, 9603
722261530820, 722261539892, 9072
722294221989, 722294228262, 6273
722360239778, 722360249117, 9339
722408234149, 722408252335, 18186
722459225972, 722459233055, 7083
722496106027, 722496113824, 7797
722558230687, 722558245042, 14355
722608394408, 722608401569, 7161
722656744399, 722656752943, 8544
722707181228, 722707189202, 7974
722755513642, 722755520926, 7284
722810708508, 722810719340, 10832
722868353743, 722868358093, 4350
722967379081, 722967383119, 4038
723066205552, 723066209386, 3834
723164892482, 723164906030, 13548
723264048082, 723264053668, 5586
723362769495, 723362773944, 4449
723462429574, 723462433909, 4335
723560457689, 723560461865, 4176
723659297766, 723659301918, 4152
723758191411, 723758198068, 6657
723856930251, 723856934502, 4251
723955818795, 723955823649, 4854
724054651162, 724054655965, 4803
724153497718, 724153502638, 4920
724252337099, 724252341782, 4683
724351179725, 724351184900, 5175
724450039559, 724450045667, 6108
724548853301, 724548857438, 4137
724647526559, 724647537230, 10671
724681944869, 724681951184, 6315
724746549412, 724746553372, 3960
724845450897, 724845456156, 5259
724944056973, 724944060684, 3711
725043050145, 725043054204, 4059
725141917591, 725141921530, 3939
725240759022, 725240763024, 4002
725339530834, 725339537920, 7086
725438385201, 725438389740, 4539
725537279951, 725537283992, 4041
725636145458, 725636149970, 4512
725734971229, 725734975867, 4638
725833827018, 725833830783, 3765
725932598313, 725932602282, 3969
726031599805, 726031604806, 5001
726130156790, 726130161323, 4533
726228992185, 726229004911, 12726
726327994874, 726327999818, 4944
726426851644, 726426856279, 4635
726525614049, 726525618675, 4626
726624512630, 726624518810, 6180
726723370664, 726723375146, 4482
726822275125, 726822279493, 4368
726920980661, 726920987732, 7071
727019893352, 727019897813, 4461
727118693311, 727118697979, 4668
727217569221, 727217573469, 4248
727316373740, 727316377793, 4053
727415375175, 727415380290, 5115
727514126384, 727514132303, 5919
727612857663, 727612862304, 4641
727711610224, 727711622074, 11850
727744502712, 727744509963, 7251
727810554999, 727810559379, 4380
727909501308, 727909507056, 5748
728008274535, 728008279503, 4968
728107140866, 728107144928, 4062
728206044676, 728206049398, 4722
728304827402, 728304831638, 4236
728403672567, 728403676929, 4362
728502341686, 728502346000, 4314
728601351261, 728601355461, 4200
728700327542, 728700334058, 6516
728798990086, 728798994463, 4377
728897836240, 728897841109, 4869
728996739416, 728996743712, 4296
729095551945, 729095556793, 4848
729194366901, 729194372334, 5433
729293072972, 729293082749, 9777
729392043158, 729392047268, 4110
729490873325, 729490881083, 7758
729589766756, 729589770725, 3969
729688579747, 729688584373, 4626
729787482535, 729787487740, 5205
729886289667, 729886293645, 3978
729985196176, 729985204711, 8535
730083938892, 730083943377, 4485
730182806806, 730182810730, 3924
730281622820, 730281627968, 5148
730380592008, 730380595734, 3726
730479431010, 730479436797, 5787
730578209151, 730578214827, 5676
730676996770, 730677001234, 4464
730775879832, 730775884269, 4437
730807203909, 730807211865, 7956
730874479029, 730874483385, 4356
730973373463, 730973384035, 10572
731072451115, 731072456962, 5847
731171285385, 731171290365, 4980
731270079664, 731270084971, 5307
731368906912, 731368911400, 4488
731467992497, 731467996820, 4323
731566575559, 731566579504, 3945
731665558745, 731665566080, 7335
731764448603, 731764458620, 10017
731863103456, 731863107953, 4497
731964267555, 731964272904, 5349
732060813461, 732060817628, 4167
732159694734, 732159698736, 4002
732258434958, 732258438999, 4041
732357305292, 732357309378, 4086
732456137183, 732456141356, 4173
732554979984, 732554984373, 4389
732653816339, 732653823107, 6768
732684228966, 732684236454, 7488
732752656174, 732752660116, 3942
732851549838, 732851555748, 5910
732950427160, 732950433439, 6279
733049185247, 733049189498, 4251
733148067425, 733148071604, 4179
733246906178, 733246910255, 4077
733345765368, 733345769265, 3897
733444538339, 733444542590, 4251
733543514035, 733543518928, 4893
733642278226, 733642283110, 4884
733741074660, 733741078893, 4233
733840444750, 733840449307, 4557
733876355928, 733876362306, 6378
733938776294, 733938780329, 4035
734037635996, 734037640985, 4989
734136561919, 734136568321, 6402
734188962798, 734188970556, 7758
734235140429, 734235147425, 6996
734289458993, 734289462278, 3285
734289481196, 734289481889, 693
734325656520, 734325661290, 4770
734330323962, 734330327715, 3753
734375033299, 734375042035, 8736
734419116455, 734419127495, 11040
734463421542, 734463431460, 9918
734517905184, 734517913896, 8712
734549870688, 734549878776, 8088
734616439611, 734616447084, 7473
734648262120, 734648268213, 6093
734715212090, 734715222602, 10512
734750914729, 734750923750, 9021
734814445152, 734814455205, 10053
734853750579, 734853757716, 7137
734913526889, 734913535856, 8967
734947630602, 734947638795, 8193
735012027488, 735012044603, 17115
735047046408, 735047055534, 9126
735110949531, 735110963721, 14190
735140781809, 735140790104, 8295
735209780545, 735209789578, 9033
735258181739, 735258190145, 8406
735308551867, 735308561308, 9441
735343278331, 735343287595, 9264
735406925621, 735406936154, 10533
735450161108, 735450168896, 7788
735506285782, 735506295586, 9804
735550221486, 735550229172, 7686
735605109619, 735605120527, 10908
735637636316, 735637644068, 7752
735703767480, 735703777905, 10425
735746837855, 735746844683, 6828
735802792158, 735802801224, 9066
735834433057, 735834441628, 8571
735901627249, 735901636840, 9591
736000139883, 736000143459, 3576
736030382286, 736030389930, 7644
736099316060, 736099325372, 9312
736133193177, 736133200527, 7350
736198162849, 736198173058, 10209
736228556025, 736228563423, 7398
736296930799, 736296939655, 8856
736337173751, 736337181092, 7341
736395875468, 736395885212, 9744
736494558920, 736494570572, 11652
736535257808, 736535265944, 8136
736593527287, 736593537970, 10683
736623311795, 736623318353, 6558
736692195483, 736692204786, 9303
736725135086, 736725150416, 15330
736791257532, 736791267282, 9750
736825586719, 736825595524, 8805
736890075829, 736890090025, 14196
736988762183, 736988773388, 11205
737021112665, 737021120192, 7527
737087768852, 737087778956, 10104
737117936958, 737117944035, 7077
737186583088, 737186591374, 8286
737220739566, 737220747645, 8079
737285211476, 737285221700, 10224
737329228387, 737329242379, 13992
737384288335, 737384297935, 9600
737413477550, 737413484483, 6933
737483133610, 737483143699, 10089
737518469599, 737518478437, 8838
737582101628, 737582114420, 12792
737628446998, 737628456439, 9441
737680818596, 737680828664, 10068
737716783685, 737716791338, 7653
737779843185, 737779848111, 4926
737810522138, 737810529878, 7740
737878501357, 737878510741, 9384
737911051576, 737911058755, 7179
737977139726, 737977148006, 8280
738017058254, 738017069075, 10821
738075952513, 738075961570, 9057
738125977057, 738125988541, 11484
738175043416, 738175053070, 9654
738223126809, 738223134465, 7656
738273839991, 738273849645, 9654
738312386384, 738312394187, 7803
738372626426, 738372636362, 9936
738407792513, 738407799986, 7473
738471595242, 738471632208, 36966
738503110301, 738503118701, 8400
738570385937, 738570394379, 8442
738603274312, 738603281605, 7293
738669220722, 738669230823, 10101
738709755218, 738709763513, 8295
738768077026, 738768086506, 9480
738807428589, 738807436359, 7770
738866623014, 738866672923, 49909
738899330788, 738899340004, 9216
738965764098, 738965773332, 9234
739064006953, 739064013061, 6108
739078338610, 739078346236, 7626
739177572898, 739177578175, 5277
739276188231, 739276192617, 4386
739375097519, 739375101806, 4287
739473916033, 739473920908, 4875
739572742440, 739572746355, 3915
739671661836, 739671667005, 5169
739770469525, 739770474340, 4815
739869226308, 739869231546, 5238
739968143737, 739968147937, 4200
740000121518, 740000127368, 5850
740066908211, 740066913578, 5367
740165603151, 740165612160, 9009
740200142706, 740200148298, 5592
740264703090, 740264707116, 4026
740349185163, 740349190548, 5385
740390000797, 740390008495, 7698
740448216417, 740448220659, 4242
740501866972, 740501877142, 10170
740547175101, 740547183693, 8592
740577491283, 740577498999, 7716
740646414310, 740646423691, 9381
740685937505, 740685946850, 9345
740744868220, 740744875855, 7635
740789473804, 740789487328, 13524
740843736585, 740843746575, 9990
740897575094, 740897583650, 8556
740942540894, 740942550290, 9396
740982432072, 740982438828, 6756
741041403558, 741041740655, 337097
741091755431, 741091763594, 8163
741140312155, 741140322697, 10542
741172004299, 741172010653, 6354
741239448980, 741239460191, 11211
741289490527, 741289497766, 7239
741337918287, 741337927218, 8931
741382839634, 741382848868, 9234
741436687490, 741436696691, 9201
741469212276, 741469221063, 8787
741535468333, 741535478074, 9741
741567668234, 741567676340, 8106
741634578418, 741634588504, 10086
741669240170, 741669251213, 11043
741733541604, 741733549860, 8256
741765489186, 741765499779, 10593
741832130929, 741832140652, 9723
741864271930, 741864282340, 10410
741930947080, 741930958000, 10920
741959721098, 741959728682, 7584
742029799752, 742029808482, 8730
742061695379, 742061702243, 6864
742128496744, 742128504742, 7998
742171323069, 742171330974, 7905
742227507845, 742227515369, 7524
742259956671, 742259963904, 7233
742325947633, 742325957371, 9738
742359087490, 742359095050, 7560
742424844758, 742424853722, 8964
742458226493, 742458239195, 12702
742524061392, 742524072558, 11166
742555090560, 742555098072, 7512
742622886234, 742622898324, 12090
742669229165, 742669237346, 8181
742721878536, 742721894193, 15657
742765372182, 742765380738, 8556
742820541681, 742820552169, 10488
742857188536, 742857196054, 7518
742919373691, 742919384812, 11121
742950838217, 742950844832, 6615
743018241427, 743018252179, 10752
743117029092, 743117038683, 9591
743149169433, 743149177833, 8400
743215928176, 743215938424, 10248
743248070072, 743248078322, 8250
743314765042, 743314776091, 11049
743356851053, 743356858619, 7566
743413666664, 743413677227, 10563
743447445997, 743447452381, 6384
743512480718, 743512490048, 9330
743545576515, 743545583529, 7014
743611298621, 743611308479, 9858
743644433068, 743644440268, 7200
743710174365, 743710187226, 12861
743742850442, 743742859634, 9192
743809071487, 743809081477, 9990
743841039352, 743841047581, 8229
743907836447, 743907844502, 8055
743953375979, 743953383014, 7035
744006540747, 744006549348, 8601
744038838159, 744038845593, 7434
744105316647, 744105323736, 7089
744142260443, 744142267406, 6963
744204361758, 744204371307, 9549
744237253239, 744237265176, 11937
744303425621, 744303432932, 7311
744332353391, 744332361278, 7887
744402195627, 744402203736, 8109
744435137350, 744435150763, 13413
744500846056, 744500855146, 9090
744532782309, 744532788984, 6675
744599722869, 744599730321, 7452
744634218274, 744634225666, 7392
744698479988, 744698490359, 10371
744734075388, 744734082498, 7110
744797409539, 744797419535, 9996
744829690869, 744829698915, 8046
744896200776, 744896210349, 9573
744927660505, 744927670117, 9612
744995321550, 744995330898, 9348
745026728676, 745026735681, 7005
745093876503, 745093885953, 9450
745127677298, 745127691272, 13974
745192694254, 745192703839, 9585
745234181937, 745234194054, 12117
745291579368, 745291590111, 10743
745322758002, 745322765055, 7053
745389991529, 745389999809, 8280
745436844006, 745436855040, 11034
745489509960, 745489519884, 9924
745518245367, 745518253440, 8073
745588087608, 745588096836, 9228
745621103780, 745621112231, 8451
745686979405, 745686989527, 10122
745718039680, 745718047402, 7722
745785799300, 745785809863, 10563
745820258958, 745820266689, 7731
745885504129, 745885510750, 6621
745917153724, 745917163918, 10194
745983453503, 745983464897, 11394
746018369431, 746018381833, 12402
746082482589, 746082490431, 7842
746181145293, 746181154461, 9168
746212835046, 746212848618, 13572
746280362918, 746280374309, 11391
746311395662, 746311402865, 7203
746378902820, 746378909114, 6294
746428238491, 746428249156, 10665
746493380491, 746493387106, 6615
746590452666, 746590459869, 7203
746689273154, 746689279421, 6267
746788094685, 746788101090, 6405
746886674136, 746886678513, 4377
746985583430, 746985588023, 4593
747084394549, 747084399064, 4515
747183148798, 747183153145, 4347
747281960238, 747281964444, 4206
747380800056, 747380804739, 4683
747479593897, 747479598160, 4263
747578478962, 747578485361, 6399
747677025539, 747677029727, 4188
747775881311, 747775885529, 4218
747874702338, 747874707870, 5532
747973277641, 747973283452, 5811
748072255528, 748072260823, 5295
748171112282, 748171118195, 5913
748269906793, 748269911107, 4314
748368715651, 748368723571, 7920
748467409165, 748467413566, 4401
748566007803, 748566012227, 4424
748664989928, 748664993735, 3807
748763828503, 748763833555, 5052
748848273494, 748848280589, 7095
748880940611, 748880947388, 6777
748947486122, 748947492800, 6678
748998127372, 748998136906, 9534
749046468337, 749046477933, 9596
749074614985, 749074622323, 7338
749145046467, 749145056091, 9624
749243867618, 749243876330, 8712
749273187825, 749273199057, 11232
749342626055, 749342636768, 10713
749372452768, 749372461159, 8391
749441760544, 749441767678, 7134
749471644089, 749471651598, 7509
749540120310, 749540127051, 6741
749573972655, 749573979537, 6882
749638747185, 749638755390, 8205
749687246877, 749687256816, 9939
749737813421, 749737824014, 10593
749768338637, 749768345840, 7203
749836881260, 749836890932, 9672
749872270036, 749872277806, 7770
749935591826, 749935600610, 8784
749979281321, 749979289430, 8109
750034275101, 750034284584, 9483
750062975035, 750062983063, 8028
750132960358, 750132969367, 9009
750163270782, 750163281948, 11166
750231772833, 750231778995, 6162
750260875693, 750260884420, 8727
750330448972, 750330458593, 9621
750361517355, 750361527555, 10200
750429329345, 750429337448, 8103
750458779003, 750458785627, 6624
750528092189, 750528101477, 9288
750583457008, 750583467511, 10503
750626933371, 750626944207, 10836
750659860799, 750659869184, 8385
750725986275, 750725996251, 9976
750763778593, 750763786279, 7686
750824342214, 750824352762, 10548
750866394194, 750866407235, 13041
750923263450, 750923273818, 10368
750957409872, 750957418128, 8256
751022308631, 751022317568, 8937
751068246982, 751068254986, 8004
751121073642, 751121082264, 8622
751156005160, 751156013077, 7917
751219678584, 751219689252, 10668
751256614875, 751256622588, 7713
751318486418, 751318496030, 9612
751357761529, 751357769920, 8391
751417258284, 751417267548, 9264
751447526457, 751447534392, 7935
751515868224, 751515874509, 6285
751550163446, 751550171078, 7632
751615105779, 751615116543, 10764
751660480456, 751660487593, 7137
751713291644, 751713297539, 5895
751745390614, 751745400556, 9942
751811895906, 751811904071, 8165
751857210080, 751857219158, 9078
751910661728, 751910667823, 6095
751940902653, 751940909622, 6969
752009963551, 752009968480, 4929
752062178562, 752062187028, 8466
752108139287, 752108143613, 4326
752155386511, 752155396021, 9510
752207294633, 752207300006, 5373
752306080622, 752306088008, 7386
752357276625, 752357290620, 13995
752404669190, 752404674452, 5262
752437608089, 752437616486, 8397
752503725592, 752503730749, 5157
752543384601, 752543392269, 7668
752616663057, 752616667545, 4488
752715677288, 752715683846, 6558
752814051380, 752814056318, 4938
752913130359, 752913134472, 4113
753011823345, 753011827113, 3768
753110622098, 753110627438, 5340
753209473015, 753209477629, 4614
753308244814, 753308250265, 5451
753406962497, 753406966685, 4188
753505776007, 753505780711, 4704
753604604249, 753604608683, 4434
753703216103, 753703227098, 10995
753802194213, 753802198494, 4281
753901003896, 753901011093, 7197
753999744862, 753999749299, 4437
754098502241, 754098506423, 4182
754197406947, 754197411615, 4668
754296164861, 754296168944, 4083
754395040402, 754395045070, 4668
754493749931, 754493754338, 4407
754592519538, 754592524008, 4470
754691316383, 754691320439, 4056
754790131251, 754790135835, 4584
754888923682, 754888928440, 4758
754987732786, 754987743535, 10749
755086516289, 755086522286, 5997
755185444980, 755185452153, 7173
755284220398, 755284224949, 4551
755315941711, 755315947909, 6198
755383252160, 755383256462, 4302
755481461922, 755481468648, 6726
755580465832, 755580470200, 4368
755679252030, 755679256038, 4008
755778042480, 755778047223, 4743
755877051094, 755877063556, 12462
755975614703, 755975619248, 4545
756074418109, 756074422483, 4374
756173170086, 756173174085, 3999
756271999446, 756272003325, 3879
756370841640, 756370851606, 9966
756469609462, 756469616398, 6936
756568370045, 756568374752, 4707
756667178395, 756667183084, 4689
756765963060, 756765967575, 4515
756864752333, 756864756494, 4161
756963512136, 756963516627, 4491
757062335213, 757062339428, 4215
757160995625, 757161007124, 11499
757259958098, 757259962094, 3996
757358803961, 757358809022, 5061
757400050799, 757400058992, 8193
757457273401, 757457276734, 3333
757556264639, 757556268971, 4332
757655065895, 757655070707, 4812
757753859919, 757753865733, 5814
757852908632, 757852918265, 9633
757951449908, 757951454135, 4227
758050218565, 758050223044, 4479
758163364122, 758163370092, 5970
758247869771, 758247873905, 4134
758346607001, 758346611855, 4854
758445436821, 758445441174, 4353
758544427516, 758544433834, 6318
758642984353, 758642989615, 5262
758741790260, 758741794523, 4263
758840533437, 758840537640, 4203
758939267408, 758939278232, 10824
758985461217, 758985468474, 7257
759038342260, 759038347942, 5682
759137042466, 759137046819, 4353
759235877963, 759235882577, 4614
759334564315, 759334569028, 4713
759433311831, 759433315956, 4125
759532110360, 759532114362, 4002
759630935177, 759630939470, 4293
759729786897, 759729792456, 5559
759828515410, 759828519511, 4101
759927315930, 759927320778, 4848
760026103799, 760026107759, 3960
760124865945, 760124870277, 4332
760223687227, 760223691325, 4098
760322487616, 760322492368, 4752
760421269373, 760421273564, 4191
760520242058, 760520248691, 6633
760618901856, 760618906095, 4239
760717441991, 760717453712, 11721
760816446905, 760816451600, 4695
760915239712, 760915244044, 4332
761014026384, 761014031160, 4776
761112790897, 761112795226, 4329
761211555577, 761211560032, 4455
761310392760, 761310400002, 7242
761409122536, 761409126475, 3939
761507939932, 761507944825, 4893
761606751342, 761606755503, 4161
761705560370, 761705566019, 5649
761804331219, 761804335245, 4026
761903154506, 761903158904, 4398
762001942766, 762001948808, 6042
762100702209, 762100706169, 3960
762199453770, 762199474659, 20889
762298390378, 762298394983, 4605
762397112482, 762397116730, 4248
762495915127, 762495920083, 4956
762594498696, 762594507114, 8418
762693391913, 762693396482, 4569
762792270464, 762792275687, 5223
762891039483, 762891044382, 4899
762989703259, 762989707645, 4386
763088803585, 763088809183, 5598
763187426608, 763187431024, 4416
763287005043, 763287022482, 17439
763385026651, 763385031052, 4401
763483835700, 763483840098, 4398
763582609918, 763582614355, 4437
763681366928, 763681371005, 4077
763780095274, 763780103503, 8229
763878776625, 763878786234, 9609
763977717763, 763977721762, 3999
764076544550, 764076549275, 4725
764175365278, 764175369358, 4080
764274128369, 764274132731, 4362
764373167157, 764373179847, 12690
764471641158, 764471645184, 4026
764570481404, 764570485265, 3861
764669298230, 764669302538, 4308
764768105729, 764768112020, 6291
764866893925, 764866898032, 4107
764965675762, 764965679830, 4068
765064519284, 765064524885, 5601
765163376979, 765163381698, 4719
765261879425, 765261888362, 8937
765360825598, 765360829819, 4221
765459660205, 765459664417, 4212
765558450634, 765558454726, 4092
765657250645, 765657255211, 4566
765756008738, 765756012737, 3999
765854801805, 765854806782, 4977
765953616493, 765953621089, 4596
766052377098, 766052382291, 5193
766151112505, 766151116753, 4248
766249964316, 766249969590, 5274
766348761086, 766348766042, 4956
766447547627, 766447552235, 4608
766546328834, 766546333289, 4455
766645298158, 766645305382, 7224
766743894365, 766743899126, 4761
766842553600, 766842560551, 6951
766941536804, 766941540878, 4074
767040332955, 767040338310, 5355
767139221542, 767139227449, 5907
767238009928, 767238015463, 5535
767336706205, 767336711458, 5253
767435572226, 767435577698, 5472
767534351251, 767534357482, 6231
767567928512, 767567934911, 6399
767633081739, 767633089137, 7398
767830618910, 767830623251, 4341
767859451007, 767859459341, 8334
767929443576, 767929450623, 7047
768028282968, 768028286970, 4002
768126859098, 768126862848, 3750
768225793813, 768225799384, 5571
768324441574, 768324445591, 4017
768423381473, 768423386147, 4674
768521969794, 768521976364, 6570
768620982641, 768620987297, 4656
768719751083, 768719755586, 4503
768818542085, 768818546999, 4914
768917371328, 768917375471, 4143
769016126249, 769016130425, 4176
769119961382, 769119969746, 8364
769213697958, 769213703517, 5559
769312717420, 769312724830, 7410
769411237342, 769411241557, 4215
769510014031, 769510018807, 4776
769608937247, 769608942188, 4941
769707739542, 769707743451, 3909
769806502502, 769806505904, 3402
769905279685, 769905283465, 3780
770003899831, 770003906923, 7092
770102889247, 770102893021, 3774
770201680892, 770201687687, 6795
770300526712, 770300534764, 8052
770399202475, 770399207197, 4722
770498117061, 770498127489, 10428
770596929576, 770596934613, 5037
770638114739, 770638125905, 11166
770695612166, 770695618727, 6561
770794406928, 770794411587, 4659
770893340949, 770893345620, 4671
770991996683, 770992002062, 5379
771090716865, 771090721122, 4257
771189574035, 771189579135, 5100
771288386982, 771288391350, 4368
771386949254, 771386956799, 7545
771485898740, 771485903378, 4638
771584789693, 771584794424, 4731
771683520340, 771683524897, 4557
771782309875, 771782314309, 4434
771881193339, 771881198481, 5142
771979911601, 771979915807, 4206
772078683680, 772078689239, 5559
772177299357, 772177303047, 3690
772276254199, 772276258369, 4170
772374886427, 772374889835, 3408
772473859627, 772473865453, 5826
772572680079, 772572686199, 6120
772671474716, 772671479324, 4608
772770064656, 772770073905, 9249
772868990923, 772868995309, 4386
772967784094, 772967789314, 5220
773066687952, 773066692530, 4578
773165414172, 773165418162, 3990
773264199853, 773264204566, 4713
773363024125, 773363029111, 4986
773461797823, 773461802125, 4302
773560613827, 773560618126, 4299
773659148114, 773659154630, 6516
773693996862, 773694004938, 8076
773758166236, 773758170163, 3927
773856989884, 773856994231, 4347
773955683939, 773955688163, 4224
774054542774, 774054547136, 4362
774153120103, 774153126337, 6234
774252129106, 774252134026, 4920
774350872051, 774350876416, 4365
774449694276, 774449698959, 4683
774548626279, 774548630863, 4584
774647273882, 774647278040, 4158
774746280331, 774746286121, 5790
774844820103, 774844825785, 5682
774943836227, 774943843313, 7086
775042457435, 775042462061, 4626
775141219915, 775141224130, 4215
775240069053, 775240074516, 5463
775338859784, 775338867143, 7359
775437441712, 775437453457, 11745
775536418556, 775536422540, 3984
775636096760, 775636102022, 5262
775733962105, 775733966023, 3918
775832885186, 775832889683, 4497
775931547174, 775931552214, 5040
776030368091, 776030372345, 4254
776132623287, 776132630097, 6810
776227720700, 776227725287, 4587
776326701748, 776326706431, 4683
776425520234, 776425524479, 4245
776524293597, 776524297740, 4143
776634028756, 776634046927, 18171
776721879640, 776721884725, 5085
776749320432, 776749326840, 6408
776820671508, 776820675789, 4281
776919298059, 776919306192, 8133
777018280010, 777018284306, 4296
777117084612, 777117088605, 3993
777215848095, 777215852610, 4515
777314632395, 777314637435, 5040
777413428099, 777413432644, 4545
777512270002, 777512274130, 4128
777611141328, 777611147456, 6128
777709844549, 777709849712, 5163
777808579666, 777808583947, 4281
777907494715, 777907499308, 4593
778006190010, 778006194171, 4161
778105120162, 778105124446, 4284
778203840094, 778203844231, 4137
778302411604, 778302417868, 6264
778387053079, 778387061878, 8799
778431572365, 778431581620, 9255
778486013999, 778486017812, 3813
778516593997, 778516601041, 7044
778584855026, 778584861701, 6675
778625682392, 778625689808, 7416
778683823694, 778683834422, 10728
778712191771, 778712201473, 9702
778782609516, 778782617079, 7563
778822751671, 778822759732, 8061
778881590751, 778881599178, 8427
778922395976, 778922403482, 7506
778980202762, 778980212809, 10047
779008023577, 779008030630, 7053
779079182458, 779079190900, 8442
779114882020, 779114888686, 6666
779178070106, 779178079310, 9204
779216194287, 779216202264, 7977
779276796757, 779276804014, 7257
779316206748, 779316214365, 7617
779375373357, 779375383389, 10032
779416656639, 779416664832, 8193
779474142042, 779474153940, 11898
779509214541, 779509221564, 7023
779572681721, 779572692311, 10590
779617762366, 779617772293, 9927
779672200737, 779672209215, 8478
779705169168, 779705176077, 6909
779770693644, 779770703144, 9500
779814161792, 779814169592, 7800
779869648636, 779869658491, 9855
779904893565, 779904903771, 10206
779967837051, 779967847431, 10380
779998442965, 779998451284, 8319
780067083367, 780067090966, 7599
780096041324, 780096054383, 13059
780165691033, 780165701257, 10224
780194739488, 780194747612, 8124
780264450896, 780264460766, 9870
780292858261, 780292865569, 7308
780363274218, 780363284367, 10149
780392846032, 780392853040, 7008
780462109837, 780462116335, 6498
780501947817, 780501956253, 8436
780560877009, 780560886186, 9177
780590473698, 780590486403, 12705
780659647064, 780659655872, 8808
780688402444, 780688410856, 8412
780758630558, 780758638592, 8034
780790775047, 780790784272, 9225
780856865957, 780856873700, 7743
780885859444, 780885866638, 7194
780955892271, 780955902534, 10263
780986859615, 780986868003, 8388
781054847513, 781054856756, 9243
781093403238, 781093411833, 8595
781153569384, 781153574478, 5094
781185204832, 781185216226, 11394
781252501371, 781252513401, 12030
781283063137, 781283070166, 7029
781351229429, 781351236647, 7218
781382726111, 781382743304, 17193
781449979103, 781449987416, 8313
781478790662, 781478797652, 6990
781548735255, 781548744543, 9288
781578383306, 781578389774, 6468
781647811680, 781647820263, 8583
781677741504, 781677752529, 11025
781746721490, 781746731231, 9741
781776941856, 781776949764, 7908
781845069052, 781845077119, 8067
781881644140, 781881651463, 7323
781943941197, 781943951070, 9873
781975666801, 781975675981, 9180
782042724062, 782042733617, 9555
782084172478, 782084179573, 7095
782141518687, 782141527969, 9282
782171496557, 782171504045, 7488
782240102258, 782240109821, 7563
782268601999, 782268610255, 8256
782339158484, 782339167802, 9318
782385396096, 782385405240, 9144
782437886710, 782437897306, 10596
782477972086, 782477979937, 7851
782536688655, 782536698582, 9927
782565815440, 782565822196, 6756
782635402288, 782635411834, 9546
782668910184, 782668917507, 7323
782734306168, 782734315891, 9723
782772927551, 782772936233, 8682
782833077760, 782833088200, 10440
782878635339, 782878642833, 7494
782931855785, 782931866192, 10407
782964628151, 782964636914, 8763
783030640841, 783030649988, 9147
783060033437, 783060041603, 8166
783129442178, 783129451151, 8973
783160402682, 783160410683, 8001
783228139693, 783228150526, 10833
783257268901, 783257276365, 7464
783327020658, 783327031278, 10620
783356652073, 783356660794, 8721
783425813855, 783425823578, 9723
783456602659, 783456609850, 7191
783524568140, 783524574734, 6594
783560258089, 783560266603, 8514
783623433108, 783623441874, 8766
783655107820, 783655115530, 7710
783722326208, 783722337530, 11322
783765509992, 783765518980, 8988
783821072843, 783821084792, 11949
783849768895, 783849776350, 7455
783919768641, 783919777371, 8730
783953869275, 783953877210, 7935
784018544118, 784018553547, 9429
784049018140, 784049025430, 7290
784117341065, 784117351449, 10384
784147943947, 784147951105, 7158
784216147848, 784216157517, 9669
784257513955, 784257522100, 8145
784314542129, 784314549137, 7008
784356613632, 784356621030, 7398
784413375289, 784413384046, 8757
784511915552, 784511923553, 8001
784513572155, 784513574102, 1947
784513593659, 784513594673, 1014
784559957828, 784559977055, 19227
784611091677, 784611100386, 8709
784640257556, 784640265779, 8223
784709742529, 784709752372, 9843
784741563207, 784741571310, 8103
784808886364, 784808893102, 6738
784839402590, 784839409454, 6864
784907477677, 784907486449, 8772
784957665914, 784957674692, 8778
785005893941, 785005899221, 5280
785034983698, 785034993736, 10038
785105009607, 785105017317, 7710
785145605449, 785145615916, 10467
785203772322, 785203780653, 8331
785250805367, 785250814601, 9234
785302509522, 785302517022, 7500
785352403182, 785352412386, 9204
785401373790, 785401381740, 7950
785454222065, 785454232724, 10659
785500148848, 785500155265, 6417
785539549628, 785539560245, 10617
785613980438, 785613987551, 7113
785697403675, 785697408778, 5103
785712516572, 785712525893, 9321
785796438138, 785796445863, 7725
785810764640, 785810768732, 4092
785853404723, 785853411371, 6648
785909748619, 785909756875, 8256
785938261016, 785938267889, 6873
786008315327, 786008320583, 5256
786106915732, 786106922953, 7221
786205916579, 786205921328, 4749
786290429339, 786290436683, 7344
786319762498, 786319769638, 7140
786389582365, 786389586940, 4575
786420868288, 786420875116, 6828
786488356441, 786488366032, 9591
786520821775, 786520839400, 17625
786586932924, 786586941450, 8526
786615286045, 786615294148, 8103
786685836812, 786685845743, 8931
786723344512, 786723352090, 7578
786784549708, 786784559413, 9705
786813859959, 786813868410, 8451
786883553741, 786883564118, 10377
786920162860, 786920169547, 6687
786982332402, 786982341096, 8694
787018619405, 787018631699, 12294
787081174799, 787081183481, 8682
787121045842, 787121054581, 8739
787179929089, 787179938170, 9081
787217041504, 787217054095, 12591
787278657481, 787278666055, 8574
787307775790, 787307782402, 6612
787377513556, 787377523573, 10017
787411706432, 787411717148, 10716
787476345509, 787476351923, 6414
787505569681, 787505576551, 6870
787575077354, 787575085952, 8598
787620207463, 787620216220, 8757
787673874667, 787673883919, 9252
787704465837, 787704473268, 7431
787772653525, 787772662769, 9244
787805377254, 787805394465, 17211
787871327474, 787871335892, 8418
787916178459, 787916189988, 11529
787969906879, 787969915102, 8223
787999266064, 787999273456, 7392
788069094858, 788069108235, 13377
788112089085, 788112096528, 7443
788167945317, 788167955094, 9777
788202636183, 788202645114, 8931
788266593081, 788266602606, 9525
788303251326, 788303259957, 8631
788365088972, 788365096106, 7134
788405659465, 788405666047, 6582
788464132582, 788464138975, 6393
788512210615, 788512226431, 15816
788562492031, 788562501037, 9006
788604006013, 788604014512, 8499
788661469602, 788661481137, 11535
788694459976, 788694469054, 9078
788760424909, 788760434626, 9717
788792268273, 788792275572, 7299
788859236378, 788859245030, 8652
788888232594, 788888239230, 6636
788957862440, 788957870780, 8340
789056966272, 789056976025, 9753
789086728109, 789086738399, 10290
789155764440, 789155776725, 12285
789186161237, 789186167951, 6714
789254262406, 789254269003, 6597
789305351802, 789305360820, 9018
789352657552, 789352662643, 5091
789381880677, 789381888138, 7461
789452130482, 789452139548, 9066
789499811828, 789499820909, 9081
789550909405, 789550917820, 8415
789589826087, 789589836473, 10386
789649718119, 789649726315, 8196
789690314038, 789690322048, 8010
789748498929, 789748508853, 9924
789781671425, 789781679222, 7797
789847334625, 789847344081, 9456
789946099030, 789946109086, 10056
789979923439, 789979930309, 6870
790044861517, 790044871378, 9861
790075453883, 790075464830, 10947
790143720911, 790143732987, 12076
790185030763, 790185037867, 7104
790242245879, 790242254255, 8376
790273222622, 790273229858, 7236
790341219453, 790341229386, 9933
790381765815, 790381773834, 8019
790440026223, 790440036129, 9906
790478053878, 790478062869, 8991
790538813980, 790538824966, 10986
790578244550, 790578252803, 8253
790637594989, 790637605753, 10764
790668496985, 790668503663, 6678
790736287963, 790736296243, 8280
790771184408, 790771195562, 11154
790835191272, 790835202138, 10866
790865811591, 790865819766, 8175
790933973891, 790933984244, 10353
790962353824, 790962361003, 7179
791032786419, 791032795926, 9507
791065366218, 791065372458, 6240
791131556458, 791131567192, 10734
791160063709, 791160071467, 7758
791229940476, 791229950196, 9720
791266755800, 791266768814, 13014
791328932200, 791328939346, 7146
791358331228, 791358339463, 8235
791427937022, 791427947048, 10026
791482830743, 791482839203, 8460
791526721746, 791526732867, 11121
791557246209, 791557253694, 7485
791625268893, 791625276628, 7735
791661097371, 791661105084, 7713
791724301454, 791724311495, 10041
791752945276, 791752952881, 7605
791823113363, 791823123800, 10437
791854639470, 791854653978, 14508
791921992896, 791922006027, 13131
791950982948, 791950989704, 6756
792020720612, 792020728142, 7530
792066144170, 792066152759, 8589
792119472227, 792119482475, 10248
792148692988, 792148699408, 6420
792218360514, 792218371227, 10713
792246490077, 792246497700, 7623
792316689970, 792316698031, 8061
792346547172, 792346556667, 9495
792415842584, 792415852214, 9630
792446793105, 792446801355, 8250
792514522087, 792514530517, 8430
792545940892, 792545948713, 7821
792613425600, 792613437867, 12267
792642176802, 792642184236, 7434
792711940251, 792711950439, 10188
792744623919, 792744632151, 8232
792810704309, 792810715241, 10932
792854186900, 792854201621, 14721
792909827314, 792909836473, 9159
792938522507, 792938530238, 7731
793008434382, 793008443382, 9000
793052490947, 793052499767, 8820
793107459179, 793107468989, 9810
793143391200, 793143399069, 7869
793206196096, 793206205594, 9498
793245307925, 793245316091, 8166
793304999026, 793305009199, 10173
793337496842, 793337503967, 7125
793403768883, 793403779926, 11043
793444814178, 793444822035, 7857
793502577846, 793502587755, 9909
793532546112, 793532552769, 6657
793601361591, 793601372391, 10800
793634282318, 793634289071, 6753
793700161019, 793700169776, 8757
793739172418, 793739179798, 7380
793798969228, 793798978741, 9513
793829430623, 793829436839, 6216
793897741132, 793897749913, 8781
793930244653, 793930252717, 8064
793996532531, 793996542062, 9531
794025732264, 794025739110, 6846
794095357162, 794095366456, 9294
794134264691, 794134276688, 11997
794194163485, 794194172194, 8709
794226974508, 794226981171, 6663
794292862437, 794292872109, 9672
794321334223, 794321341102, 6879
794391703782, 794391713811, 10029
794425699230, 794425706106, 6876
794490444658, 794490454090, 9432
794519341945, 794519349652, 7707
794589287832, 794589298935, 11103
794629372016, 794629380098, 8082
794688089973, 794688100677, 10704
794716717150, 794716723909, 6759
794786867415, 794786876697, 9282
794817287349, 794817294822, 7473
794885437834, 794885445787, 7953
794915215651, 794915225341, 9690
794984246715, 794984253189, 6474
795020043446, 795020050520, 7074
795083247920, 795083258054, 10134
795124606980, 795124616439, 9459
795182042771, 795182054711, 11940
795224393660, 795224401886, 8226
795280710756, 795280720359, 9603
795319826990, 795319841906, 14916
795379663731, 795379672944, 9213
795412214860, 795412223320, 8460
795478423547, 795478432619, 9072
795509451748, 795509459110, 7362
795577211475, 795577220841, 9366
795620813084, 795620822135, 9051
795675746495, 795675754541, 8046
795704000137, 795704008177, 8040
795774805063, 795774814534, 9471
795803346054, 795803353092, 7038
795873361262, 795873370322, 9060
795920053836, 795920066040, 12204
795972376161, 795972386949, 10788
796001271468, 796001278413, 6945
796071186712, 796071197368, 10656
796100838615, 796100848176, 9561
796169993721, 796170004302, 10581
796203393669, 796203407022, 13353
796268468729, 796268475338, 6609
796300451314, 796300459327, 8013
796367372400, 796367379645, 7245
796399671742, 796399678621, 6879
796466267482, 796466276182, 8700
796503653001, 796503660780, 7779
796565137528, 796565147533, 10005
796596703085, 796596713684, 10599
796663572640, 796663583647, 11007
796708295116, 796708301875, 6759
796762679122, 796762688401, 9279
796792500476, 796792509854, 9378
796861476672, 796861487772, 11100
796890900878, 796890907478, 6600
796960594655, 796960603229, 8574
796999670143, 796999679998, 9855
797059050992, 797059060880, 9888
797098011383, 797098021244, 9861
797157845038, 797157855550, 10512
797190211160, 797190218099, 6939
797256645554, 797256656141, 10587
797290382707, 797290401550, 18843
797355407906, 797355421634, 13728
797402117475, 797402125809, 8334
797454197103, 797454207213, 10110
797489590565, 797489598518, 7953
797553032816, 797553042911, 10095
797595546379, 797595553570, 7191
797651480594, 797651490143, 9549
797680054046, 797680061810, 7764
797750603827, 797750612785, 8958
797796502636, 797796511036, 8400
797849407472, 797849418458, 10986
797880090773, 797880097826, 7053
797948217411, 797948227812, 10401
797977473032, 797977480793, 7761
798047000625, 798047010663, 10038
798076760501, 798076770749, 10248
798145922413, 798145932787, 10374
798244326853, 798244332292, 5439
798292740913, 798292750120, 9207
798343385058, 798343396440, 11382
798383429486, 798383439821, 10335
798441802041, 798441809356, 7315
798477274265, 798477283403, 9138
798540691384, 798540696256, 4872
798580681950, 798580688772, 6822
798639745118, 798639755933, 10815
798680799741, 798680808087, 8346
798738626041, 798738639094, 13053
798787714071, 798787724070, 9999
798837335587, 798837346846, 11259
798870512162, 798870521021, 8859
798936116061, 798936126426, 10365
798972514378, 798972526552, 12174
799034909295, 799034919477, 10182
799063288657, 799063296592, 7935
799133722616, 799133731163, 8547
799163079496, 799163088124, 8628
799232583662, 799232595794, 12132
799261597157, 799261611029, 13872
799331073603, 799331081607, 8004
799363654245, 799363662909, 8664
799430102673, 799430109978, 7305
799461888475, 799461896578, 8103
799528871639, 799528880408, 8769
799573163459, 799573170833, 7374
799627720205, 799627729679, 9474
799662084648, 799662093873, 9225
799726465562, 799726474901, 9339
799755535069, 799755544084, 9015
799824988618, 799824997156, 8538
799856849184, 799856856852, 7668
799923958164, 799923968850, 10686
800022814150, 800022822958, 8808
800051371718, 800051379386, 7668
800121446359, 800121456232, 9873
800165518382, 800165528984, 10602
800220343212, 800220352236, 9024
800248622304, 800248629951, 7647
800319029848, 800319038899, 9051
800367051272, 800367061700, 10428
800418107789, 800418117545, 9756
800452237069, 800452245895, 8826
800516813723, 800516824079, 10356
800559017876, 800559026567, 8691
800615645511, 800615743210, 97699
800647139306, 800647146746, 7440
800714368104, 800714378844, 10740
800743433889, 800743441902, 8013
800813072505, 800813082219, 9714
800853046546, 800853053692, 7146
800911971687, 800911980768, 9081
800949284298, 800949292401, 8103
801010756456, 801010765291, 8835
801109547936, 801109558022, 10086
801142386406, 801142394482, 8076
801208326416, 801208336016, 9600
801260337604, 801260346889, 9285
801307127865, 801307137972, 10107
801343332848, 801343340483, 7635
801405596291, 801405605054, 8763
801441114929, 801441123134, 8205
801504716837, 801504726182, 9345
801540897659, 801540906329, 8670
801603521111, 801603530723, 9612
801632916521, 801632923751, 7230
801702025984, 801702033139, 7155
801744121806, 801744130272, 8466
801801107050, 801801116920, 9870
801830169426, 801830177337, 7911
801900039132, 801900055149, 16017
801937764579, 801937773540, 8961
801998776489, 801998790559, 14070
802042005550, 802042013311, 7761
802097474082, 802097483361, 9279
802135360675, 802135367713, 7038
802196332851, 802196342007, 9156
802233011328, 802233019107, 7779
802295129704, 802295138518, 8814
802331020760, 802331029673, 8913
802393851310, 802393861183, 9873
802428819808, 802428826135, 6327
802492644164, 802492653230, 9066
802540198125, 802540204854, 6729
802591449849, 802591459446, 9597
802627289088, 802627296753, 7665
802689891631, 802689898046, 6415
802729948368, 802729961574, 13206
802788982842, 802788992328, 9486
802824505149, 802824512703, 7554
802887809691, 802887818814, 9123
802923466142, 802923473891, 7749
802986612585, 802986622005, 9420
803027452997, 803027460680, 7683
803085404946, 803085415406, 10460
803125896093, 803125904496, 8403
803184228094, 803184237151, 9057
803213686792, 803213696926, 10134
803283010970, 803283020489, 9519
803311250616, 803311262673, 12057
803381778249, 803381788239, 9990
803414057867, 803414064761, 6894
803480527035, 803480536812, 9777
803512962696, 803512969908, 7212
803579375357, 803579385095, 9738
803614442778, 803614451430, 8652
803678162604, 803678172588, 9984
803722529796, 803722540006, 10210
803776938808, 803776947529, 8721
803811809643, 803811817596, 7953
803876067496, 803876075944, 8448
803911654880, 803911663214, 8334
803974426506, 803974433982, 7476
804009199561, 804009207667, 8106
804073334326, 804073343887, 9561
804109981812, 804109989345, 7533
804172018501, 804172028110, 9609
804218657839, 804218665963, 8124
804270967255, 804270974818, 7563
804322278336, 804322287813, 9477
804369729443, 804369740789, 11346
804398585413, 804398592442, 7029
804468578095, 804468592162, 14067
804524203300, 804524214253, 10953
804567290948, 804567301214, 10266
804597023896, 804597032233, 8337
804666097719, 804666106548, 8829
804697795109, 804697802912, 7803
804764878845, 804764888814, 9969
804800818350, 804800827908, 9558
804863652140, 804863663666, 11526
804902551497, 804902560026, 8529
804962483991, 804962493009, 9018
805003201692, 805003210986, 9294
805061240697, 805061251107, 10410
805101431616, 805101444627, 13011
805160032208, 805160041187, 8979
805197164089, 805197173122, 9033
805258604383, 805258612183, 7800
805289562170, 805289571377, 9207
805357429755, 805357439112, 9357
805402898452, 805402909492, 11040
805456394653, 805456404679, 10026
805486110982, 805486117846, 6864
805555109248, 805555119577, 10329
805595937122, 805595946164, 9042
805653991246, 805654000192, 8946
805685271870, 805685278830, 6960
805752770426, 805752779483, 9057
805799725733, 805799733728, 7995
805851155391, 805851160188, 4797
805881637474, 805881644725, 7251
805950359168, 805950370598, 11430
805978899128, 805978907117, 7989
806049127892, 806049138128, 10236
806086653128, 806086661219, 8091
806147929898, 806147939843, 9945
806177900954, 806177908952, 7998
806246511066, 806246519148, 8082
806303043990, 806303051850, 7860
806344867017, 806344873737, 6720
806387804281, 806387813041, 8760
806444339053, 806444348464, 9411
806487240858, 806487248955, 8097
806543086834, 806543096386, 9552
806575667347, 806575674937, 7590
806641887674, 806641897676, 10002
806674852249, 806674865038, 12789
806740694335, 806740703317, 8982
806771457969, 806771464929, 6960
806839488347, 806839498475, 10128
806873269073, 806873277293, 8220
806937963585, 806937973968, 10383
806979821481, 806979829278, 7797
807037082256, 807037092078, 9822
807135590070, 807135623148, 33078
807178196487, 807178204059, 7572
807234897542, 807234906986, 9444
807267408811, 807267418015, 9204
807333517196, 807333526802, 9606
807432291100, 807432300202, 9102
807462572010, 807462581784, 9774
807531084044, 807531092702, 8658
807564167409, 807564176208, 8799
807629839051, 807629847574, 8523
807662268962, 807662275709, 6747
807728624669, 807728644352, 19683
807762280392, 807762289053, 8661
807827539347, 807827550642, 11295
807866130528, 807866143989, 13461
807926115370, 807926122066, 6696
807955284914, 807955294526, 9612
808024976141, 808024984730, 8589
808061036865, 808061045085, 8220
808123433606, 808123442510, 8904
808158395011, 808158403120, 8109
808222298378, 808222309532, 11154
808267115513, 808267126040, 10527
808321114990, 808321123723, 8733
808353193295, 808353200726, 7431
808420153302, 808420162410, 9108
808456604685, 808456612422, 7737
808518962872, 808518971782, 8910
808546670371, 808546677136, 6765
808617739936, 808617749788, 9852
808649918766, 808649927313, 8547
808716540284, 808716550637, 10353
808744737862, 808744745311, 7449
808814872716, 808814880471, 7755
808858258984, 808858266718, 7734
808914180483, 808914189648, 9165
808943203311, 808943212605, 9294
809012927162, 809012937851, 10689
809041944690, 809041951665, 6975
809111703015, 809111712972, 9957
809145463192, 809145470077, 6885
809210520915, 809210530488, 9573
809238462146, 809238469376, 7230
809309255725, 809309264485, 8760
809352322271, 809352329726, 7455
809408081774, 809408092742, 10968
809445868884, 809445877863, 8979
809506838108, 809506847726, 9618
809545212807, 809545220853, 8046
809605645997, 809605655099, 9102
809653065284, 809653073060, 7776
809704159548, 809704165608, 6060
809751759018, 809751768819, 9801
809817123202, 809817127138, 3936
809916014101, 809916019867, 5766
810014533706, 810014537840, 4134
810113643064, 810113650594, 7530
810212331274, 810212337136, 5862
810311145972, 810311150937, 4965
810409897839, 810409902009, 4170
810508711903, 810508717444, 5541
810607495371, 810607500087, 4716
810706298629, 810706306018, 7389
810805113100, 810805117555, 4455
810903882532, 810903888154, 5622
811002699279, 811002704712, 5433
811101482995, 811101486871, 3876
811200341311, 811200350524, 9213
811299043537, 811299049237, 5700
811397746444, 811397757079, 10635
811496660690, 811496666687, 5997
811595272574, 811595284535, 11961
811694243468, 811694247476, 4008
811793030971, 811793035147, 4176
811891869769, 811891876798, 7029
811990697629, 811990702105, 4476
812089417315, 812089423699, 6384
812188194784, 812188199887, 5103
812286968005, 812286972130, 4125
812385805885, 812385810316, 4431
812484537386, 812484542759, 5373
812583367822, 812583372242, 4420
812681942359, 812681950552, 8193
812780958822, 812780966136, 7314
812879692898, 812879697230, 4332
812981334284, 812981342456, 8172
813077321232, 813077325732, 4500
813176121106, 813176125381, 4275
813274910610, 813274914822, 4212
813373671523, 813373675576, 4053
813472497304, 813472501534, 4230
813571091058, 813571101786, 10728
813670182225, 813670186266, 4041
813768844031, 813768849131, 5100
813867645067, 813867649825, 4758
813966430387, 813966435547, 5160
814065214960, 814065219130, 4170
814164022223, 814164026419, 4196
814262643004, 814262647243, 4239
814361619882, 814361623872, 3990
814460405081, 814460410748, 5667
814559175375, 814559180823, 5448
814657996293, 814658001858, 5565
814757924731, 814758079669, 154938
814855555500, 814855561107, 5607
814954378805, 814954383482, 4677
815053158589, 815053163038, 4449
815151943559, 815151948662, 5103
815250916382, 815250923021, 6639
815349741622, 815349748846, 7224
815448350265, 815448354711, 4446
815546943399, 815546952813, 9414
815645809545, 815645813670, 4125
815744742665, 815744747444, 4779
815843438062, 815843442484, 4422
815942261231, 815942266277, 5046
816140035612, 816140040925, 5313
816238641796, 816238647538, 5742
816337410313, 816337416289, 5976
816436233265, 816436237984, 4719
816535029373, 816535034224, 4851
816561382931, 816561389645, 6714
816633780836, 816633785282, 4446
816732652669, 816732656884, 4215
816831354226, 816831360835, 6609
816930206155, 816930210301, 4146
817028819838, 817028824665, 4827
817127825119, 817127831554, 6435
817226612879, 817226617643, 4764
817325372739, 817325377326, 4587
817424162820, 817424167146, 4326
817522734098, 817522741724, 7626
817621720895, 817621726127, 5232
817720527102, 817720531284, 4182
817819328987, 817819333151, 4164
817919042936, 817919057720, 14784
818016922480, 818016928588, 6108
818115855452, 818115859697, 4245
818214471282, 818214475461, 4179
818313257613, 818313261780, 4167
818412078484, 818412082540, 4056
818510833829, 818510838341, 4512
818609676884, 818609681576, 4692
818708464591, 818708468548, 3957
818807253892, 818807258329, 4437
818905992483, 818905996803, 4320
819004800945, 819004805268, 4323
819103586593, 819103591744, 5151
819202417941, 819202424439, 6498
819308564970, 819308579310, 14340
819399800681, 819399807593, 6912
819498774309, 819498778512, 4203
819597550855, 819597555892, 5037
819696313631, 819696317936, 4305
819795219697, 819795223564, 3867
819893953078, 819893957185, 4107
819992800591, 819992806078, 5487
820091544111, 820091549217, 5106
820190291879, 820190296277, 4398
820289182326, 820289187258, 4932
820387918334, 820387923284, 4950
820486800474, 820486807257, 6783
820585582754, 820585587653, 4899
820684264104, 820684267779, 3675
820783122401, 820783126382, 3981
820882002683, 820882008704, 6021
820981521307, 820981527436, 6129
821079461821, 821079467212, 5391
821178329426, 821178333956, 4530
821277113202, 821277117612, 4410
821375652641, 821375661302, 8661
821474631094, 821474635786, 4692
821573426888, 821573431643, 4755
821672231506, 821672236792, 5286
821770946405, 821770953188, 6783
821869760003, 821869763963, 3960
821968603786, 821968608934, 5148
822067378800, 822067383540, 4740
822166126529, 822166131098, 4569
822264961240, 822264965620, 4380
822363756694, 822363761665, 4971
822462538589, 822462543155, 4566
822561341375, 822561345647, 4272
822660125352, 822660129597, 4245
822690473170, 822690479302, 6132
822758875719, 822758879721, 4002
822857819918, 822857825762, 5844
822956475050, 822956479544, 4494
823055244285, 823055249037, 4752
823154087838, 823154091927, 4089
823252793642, 823252797998, 4356
823351481804, 823351489088, 7284
823450466529, 823450471512, 4983
823549250048, 823549254308, 4260
823648037388, 823648043106, 5718
823746827781, 823746832461, 4680
823845807245, 823845815744, 8499
823944466055, 823944470294, 4239
824043155819, 824043160340, 4521
824141989600, 824141995435, 5835
824240756619, 824240760546, 3927
824339704802, 824339711111, 6309
824438347943, 824438353088, 5145
824537035029, 824537039085, 4056
824635962340, 824635969609, 7269
824734748920, 824734753402, 4482
824833865616, 824833872063, 6447
824932298458, 824932302817, 4359
825031037361, 825031041888, 4527
825129941847, 825129946995, 5148
825228715391, 825228719552, 4161
825327338183, 825327350672, 12489
825426346018, 825426350713, 4695
825525031345, 825525035500, 4155
825623831797, 825623836054, 4257
825722668038, 825722672370, 4332
825821446158, 825821451922, 5764
825920218504, 825920222905, 4401
826019049242, 826019053649, 4407
826117810459, 826117814362, 3903
826216619140, 826216623385, 4245
826315429940, 826315434020, 4080
826414165363, 826414169518, 4155
826512963956, 826512969821, 5865
826611748833, 826611754284, 5451
826710592005, 826710596877, 4872
826809402568, 826809407587, 5019
826908141924, 826908146469, 4545
827006754857, 827006761508, 6651
827105783864, 827105789332, 5468
827204497591, 827204501740, 4149
827314328227, 827314333447, 5220
827402159883, 827402164011, 4128
827501194674, 827501200668, 5994
827599710603, 827599715241, 4638
827698546469, 827698550915, 4446
827797309888, 827797314226, 4338
827896064010, 827896068195, 4185
827994651974, 827994656297, 4323
828093493760, 828093498005, 4245
828192239965, 828192246139, 6174
828291612905, 828291618968, 6063
828390008011, 828390012994, 4983
828488664884, 828488668991, 4107
828587467371, 828587478906, 11535
828686400505, 828686405251, 4746
828785225568, 828785229672, 4104
828884021706, 828884026314, 4608
828982845121, 828982849843, 4722
829081784750, 829081791293, 6543
829180343058, 829180347477, 4419
829279181010, 829279185240, 4230
829377949124, 829377953213, 4089
829476743457, 829476748155, 4698
829575569612, 829575573782, 4170
829674382214, 829674386126, 3912
829773353909, 829773365150, 11241
829871931047, 829871935973, 4926
829970564364, 829970570055, 5691
830069568871, 830069573911, 5040
830168291373, 830168296473, 5100
830267056926, 830267061237, 4311
830365704447, 830365710888, 6441
830464653814, 830464658026, 4212
830563504123, 830563507858, 3735
830662282798, 830662287049, 4251
830761059454, 830761065958, 6504
830859828345, 830859832434, 4089
830958650638, 830958654871, 4233
831057458751, 831057463137, 4386
831156204102, 831156208575, 4473
831254999222, 831255003314, 4092
831353810237, 831353814998, 4761
831452559439, 831452564404, 4965
831551392621, 831551397553, 4932
831650218935, 831650226318, 7383
831748768957, 831748773589, 4632
831847582440, 831847592196, 9756
831875771532, 831875778648, 7116
831946600692, 831946604820, 4128
832045287721, 832045292224, 4503
832144221957, 832144225935, 3978
832243033832, 832243038635, 4803
832341736276, 832341741139, 4863
832440525249, 832440529416, 4167
832539369984, 832539374025, 4041
832638138573, 832638143748, 5175
832736874285, 832736878626, 4341
832835693602, 832835698237, 4635
832934467069, 832934472337, 5268
833033222515, 833033226595, 4080
833132062623, 833132066847, 4224
833230677526, 833230690285, 12759
833329647834, 833329655061, 7227
833428400060, 833428404569, 4509
833527236342, 833527240257, 3915
833626023110, 833626028072, 4962
833724812134, 833724816391, 4257
833823572519, 833823577517, 4998
833922395952, 833922400755, 4803
834021154538, 834021158957, 4419
834119995313, 834119999579, 4266
834218763519, 834218767536, 4017
834317573428, 834317578210, 4782
834416363202, 834416367408, 4206
834514969172, 834514979873, 10701
834613961729, 834613966121, 4392
834712736113, 834712740178, 4065
834811542573, 834811546767, 4194
834910337367, 834910341420, 4053
834950150937, 834950156979, 6042
835009211857, 835009216561, 4704
835107908999, 835107913604, 4605
835206637965, 835206642117, 4152
835305452890, 835305457396, 4506
835404305174, 835404309113, 3939
835502965600, 835502969956, 4356
835601833523, 835601838050, 4527
835700658319, 835700662903, 4584
835799460876, 835799465409, 4533
835898046202, 835898056228, 10026
835997023055, 835997028095, 5040
836095679293, 836095683448, 4155
836194572114, 836194576500, 4386
836293368734, 836293372967, 4233
836392182557, 836392186934, 4377
836490943813, 836490948196, 4383
836589785418, 836589789987, 4569
836688525797, 836688529811, 4014
836787363897, 836787367878, 3981
836886143879, 836886148832, 4953
836984944153, 836984948608, 4455
837083716433, 837083722751, 6318
837182448580, 837182452936, 4356
837281327745, 837281332782, 5037
837379927130, 837379936862, 9732
837478903698, 837478907520, 3822
837577700439, 837577704348, 3909
837676479564, 837676484172, 4608
837775197025, 837775200994, 3969
837874002998, 837874006967, 3969
837972873859, 837972877744, 3885
838071677819, 838071682232, 4413
838170631482, 838170640995, 9513
838268984757, 838268987964, 3207
838368028250, 838368033197, 4947
838466886299, 838466890709, 4410
838565441394, 838565453670, 12276
838664439041, 838664443573, 4532
838763192776, 838763198869, 6093
838862027933, 838862033474, 5541
838960777061, 838960781189, 4128
839059576970, 839059581386, 4416
839158396902, 839158401750, 4848
839257215811, 839257221856, 6045
839356016332, 839356021618, 5286
839454745851, 839454750342, 4491
839553727148, 839553735440, 8292
839652294793, 839652299290, 4497
839751182219, 839751187289, 5070
839849870636, 839849875019, 4383
839948663807, 839948668037, 4230
840047372297, 840047378579, 6282
840146240234, 840146244449, 4215
840245082835, 840245088937, 6102
840343676533, 840343683946, 7413
840442644563, 840442648871, 4308
840541478002, 840541482349, 4347
840640249119, 840640254444, 5325
840739041855, 840739045950, 4095
840837832772, 840837837227, 4455
840936642306, 840936646671, 4365
841035415803, 841035420018, 4215
841069788862, 841069795672, 6810
841232810863, 841232814505, 3642
841331770378, 841331774614, 4236
841430541241, 841430545822, 4581
841529375876, 841529380013, 4137
841628131158, 841628135028, 3870
841726934591, 841726940336, 5745
841825714109, 841825718528, 4419
841924766863, 841924773652, 6789
842023329588, 842023334079, 4491
842122128870, 842122133016, 4146
842221010410, 842221018111, 7701
842319709535, 842319715286, 5751
842418560431, 842418566845, 6414
842517116443, 842517126409, 9966
842616064106, 842616068339, 4233
842715102003, 842715114561, 12558
842813685958, 842813692443, 6485
842912448417, 842912453172, 4755
843011247525, 843011251980, 4455
843110003193, 843110007429, 4236
843208954089, 843208961094, 7005
843307629960, 843307634214, 4254
843407125954, 843407130796, 4842
843505160076, 843505164462, 4386
843604006912, 843604011760, 4848
843702858506, 843702866768, 8262
843801536797, 843801541966, 5169
843900382234, 843900386368, 4134
843999226005, 843999231885, 5880
844097916074, 844097920835, 4761
844196763484, 844196768488, 5004
844295526967, 844295532358, 5391
844394343582, 844394347878, 4296
844493221276, 844493225566, 4290
844591875326, 844591879568, 4242
844690673014, 844690677901, 4887
844789465962, 844789480134, 14172
844888296010, 844888300570, 4560
844987090710, 844987095066, 4356
845085884354, 845085888680, 4326
845184645611, 845184649919, 4308
845283438412, 845283443194, 4782
845382306343, 845382310381, 4038
845481020007, 845481024354, 4347
845579937861, 845579945853, 7992
845678657605, 845678662702, 5097
845777430780, 845777434950, 4170
845876264380, 845876270530, 6150
845975019993, 845975023596, 3603
846073829504, 846073836155, 6651
845862606619, 845862619402, 12783
845895471751, 845895478567, 6816
845961064043, 845961072683, 8640
845989804893, 845989811511, 6618
846059656346, 846059664329, 7983
846091577918, 846091584854, 6936
846158627257, 846158638600, 11343
846187595977, 846187602553, 6576
846256951706, 846256960226, 8520
846285879055, 846285885826, 6771
846356012792, 846356061496, 48704
846401313948, 846401323254, 9306
846454973019, 846454982043, 9024
846483521549, 846483528167, 6618
846553833005, 846553844372, 11367
846587069944, 846587077393, 7449
846652853530, 846652862323, 8793
846689688519, 846689695599, 7080
846751399821, 846751409208, 9387
846779260327, 846779267713, 7386
846850178758, 846850188151, 9393
846889337437, 846889345129, 7692
846948971318, 846948980333, 9015
846980974839, 846980981502, 6663
847047401385, 847047411477, 10092
847075479040, 847075486600, 7560
847146562802, 847146572786, 9984
847245353010, 847245362292, 9282
847276403309, 847276410908, 7599
847344141898, 847344151960, 10062
847372436254, 847372443865, 7611
847442953470, 847442963571, 10101
847484328557, 847484337242, 8685
847541721903, 847541731815, 9912
847572199959, 847572207243, 7284
847640527985, 847640538002, 10017
847669382908, 847669389919, 7011
847739317290, 847739327631, 10341
847778634471, 847778643330, 8859
847838104791, 847838113662, 8871
847865873950, 847865882368, 8418
847936894294, 847936905427, 11133
847965500150, 847965507221, 7071
848035700667, 848035710507, 9840
848063848357, 848063858239, 9882
848134480865, 848134490408, 9543
848165985379, 848165994874, 9495
848233639347, 848233646976, 7629
848272915753, 848272924450, 8697
848332062895, 848332073617, 10722
848360653586, 848360660942, 7356
848430847474, 848430856978, 9504
848466903212, 848466912488, 9276
848529802357, 848529817177, 14820
848628435570, 848628445995, 10425
848656201926, 848656209204, 7278
848727220619, 848727228872, 8253
848762559458, 848762570807, 11349
848826037392, 848826047358, 9966
848855724516, 848855731686, 7170
848924800179, 848924808567, 8388
848958515962, 848958524071, 8109
849023604912, 849023613690, 8778
849068511672, 849068518110, 6438
849122224638, 849122234682, 10044
849154936061, 849154943321, 7260
849220770840, 849220778820, 7980
849261697429, 849261709690, 12261
849319967073, 849319978053, 10980
849359211840, 849359222475, 10635
849418777785, 849418787064, 9279
849450574018, 849450581728, 7710
849517677573, 849517688340, 10767
849555603899, 849555615950, 12051
849616436582, 849616448942, 12360
849648125468, 849648132902, 7434
849715124298, 849715133532, 9234
849746587706, 849746594714, 7008
849813980052, 849813988572, 8520
849842335825, 849842343613, 7788
849912793170, 849912799647, 6477
849944411222, 849944418596, 7374
850011327281, 850011334667, 7386
850041918684, 850041927183, 8499
850110311792, 850110327296, 15504
850142996774, 850143004151, 7377
850209038412, 850209046731, 8319
850251754959, 850251769182, 14223
850307589829, 850307599393, 9564
850338278172, 850338288681, 10509
850406676371, 850406683934, 7563
850436501127, 850436512626, 11499
850505121341, 850505129441, 8100
850550232943, 850550241589, 8646
850618222188, 850618226079, 3891
850716789542, 850716796709, 7167
850816080003, 850816086555, 6552
850914556952, 850914563183, 6231
851013361490, 851013365462, 3972
851112203433, 851112208074, 4641
851210972287, 851210977159, 4872
851309535021, 851309540934, 5913
851408751487, 851408755954, 4467
851507133560, 851507137604, 4044
851606088286, 851606092852, 4566
851704894935, 851704899903, 4968
851804735231, 851804739608, 4377
851902469045, 851902473257, 4212
852001364388, 852001368921, 4533
852100060454, 852100064777, 4323
852206472434, 852206479400, 6966
852297496587, 852297509406, 12819
852396437897, 852396441818, 3921
852495327216, 852495333213, 5997
852593986527, 852593991324, 4797
852692885790, 852692890278, 4488
852791597620, 852791601592, 3972
852891741004, 852891744628, 3624
852989160743, 852989164835, 4092
853087989215, 853087993409, 4194
853187173137, 853187177319, 4182
853286480282, 853286493356, 13074
853384575158, 853384579562, 4404
853483047655, 853483052914, 5259
853581894845, 853581902735, 7890
853666489409, 853666494713, 5304
853694466851, 853694474747, 7896
853765377561, 853765385616, 8055
853795865091, 853795873419, 8328
853864254183, 853864262383, 8200
853909196641, 853909204615, 7974
853963230880, 853963240252, 9372
853991082123, 853991449203, 367080
854061786181, 854061794680, 8499
854092570072, 854092576897, 6825
854160571485, 854160581436, 9951
854194111214, 854194119809, 8595
854259364960, 854259372457, 7497
854294271233, 854294279687, 8454
854358083235, 854358091671, 8436
854390800677, 854390807805, 7128
854456844628, 854456852311, 7683
854489599880, 854489606525, 6645
854556234883, 854556245149, 10266
854587641862, 854587649659, 7797
854654834143, 854654843110, 8967
854686693741, 854686702690, 8949
854753337978, 854753346759, 8781
854797068473, 854797076189, 7716
854852336708, 854852346827, 10119
854879880820, 854879887894, 7074
854951305757, 854951315186, 9429
854981417024, 854981424197, 7173
855049918392, 855049927371, 8979
855085389467, 855085397876, 8409
855148676399, 855148686968, 10569
855184587208, 855184596007, 8799
855247699795, 855247708678, 8883
855287208325, 855287215165, 6840
855346415623, 855346423858, 8235
855387414541, 855387424393, 9852
855445045984, 855445056781, 10797
855473824238, 855473831804, 7566
855543840328, 855543850996, 10668
855594845029, 855594855997, 10968
855642652631, 855642661883, 9252
855670595103, 855670602207, 7104
855741777716, 855741787049, 9333
855779536014, 855779543529, 7515
855839832857, 855839841446, 8589
855881346980, 855881353448, 6468
855939018436, 855939028736, 10300
855980202460, 855980211319, 8859
856038186478, 856038195469, 8991
856066801267, 856066807837, 6570
856136427870, 856136438328, 10458
856174104136, 856174111495, 7359
856235490469, 856235498572, 8103
856264231188, 856264238421, 7233
856334238322, 856334253727, 15405
856375014989, 856375023185, 8196
856433080317, 856433090862, 10545
856477615004, 856477623026, 8022
856531341053, 856531348127, 7074
856585284947, 856585292957, 8010
856630575219, 856630586169, 10950
856660769133, 856660776183, 7050
856729112981, 856729118801, 5820
856774063015, 856774071103, 8088
856827726185, 856827732365, 6180
856859538112, 856859545978, 7866
856926930535, 856926940201, 9666
856954170405, 856954178148, 7743
857025680525, 857025689693, 9168
857063033479, 857063040895, 7416
857124540673, 857124553876, 13203
857153904571, 857153912599, 8028
857222961169, 857222967460, 6291
857255710345, 857255718283, 7938
857321824621, 857321830033, 5412
857363140214, 857363150525, 10311
857420606051, 857420649340, 43289
857462887228, 857462895778, 8550
857519552046, 857519560476, 8430
857571006978, 857571016527, 9549
857618337374, 857618343140, 5766
857648699627, 857648706590, 6963
857717033877, 857717043180, 9303
857760939144, 857760947391, 8247
857815784770, 857815792357, 7587
857858490410, 857858501342, 10932
857914902095, 857914911407, 9312
857942946885, 857942954463, 7578
858013554764, 858013573799, 19035
858059764399, 858059773270, 8871
858112531401, 858112538496, 7095
858142850625, 858142866057, 15432
858211608853, 858211620343, 11490
858255840588, 858255856092, 15504
858310018411, 858310028557, 10146
858349477033, 858349484065, 7032
858408811958, 858408822518, 10560
858436750500, 858436757571, 7071
858507609537, 858507619524, 9987
858549967810, 858549974170, 6360
858606405694, 858606416212, 10518
858634546838, 858634555658, 8820
858705194468, 858705205523, 11055
858733211333, 858733218359, 7026
858803929120, 858803940409, 11289
858834744479, 858834753104, 8625
858902494557, 858902504502, 9945
858930131289, 858930138117, 6828
859001625472, 859001636455, 10983
859032534223, 859032541270, 7047
859100350876, 859100360089, 9213
859131354250, 859131362107, 7857
859199089502, 859199099675, 10173
859230723339, 859230730110, 6771
859297991320, 859297996435, 5115
859327871929, 859327881448, 9519
859396744395, 859396756152, 11757
859495723612, 859495736830, 13218
859539130083, 859539139062, 8979
859594325611, 859594334956, 9345
859627800613, 859627813162, 12549
859693140778, 859693149811, 9033
859732704391, 859732712209, 7818
859791966585, 859791977364, 10779
859822913780, 859822920749, 6969
859890721327, 859890731584, 10257
859925458031, 859925465501, 7470
859988829414, 859988834055, 4641
860023530971, 860023538357, 7386
860087995951, 860088001941, 5990
860128993603, 860129000440, 6837
860186817430, 860186851103, 33673
860222197576, 860222205373, 7797
860285899624, 860285906932, 7308
860316334465, 860316341734, 7269
860384183485, 860384359131, 175646
860418661498, 860418669640, 8142
860483482857, 860483494008, 11151
860511833944, 860511854764, 20820
860582280774, 860582290605, 9831
860614364231, 860614370474, 6243
860681033251, 860681042695, 9444
860716469950, 860716478314, 8364
860779853354, 860779863068, 9714
860810875555, 860810882965, 7410
860878629491, 860878639037, 9546
860909715601, 860909722717, 7116
860977432949, 860977441610, 8661
861020831529, 861020840280, 8751
861076231716, 861076242108, 10392
861107797720, 861107805238, 7518
861175318556, 861175332497, 13941
861207994903, 861208003348, 8445
861273877577, 861273891074, 13497
861305039327, 861305047478, 8151
861372681388, 861372695665, 14277
861416993233, 861417001210, 7977
861471410306, 861471418754, 8448
861502746931, 861502754290, 7359
861570202097, 861570209885, 7788
861600575024, 861600582374, 7350
861668941673, 861668951576, 9903
861710702238, 861710711073, 8835
861767427136, 861767519782, 92646
861820544963, 861820557956, 12993
861866407261, 861866417404, 10143
861895222396, 861895229296, 6900
861965515749, 861965528343, 12594
861996469908, 861996478143, 8235
862064109638, 862064118557, 8919
862101650491, 862101658849, 8358
862162913595, 862162924650, 11055
862204526408, 862204537529, 11121
862261762156, 862261770907, 8751
862303666026, 862303674162, 8136
862360486712, 862360496558, 9846
862397706641, 862397716625, 9984
862459278901, 862459289761, 10860
862557896967, 862557908862, 11895
862588195114, 862588202962, 7848
862656879458, 862656889502, 10044
862701412675, 862701419962, 7287
862755957692, 862755969314, 11622
862786466550, 862786474074, 7524
862854474126, 862854483525, 9399
862888709430, 862888721571, 12141
862953256615, 862953264943, 8328
862984551165, 862984559937, 8772
863052038808, 863052047484, 8676
863088483497, 863088491417, 7920
863150176043, 863150180651, 4608
863193632011, 863193641359, 9348
863249642158, 863249651491, 9333
863279223297, 863279229639, 6342
863348245444, 863348295506, 50062
863389023798, 863389035351, 11553
863447350374, 863447359374, 9000
863478777938, 863478788591, 10653
863545955574, 863545966113, 10539
863577942472, 863577951043, 8571
863644555192, 863644559488, 4296
863694572909, 863694580901, 7992
863743604302, 863743611349, 7047
863785153485, 863785161702, 8217
863842808462, 863842824611, 16149
863884641841, 863884651858, 10017
863941225112, 863941235522, 10410
863973206135, 863973213761, 7626
864040054992, 864040066035, 11043
864068407818, 864068414898, 7080
864138743241, 864138752172, 8931
864174382480, 864174390862, 8382
864237840168, 864237850436, 10268
864269931182, 864269937929, 6747
864336342040, 864336352291, 10251
864373391791, 864373402702, 10911
864435261907, 864435270949, 9042
864467311727, 864467318360, 6633
864534090943, 864534099736, 8793
864572091581, 864572099300, 7719
864632974180, 864632984074, 9894
864675253746, 864675262530, 8784
864731491297, 864731501659, 10362
864770929246, 864770936668, 7422
864830298758, 864830308415, 9657
864860729423, 864860737235, 7812
864929064505, 864929075074, 10569
864965596066, 864965607562, 11496
865027877760, 865027888374, 10614
865061468301, 865061476035, 7734
865126656916, 865126666033, 9117
865169075713, 865169087419, 11706
865225764179, 865225773596, 9417
865256450635, 865256459788, 9153
865324236926, 865324246511, 9585
865356650311, 865356657292, 6981
865423067951, 865423078067, 10116
865457325150, 865457332818, 7668
865521829687, 865521840178, 10491
865567481769, 865567489068, 7299
865621101493, 865621108954, 7461
865667941534, 865667949001, 7467
865719160286, 865719170369, 10083
865751412168, 865751420514, 8346
865817832472, 865817841313, 8841
865865012068, 865865021563, 9495
865916762917, 865916768968, 6051
865951600712, 865951609619, 8907
866015781265, 866015792227, 10962
866046482070, 866046489120, 7050
866114527745, 866114537408, 9663
866160932923, 866160942397, 9474
866213398069, 866213409883, 11814
866266786677, 866266796493, 9816
866312188439, 866312199176, 10737
866341499078, 866341505708, 6630
866410919696, 866410928927, 9231
866509749426, 866509759548, 10122
866540572450, 866540580643, 8193
866608740429, 866608750632, 10203
866649530907, 866649540987, 10080
866707498736, 866707507979, 9243
866753368047, 866753384688, 16641
866805925552, 866805931174, 5622
866835043041, 866835049971, 6930
866905137211, 866905145842, 8631
866935177648, 866935185325, 7677
867003937320, 867003946995, 9675
867043895666, 867043907096, 11430
867102116312, 867102122237, 5925
867140032785, 867140041638, 8853
867201317749, 867201328513, 10764
867241261083, 867241269012, 7929
867300094816, 867300104377, 9561
867340095304, 867340102966, 7662
867398894352, 867398900925, 6573
867441413085, 867441422631, 9546
867497401615, 867497409263, 7648
867554685956, 867554694224, 8268
867595940777, 867595945253, 4476
867626962496, 867626970095, 7599
867695227148, 867695237312, 10164
867742205238, 867742213689, 8451
867794063570, 867794074679, 11109
867824534868, 867824543907, 9039
867892834657, 867892844320, 9663
867937605181, 867937613356, 8175
867991517574, 867991527675, 10101
868027536065, 868027543208, 7143
868090230714, 868090240161, 9447
868132423492, 868132431103, 7611
868189227000, 868189239505, 12505
868220949884, 868220957240, 7356
868288003849, 868288013452, 9603
868317202985, 868317214559, 11574
868386835692, 868386845778, 10086
868420584883, 868420593220, 8337
868485611731, 868485621382, 9651
868528423020, 868528430478, 7458
868584395730, 868584405660, 9930
868683216001, 868683226813, 10812
868726106779, 868726114765, 7986
868781988196, 868781997196, 9000
868822622538, 868822630284, 7746
868880776054, 868880784859, 8805
868912469779, 868912478101, 8322
868979686401, 868979704449, 18048
869022111002, 869022122951, 11949
869078531595, 869078544030, 12435
869111063338, 869111071324, 7986
869176603586, 869176609529, 5943
869204773665, 869204780964, 7299
869275955935, 869275965127, 9192
869307269411, 869307276653, 7242
869374732670, 869374740431, 7761
869412443897, 869412451667, 7770
869473530631, 869473540024, 9393
869506794167, 869506801199, 7032
869572157804, 869572166984, 9180
869603688628, 869603695564, 6936
869671126181, 869671131482, 5301
869700687973, 869700695296, 7323
869769897340, 869769906823, 9483
869868504444, 869868509328, 4884
869905490406, 869905498197, 7791
869967347545, 869967354502, 6957
870012096448, 870012103861, 7413
870066199197, 870066203112, 3915
870104538000, 870104544936, 6936
870165180450, 870165190749, 10299
870200836723, 870200843167, 6444
870263772169, 870263806198, 34029
870299318041, 870299325991, 7950
870362890319, 870362899043, 8724
870394513102, 870394519735, 6633
870461423855, 870461433053, 9198
870490413762, 870490420437, 6675
870560330017, 870560343376, 13359
870588743938, 870588752887, 8949
870659208466, 870659514757, 306291
870688693447, 870688700533, 7086
870757812475, 870757821196, 8721
870799486603, 870799494118, 7515
870856598724, 870856607238, 8514
870899854286, 870899863697, 9411
870955408574, 870955419101, 10527
870984505308, 870984512091, 6783
871054191554, 871054200146, 8592
871095316356, 871095325512, 9156
871152996355, 871153005487, 9132
871183179946, 871183188652, 8706
871251659213, 871251667730, 8517
871295189929, 871295199250, 9321
871351013104, 871351027606, 14502
871382414261, 871382420918, 6657
871449421879, 871449439855, 17976
871491276426, 871491284283, 7857
871548084948, 871548093669, 8721
871580748765, 871580756364, 7599
871646930398, 871646940250, 9852
871686639047, 871686647108, 8061
871745730484, 871745739784, 9300
871776512653, 871776520183, 7530
871844518346, 871844528504, 10158
871876136128, 871876146082, 9954
871943319583, 871943328952, 9369
871971102648, 871971109263, 6615
872042161994, 872042168801, 6807
872085126807, 872085134214, 7407
872140891621, 872140900753, 9132
872170178818, 872170185271, 6453
872239512055, 872239520911, 8856
872270931868, 872270939125, 7257
872338471508, 872338479785, 8277
872371690181, 872371697990, 7809
872437261388, 872437271138, 9750
872467978697, 872467985453, 6756
872536052832, 872536063026, 10194
872567146703, 872567156150, 9447
872634853079, 872634861539, 8460
872677041303, 872677054281, 12978
872733650020, 872733659047, 9027
872761728060, 872761735059, 6999
872832483846, 872832493359, 9513
872862739998, 872862747423, 7425
872931242400, 872931250671, 8271
872961715343, 872961728783, 13440
873030134448, 873030149361, 14913
873073071083, 873073078247, 7164
873128531995, 873128541199, 9204
873161317220, 873161324258, 7038
873227331562, 873227341036, 9474
873282673415, 873282691259, 17844
873326011113, 873326015985, 4872
873356444367, 873356450952, 6585
873424981223, 873424991548, 10325
873466821185, 873466828241, 7056
873523680989, 873523688539, 7550
873556473552, 873556481466, 7914
873622704797, 873622713425, 8628
873658853766, 873658860798, 7032
873721556613, 873721566225, 9612
873766762704, 873766771371, 8667
873820459830, 873820471839, 12009
873859528331, 873859537424, 9093
873919150672, 873919160263, 9591
873950734012, 873950744662, 10650
874017926358, 874017935943, 9585
874045873275, 874045884939, 11664
874116714365, 874116724577, 10212
874151592972, 874151599698, 6726
874215334447, 874215342490, 8043
874247871473, 874247881577, 10104
874314274845, 874314284022, 9177
874343024817, 874343032104, 7287
874413091033, 874413101545, 10512
874446001278, 874446010686, 9408
874511500363, 874511509087, 8724
874552982733, 874552990362, 7629
874610745138, 874610757279, 12141
874645245087, 874645253220, 8133
874709462739, 874709472111, 9372
874753032325, 874753041757, 9432
874808271032, 874808280290, 9258
874839254999, 874839263210, 8211
874907066720, 874907075549, 8829
874950663499, 874950672256, 8757
875005846043, 875005854722, 8679
875047226063, 875047233932, 7869
875104616436, 875104625748, 9312
875139050170, 875139058153, 7983
875203447333, 875203457707, 10374
875245280008, 875245293238, 13230
875302220470, 875302230664, 10194
875335318983, 875335327836, 8853
875400984216, 875400994365, 10149
875437583403, 875437593222, 9819
875499788979, 875499798150, 9171
875533882597, 875533891276, 8679
875598586652, 875598596000, 9348
875626955648, 875626963898, 8250
875697396995, 875697406274, 9279
875732580237, 875732591088, 10851
875796207590, 875796218081, 10491
875825915140, 875825922883, 7743
875895023598, 875895033909, 10311
875923377857, 875923385009, 7152
875993776066, 875993784862, 8796
876031532279, 876031540919, 8640
876092552675, 876092562977, 10302
876120931317, 876120938211, 6894
876191284832, 876191291594, 6762
876238117191, 876238127244, 10053
876290131429, 876290142595, 11166
876318694446, 876318700860, 6414
876388942928, 876388952888, 9960
876417235585, 876417242935, 7350
876487730060, 876487739624, 9564
876518639126, 876518651186, 12060
876586501954, 876586509748, 7794
876615917617, 876615924592, 6975
876685315031, 876685324553, 9522
876713803683, 876713811003, 7320
876784112071, 876784121839, 9768
876817176306, 876817182960, 6654
876882901987, 876882911164, 9177
876911523815, 876911530643, 6828
876981420836, 876981430508, 9672
877027352353, 877027361869, 9516
877080172466, 877080181006, 8540
877112057433, 877112067744, 10311
877179028980, 877179034970, 5990
877210212387, 877210220193, 7806
877277744975, 877277754224, 9249
877318468872, 877318478910, 10038
877376882714, 877376892887, 10173
877406710929, 877406718471, 7542
877475643114, 877475652108, 8994
877505304313, 877505310976, 6663
877574756719, 877574766556, 9837
877610447369, 877610456378, 9009
877673299462, 877673312335, 12873
877701399638, 877701407108, 7470
877771947812, 877771959821, 12009
877870747368, 877870756530, 9162
877901028236, 877901034869, 6633
877969641486, 877969651989, 10503
877998339268, 877998346432, 7164
878068247209, 878068255117, 7908
878106047626, 878106055654, 8028
878167650406, 878167665334, 14928
878195875012, 878195882929, 7917
878266037322, 878266046391, 9069
878296913557, 878296919758, 6201
878364793426, 878364802162, 8736
878395333084, 878395339666, 6582
878463474651, 878463482004, 7353
878497117892, 878497125938, 8046
878562391287, 878562402317, 11030
878596086242, 878596095143, 8901
878661154431, 878661164226, 9795
878689125425, 878689133339, 7914
878760246322, 878760255922, 9600
878795042283, 878795049663, 7380
878858758458, 878858768808, 10350
878893248567, 878893256727, 8160
878957542070, 878957549264, 7194
878985371819, 878985380267, 8448
879056315303, 879056323358, 8055
879087852526, 879087858889, 6363
879155126428, 879155136910, 10482
879187979494, 879187987543, 8049
879253902085, 879253910413, 8328
879285897346, 879285905080, 7734
879352705998, 879352715625, 9627
879400301328, 879400315960, 14632
879451645565, 879451660265, 14700
879494262953, 879494271485, 8532
879549921336, 879549929928, 8592
879592626701, 879592634480, 7779
879649137955, 879649147717, 9762
879680445665, 879680454089, 8424
879747544628, 879747621744, 77116
879790177819, 879790186312, 8493
879846665884, 879846676000, 10116
879881190115, 879881200033, 9918
879944868706, 879944879185, 10479
879978255720, 879978263343, 7623
880044314789, 880044325466, 10677
880088511275, 880088518694, 7419
880143039431, 880143048680, 9249
880171737315, 880171753317, 16002
880241820543, 880241829636, 9093
880270577156, 880270584905, 7749
880340328691, 880340339416, 10725
880384346322, 880384357542, 11220
880439154597, 880439159292, 4695
880476668644, 880476677884, 9240
880538207584, 880538216416, 8832
880570965189, 880570973580, 8391
880637270228, 880637277803, 7575
880673090656, 880673098606, 7950
880735889038, 880735925104, 36066
880773253865, 880773262130, 8265
880834602642, 880834612176, 9534
880884701708, 880884711599, 9891
880933226048, 880933235207, 9159
880965967731, 880965975039, 7308
881032055453, 881032067568, 12115
881069321070, 881069330214, 9144
881130826157, 881130837986, 11829
881170108812, 881170123614, 14802
881229782025, 881229791283, 9258
881264332803, 881264341707, 8904
881328407803, 881328417643, 9840
881361523220, 881361530726, 7506
881427525892, 881427536401, 10509
881461234330, 881461245478, 11148
881526106274, 881526116255, 9981
881575730265, 881575740303, 10038
881624890904, 881624900852, 9948
881665738496, 881665746896, 8400
881723783023, 881723792755, 9732
881761991185, 881761999489, 8304
881822796368, 881822812871, 16503
881855411991, 881855419704, 7713
881921190704, 881921200145, 9441
881956416582, 881956423893, 7311
882020080569, 882020088774, 8205
882063889958, 882063904712, 14754
882118955299, 882118968211, 12912
882149946727, 882149954134, 7407
882217707706, 882217716514, 8808
882250069476, 882250078722, 9246
882316424577, 882316434204, 9627
882344684118, 882344697948, 13830
882415214789, 882415223780, 8991
882445778442, 882445785084, 6642
882514020870, 882514030026, 9156
882552347054, 882552355112, 8058
882612812642, 882612822430, 9788
882642678879, 882642692652, 13773
882711398015, 882711406016, 8001
882756017819, 882756026522, 8703
882810382784, 882810393902, 11118
882846799692, 882846807774, 8082
882909033682, 882909042292, 8610
882952653593, 882952661102, 7509
883007971621, 883007981020, 9399
883037961670, 883037969134, 7464
883106761394, 883106770658, 9264
883142222269, 883142229232, 6963
883205562970, 883205573149, 10179
883238295800, 883238307767, 11967
883304368160, 883304377226, 9066
883341967130, 883341975245, 8115
883403135921, 883403144771, 8850
883431341374, 883431349783, 8409
883501978370, 883501987361, 8991
883532270411, 883532277587, 7176
883600734791, 883600744022, 9231
883654267157, 883654275560, 8403
883699516031, 883699526723, 10692
883730333719, 883730343058, 9339
883798272042, 883798281744, 9702
883826922686, 883826930186, 7500
883897083855, 883897094346, 10491
883935222125, 883935231833, 9708
883996250964, 883996259847, 8883
884029960654, 884029971121, 10467
884094670595, 884094680534, 9939
884127538206, 884127553053, 14847
884193458278, 884193468301, 10023
884221691975, 884221700513, 8538
884292269498, 884292279269, 9771
884326202621, 884326209908, 7287
884391056991, 884391066636, 9645
884431232175, 884431243356, 11181
884489845536, 884489855232, 9696
884518311922, 884518319137, 7215
884588698194, 884588707926, 9732
884620734991, 884620744969, 9978
884687473006, 884687482894, 9888
884717175492, 884717182392, 6900
884786047416, 884786055117, 7701
884816685514, 884816691868, 6354
884884866593, 884884877243, 10650
884915472279, 884915479593, 7314
884983717906, 884983729276, 11370
885012959666, 885012969653, 9987
885082603658, 885082612505, 8847
885112944614, 885112959062, 14448
885181403245, 885181412602, 9357
885219759367, 885219766768, 7401
885279982713, 885279992238, 9525
885312182866, 885312189553, 6687
885378996821, 885379006679, 9858
885409380061, 885409387621, 7560
885477804094, 885477814198, 10104
885508596019, 885508603774, 7755
885576639133, 885576648421, 9288
885610103483, 885610118558, 15075
885675382000, 885675392008, 10008
885713546371, 885713554297, 7926
885774156151, 885774165217, 9066
885804558681, 885804565455, 6774
885873016646, 885873031247, 14601
885902614715, 885902621897, 7182
885971827397, 885971842568, 15171
886014116463, 886014124194, 7731
886070649259, 886070659849, 10590
886114377130, 886114385305, 8175
886169362610, 886169372705, 10095
886198103327, 886198110509, 7182
886268173075, 886268184922, 11847
886296208564, 886296216793, 8229
886366759461, 886366767642, 8181
886398945031, 886398952045, 7014
886465439384, 886465448396, 9012
886499969758, 886499978608, 8850
886564549015, 886564559635, 10620
886601197232, 886601207168, 9936
886663296858, 886663306806, 9948
886697858907, 886697867091, 8184
886762071336, 886762080837, 9501
886790311623, 886790319240, 7617
886860856026, 886860866322, 10296
886902629966, 886902638564, 8598
886959655556, 886959664625, 9069
886998731667, 886998739386, 7719
887058432622, 887058441958, 9336
887096326130, 887096335400, 9270
887157288156, 887157297441, 9285
887186624383, 887186634127, 9744
887256038298, 887256048591, 10293
887284158973, 887284166896, 7923
887354832360, 887354841807, 9447
887385062558, 887385070361, 7803
887453385190, 887453394382, 9192
887491349960, 887491357004, 7044
887552400109, 887552410006, 9897
887580148280, 887580156923, 8643
887651127681, 887651138634, 10953
887679822655, 887679830263, 7608
887749979453, 887749988789, 9336
887777897865, 887777905266, 7401
887848776836, 887848786487, 9651
887886647847, 887886655380, 7533
887947582646, 887947592048, 9402
887993412183, 887993422791, 10608
888046379259, 888046389090, 9831
888074395083, 888074402211, 7128
888145153834, 888145164172, 10338
888177101734, 888177108727, 6993
888243938185, 888243947113, 8928
888271693273, 888271702738, 9465
888342528619, 888342537076, 8457
888373092060, 888373105182, 13122
888441537577, 888441547336, 9759
888469242139, 888469250734, 8595
888540274221, 888540285096, 10875
888568203845, 888568210928, 7083
888638835060, 888638844495, 9435
888671168571, 888671180211, 11640
888737805334, 888737815708, 10374
888765652154, 888765659354, 7200
888836757252, 888836764746, 7494
888866377057, 888866388859, 11802
888935482291, 888935492317, 10026
888977103638, 888977115470, 11832
889034327389, 889034336227, 8838
889065514017, 889065521046, 7029
889133082601, 889133090647, 8046
889163122273, 889163136232, 13959
889231810560, 889231821291, 10731
889260201127, 889260209317, 8190
889330649926, 889330659427, 9501
889361201091, 889361212368, 11277
889429475551, 889429484707, 9156
889458068250, 889458078861, 10611
889528167124, 889528177645, 10521
889556310451, 889556317282, 6831
889627052381, 889627061495, 9114
889661518351, 889661528428, 10077
889725818021, 889725827096, 9075
889754405673, 889754412276, 6603
889824653634, 889824662253, 8619
889854772193, 889854779270, 7077
889923253290, 889923258687, 5397
889966172991, 889966183221, 10230
890022203191, 890022211699, 8508
890059215092, 890059224299, 9207
890120594214, 890120603634, 9420
890154847857, 890154856470, 8613
890219811562, 890219819638, 8076
890253629718, 890253640506, 10788
890318558513, 890318569091, 10578
890356244110, 890356252720, 8610
890417480393, 890417494988, 14595
890451654045, 890451665076, 11031
890516176653, 890516185281, 8628
890550551033, 890550558425, 7392
890615166609, 890615175486, 8877
890643304147, 890643310351, 6204
890713903074, 890713913661, 10587
890748197490, 890748206865, 9375
890812854451, 890812864636, 10185
890840952403, 890840961823, 9420
890911366511, 890911375283, 8772
890942462181, 890942469867, 7686
891010155528, 891010165506, 9978
891038335895, 891038343101, 7206
891108952669, 891108962050, 9381
891136616841, 891136627320, 10479
891207453518, 891207463058, 9540
891235721762, 891235731635, 9873
891306337017, 891306345186, 8169
891331307034, 891331310919, 3885
891405273857, 891405283013, 9156
891435890028, 891435901797, 11769
891504015196, 891504024223, 9027
891530183470, 891530196976, 13506
891603076597, 891603085267, 8670
891630421772, 891630427832, 6060
891701657560, 891701666350, 8790
891732195990, 891732204639, 8649
891800716575, 891800727410, 10835
891834930575, 891834938210, 7635
891899499490, 891899510005, 10515
891926670511, 891926677696, 7185
891998043142, 891998051884, 8742
892028664978, 892028677839, 12861
892096831848, 892096841121, 9273
892125676302, 892125684141, 7839
892195868348, 892195878107, 9759
892232544708, 892232551680, 6972
892294418948, 892294429502, 10554
892321821602, 892321828220, 6618
892393348978, 892393357165, 8187
892436034052, 892436046829, 12777
892492213283, 892492222811, 9528
892521557697, 892521565026, 7329
892590845894, 892590854510, 8616
892635836158, 892635844855, 8697
892689304526, 892689313474, 8948
892728182242, 892728189805, 7563
892788636458, 892788649883, 13425
892818412013, 892818421226, 9213
892887342512, 892887352931, 10419
892933554054, 892933565439, 11385
892985945888, 892985955878, 9990
893014708247, 893014715339, 7092
893084730949, 893084740420, 9471
893122766183, 893122774160, 7977
893183538231, 893183548299, 10068
893228954980, 893228963137, 8157
893282323648, 893282333251, 9603
893310820985, 893310833639, 12654
893381086575, 893381095950, 9375
893419255913, 893419263530, 7617
893479913981, 893479923899, 9918
893515369714, 893515377001, 7287
893578695952, 893578705924, 9972
893613990260, 893613997211, 6951
893677508898, 893677518810, 9912
893707795870, 893707804414, 8544
893776284092, 893776293779, 9687
893818846460, 893818854104, 7644
893875079397, 893875088838, 9441
893903263279, 893903270722, 7443
893973897635, 893973911357, 13722
894003408457, 894003414970, 6513
894072678002, 894072687785, 9783
894100964888, 894100972655, 7767
894171446128, 894171455428, 9300
894203270913, 894203283294, 12381
894270525061, 894270538174, 13113
894300181063, 894300189220, 8157
894369039229, 894369049459, 10230
894411068423, 894411076781, 8358
894467823434, 894467832434, 9000
894496267619, 894496274675, 7056
894566612824, 894566622349, 9525
894606804722, 894606816857, 12135
894665165914, 894665175712, 9798
894699927221, 894699937133, 9912
894764216705, 894764226980, 10275
894792977241, 894792984897, 7656
894862969541, 894862979087, 9546
894901000640, 894901009730, 9090
894961797736, 894961806187, 8451
894998407754, 894998417363, 9609
895060586442, 895060595022, 8580
895091977310, 895091984075, 6765
895159381417, 895159390909, 9492
895191476100, 895191483399, 7299
895258192853, 895258201964, 9111
895295510539, 895295518960, 8421
895357023831, 895357036191, 12360
895393857923, 895393865594, 7671
895455406660, 895455412609, 5949
895501810231, 895501820248, 10017
895554548420, 895554558209, 9789
895590708924, 895590716949, 8025
895653344294, 895653354416, 10122
895683861417, 895683870384, 8967
895752167753, 895752178244, 10491
895783421601, 895783431441, 9840
895850991379, 895851001540, 10161
895880729416, 895880739082, 9666
895949726779, 895949736412, 9633
895980574818, 895980582558, 7740
896048496175, 896048506198, 10023
896080193537, 896080203824, 10287
896147303722, 896147314714, 10992
896246150901, 896246156235, 5334
896278860920, 896278867490, 6570
896344900503, 896344909227, 8724
896386613332, 896386620937, 7605
896443538994, 896443548963, 9969
896473371739, 896473378684, 6945
896542243963, 896542254118, 10155
896592092802, 896592103737, 10935
896640606807, 896640611754, 4947
896671873390, 896671880470, 7080
896739850193, 896739860384, 10191
896791080165, 896791092426, 12261
896838606076, 896838611761, 5685
896879232355, 896879240539, 8184
896937931446, 896937940581, 9135
896989044705, 896989055247, 10542
897036389191, 897036397969, 8778
897079122312, 897079131306, 8994
897135030586, 897135036715, 6129
897170748535, 897170756815, 8280
897234035929, 897234045187, 9258
897264200345, 897264207269, 6924
897333134933, 897333147293, 12360
897378305645, 897378315416, 9771
897431410549, 897431419237, 8688
897471993616, 897472001956, 8340
897530375711, 897530385686, 9975
897576407406, 897576415644, 8238
897629172794, 897629182475, 9681
897662336230, 897662343250, 7020
897727471985, 897727480469, 8484
897764909391, 897764916420, 7029
897826760269, 897826768810, 8541
897861606309, 897861613362, 7053
897925547642, 897925557755, 10113
897956953219, 897956959996, 6777
898024256749, 898024267135, 10386
898059194311, 898059201376, 7065
898123117224, 898123126320, 9096
898159971980, 898159979117, 7137
898221919495, 898221928327, 8832
898254800185, 898254808018, 7833
898320737458, 898320748693, 11235
898367607329, 898367614208, 6879
898419530925, 898419539691, 8766
898441827455, 898441856246, 28791
898539834266, 898539846653, 12387
898638815540, 898638823322, 7782
872056161528, 872056169745, 8217
872154791362, 872154795499, 4137
872253643768, 872253649969, 6201
872352436238, 872352440933, 4695
872451226250, 872451230360, 4110
872550038399, 872550044834, 6435
872648708536, 872648712997, 4461
872747604579, 872747608962, 4383
872846394939, 872846399691, 4752
872945147138, 872945151341, 4203
873043942658, 873043948469, 5811
873142745128, 873142749919, 4791
873241332524, 873241339721, 7197
873340319619, 873340324869, 5250
873439353998, 873439363805, 9807
873538009569, 873538015575, 6006
873636775875, 873636780549, 4674
873735500475, 873735504897, 4422
873834346037, 873834351764, 5727
873933047203, 873933051913, 4710
874031891449, 874031896069, 4620
874130676523, 874130681149, 4626
874230111338, 874230118229, 6891
874328288826, 874328293374, 4548
874427563887, 874427583690, 19803
874525824888, 874525830876, 5988
874624762260, 874624766649, 4389
874723467785, 874723472132, 4347
874822227549, 874822231548, 3999
874921013740, 874921020340, 6600
875019749669, 875019757202, 7533
875118601453, 875118606322, 4869
875217220675, 875217234328, 13653
875316183062, 875316187631, 4569
875414945917, 875414949790, 3873
875513808904, 875513814097, 5193
875612562812, 875612567459, 4647
875711397601, 875711402635, 5034
875810133713, 875810138147, 4434
875909197124, 875909202203, 5079
876007902624, 876007909140, 6516
876106527393, 876106531983, 4590
876205332714, 876205339860, 7146
876304073394, 876304078806, 5412
876402912880, 876402918718, 5838
876501655214, 876501660236, 5022
876600454861, 876600458908, 4047
876699287652, 876699294162, 6510
876798305466, 876798319524, 14058
876896836451, 876896841422, 4971
876995611775, 876995616413, 4638
877094560389, 877094565591, 5202
877193133987, 877193139483, 5496
877291849755, 877291860597, 10842
877390745706, 877390751034, 5328
877489601719, 877489605925, 4206
877588372478, 877588376660, 4182
877687183634, 877687190216, 6582
877785990088, 877785995758, 5670
877818116803, 877818127417, 10614
877884763499, 877884769217, 5718
877983542698, 877983547051, 4353
878082575945, 878082584159, 8214
878181148972, 878181156313, 7341
878378751385, 878378755468, 4083
878477410952, 878477416460, 5508
878576306584, 878576311136, 4552
878675120316, 878675124840, 4524
878773878927, 878773883112, 4185
878872710324, 878872714959, 4635
878971501163, 878971505777, 4614
879070298378, 879070305497, 7119
879169063930, 879169069651, 5721
879267862282, 879267868951, 6669
879366471761, 879366480470, 8709
879465454706, 879465458717, 4011
879564228875, 879564233996, 5121
879663056729, 879663062018, 5289
879761832754, 879761836984, 4230
879860574394, 879860578780, 4386
879959413959, 879959418213, 4254
880058226780, 880058236008, 9228
880156938131, 880156943123, 4992
880255784463, 880255788702, 4239
880354524438, 880354528809, 4371
880453450303, 880453455568, 5265
880552126890, 880552131918, 5028
880650929859, 880650934332, 4473
880749746207, 880749751526, 5319
880848506663, 880848513356, 6693
880947308016, 880947312351, 4335
881046155944, 881046161668, 5724
881144870850, 881144876226, 5376
881243731837, 881243738167, 6330
881342464250, 881342468492, 4242
881441109619, 881441113432, 3813
881539895571, 881539907040, 11469
881638857098, 881638861157, 4059
881737621297, 881737627159, 5862
881836455453, 881836460244, 4791
882034072932, 882034079507, 6575
882132857698, 882132862114, 4416
882231596415, 882231601422, 5007
882330446874, 882330451440, 4566
882429361037, 882429369353, 8316
882527999312, 882528008117, 8805
882626761827, 882626768370, 6543
882725627355, 882725633289, 5934
882824340606, 882824344488, 3882
882923039696, 882923046752, 7056
883021955339, 883021959782, 4443
883120750006, 883120753981, 3975
883219503985, 883219509436, 5451
883318234619, 883318238879, 4260
883417121957, 883417126235, 4278
883515942626, 883515948503, 5877
883614564371, 883614577649, 13278
883713449515, 883713453649, 4134
883812246185, 883812251294, 5109
883911078739, 883911082897, 4158
884009856817, 884009860984, 4167
884108603511, 884108607675, 4164
884207454434, 884207458592, 4158
884306363504, 884306370791, 7287
884405017278, 884405021547, 4269
884503825171, 884503829521, 4350
884602524742, 884602529056, 4314
884701365258, 884701369245, 3987
884800222345, 884800231006, 8661
884899016364, 884899022082, 5718
884997763145, 884997768899, 5754
885096558713, 885096562940, 4227
885195355639, 885195360076, 4437
885294220777, 885294224935, 4158
885392854126, 885392858350, 4224
885491748508, 885491753083, 4575
885590530802, 885590535560, 4758
885689117827, 885689125483, 7656
885788113812, 885788118159, 4347
885886884059, 885886889624, 5565
885985706781, 885985711086, 4305
886084996369, 886085001184, 4815
886183299308, 886183302938, 3630
886282081498, 886282085554, 4056
886380850828, 886380857839, 7011
886479778806, 886479786576, 7770
886578441792, 886578447132, 5340
886677253216, 886677257560, 4344
886776025059, 886776030363, 5304
886874853278, 886874860202, 6924
886973628827, 886973633231, 4404
887072362790, 887072367830, 5040
887171220311, 887171225669, 5358
887270004040, 887270008255, 4215
887368935155, 887368940696, 5541
887467727879, 887467735019, 7140
887566380956, 887566385522, 4566
887665134952, 887665139848, 4896
887764003389, 887764009518, 6129
887862726630, 887862731622, 4992
887961342219, 887961347967, 5748
888060252276, 888060256485, 4209
888159322780, 888159330850, 8070
888257945101, 888257949244, 4143
888356693625, 888356697813, 4188
888455517850, 888455523289, 5439
888554122418, 888554127332, 4914
888653080593, 888653085015, 4422
888751880312, 888751884347, 4035
888850682983, 888850686934, 3951
888949438928, 888949444292, 5364
889048261467, 889048266162, 4695
889147096282, 889147101895, 5613
889245845644, 889245849970, 4326
889344405720, 889344413223, 7503
889443419919, 889443424545, 4626
889542215869, 889542220438, 4569
889640978529, 889640983263, 4734
889739802960, 889739807868, 4908
889838382431, 889838389664, 7233
889937433381, 889937441358, 7977
890036160112, 890036165854, 5742
890135083839, 890135090634, 6795
890233739080, 890233743262, 4182
890332378365, 890332389729, 11364
890439690638, 890439735818, 45180
890530126416, 890530130745, 4329
890628904015, 890628909229, 5214
890727744618, 890727750498, 5880
890826455550, 890826460479, 4929
890925276414, 890925281970, 5556
891024078590, 891024084950, 6360
891122793621, 891122797629, 4008
891221657738, 891221664308, 6570
891331136430, 891331142778, 6348
891419282796, 891419287110, 4314
891524773261, 891524782018, 8757
891616742993, 891616748111, 5118
891716271602, 891716285006, 13404
891814410032, 891814415960, 5928
891913237126, 891913241980, 4854
892018979487, 892019054142, 74655
892110779073, 892110784482, 5409
892209779214, 892209786591, 7377
892308373823, 892308379634, 5811
892407119902, 892407124285, 4383
892505983659, 892505987718, 4059
892604915449, 892604923186, 7737
892703300263, 892703304103, 3840
892802286404, 892802290481, 4077
892901145174, 892901149818, 4644
893000036885, 893000043173, 6288
893098751543, 893098757357, 5814
893197465537, 893197469986, 4449
893296304861, 893296309385, 4524
893395032833, 893395037231, 4398
893493856223, 893493860291, 4068
893592675316, 893592680299, 4983
893691418780, 893691423061, 4281
893790430589, 893790436277, 5688
893889251782, 893889256309, 4527
893987830774, 893987834971, 4197
894086603927, 894086609051, 5124
894185363882, 894185368178, 4296
894284222919, 894284227995, 5076
894383067892, 894383075665, 7773
894481812767, 894481819241, 6474
894580605437, 894580611755, 6318
894679365137, 894679369811, 4674
894778199661, 894778204284, 4623
894876782777, 894876792272, 9495
894975761573, 894975765899, 4326
895074542789, 895074547649, 4860
895173320943, 895173325401, 4458
895272026803, 895272031021, 4218
895370901038, 895370905526, 4488
895469745592, 895469749519, 3927
895568496096, 895568502888, 6792
895667303655, 895667308296, 4641
895766054457, 895766058828, 4371
895864814893, 895864819840, 4947
895963671402, 895963675707, 4305
896062437851, 896062441700, 3849
896161292100, 896161297293, 5193
896196867000, 896196876186, 9186
896260168169, 896260174841, 6672
896358705892, 896358716821, 10929
896457623563, 896457627364, 3801
896556337509, 896556341133, 3624
896655216820, 896655220750, 3930
896753925483, 896753929824, 4341
896852582470, 896852588803, 6333
896951372034, 896951379609, 7575
897050158539, 897050167131, 8592
897149157451, 897149161555, 4104
897247952522, 897247957427, 4905
897346696568, 897346702037, 5469
897445558465, 897445562551, 4086
897544287039, 897544291830, 4791
897643152061, 897643156180, 4119
897742013943, 897742018044, 4101
897840672276, 897840677865, 5589
897939527348, 897939531338, 3990
898038266731, 898038271450, 4719
898137101482, 898137105529, 4047
898235875527, 898235879973, 4446
898334648641, 898334653036, 4395
898433437553, 898433441516, 3963
898532355947, 898532360627, 4680
898630820230, 898630826983, 6753
898729602712, 898729607308, 4596
898829070131, 898829078570, 8439
898927856319, 898927864518, 8199
899026429036, 899026436644, 7608
899125265875, 899125273846, 7971
899224311912, 899224322139, 10227
