539162494811, 539162508032, 13221
539450636768, 539450641760, 4992
542174526212, 542174532260, 6048
542251287736, 542251300996, 13260
542058074079, 542058090156, 16077
542115787691, 542115799757, 12066
542152440763, 542152468567, 27804
542372372842, 542372382328, 9486
542661588456, 542661595827, 7371
542760488684, 542760502136, 13452
542859588873, 542859602844, 13971
542958330244, 542958336934, 6690
543057245374, 543057253633, 8259
543156164541, 543156171744, 7203
543255086649, 543255093756, 7107
543354010703, 543354017993, 7290
543452917897, 543452925079, 7182
543551943179, 543551955194, 12015
543650749140, 543650756697, 7557
543658359966, 543658369251, 9285
543749677037, 543749684039, 7002
543848645783, 543848660081, 14298
543947495458, 543947502319, 6861
544046451731, 544046459555, 7824
544145395804, 544145584774, 188970
544244283574, 544244291335, 7761
544343246625, 544343253150, 6525
544442134328, 544442142059, 7731
544540960942, 544540968235, 7293
544639763116, 544639777132, 14016
544738698833, 544738719410, 20577
544837824640, 544837832920, 8280
544936658348, 544936665065, 6717
545035707990, 545035716168, 8178
545134603339, 545134610641, 7302
545233498899, 545233511142, 12243
545332425267, 545332432662, 7395
545431337907, 545431346043, 8136
545530228528, 545530240030, 11502
545629196002, 545629202323, 6321
545728141654, 545728150330, 8676
545827021754, 545827029035, 7281
545926010916, 545926017828, 6912
546024650612, 546024663332, 12720
546123785521, 546123792691, 7170
546222733632, 546222740466, 6834
546321690530, 546321700136, 9606
546420488997, 546420495594, 6597
546519491324, 546519498587, 7263
546505790139, 546505810881, 20742
546527036840, 546527046410, 9570
546604242263, 546604257011, 14748
546625955737, 546625962379, 6642
546703296601, 546703309849, 13248
546724880441, 546724888601, 8160
546802252387, 546802266109, 13722
546823802908, 546823817110, 14202
546900847723, 546900857515, 9792
546922730288, 546922737449, 7161
547000068592, 547000082293, 13701
547099012285, 547099025611, 13326
547120574319, 547120584729, 10410
547197923870, 547197937076, 13206
547219475307, 547219482897, 7590
547296297307, 547296392436, 95129
547318397961, 547318404147, 6186
547409539011, 547409564544, 25533
547494641912, 547494655916, 14004
547516236537, 547516244409, 7872
547593614054, 547593627602, 13548
547615160373, 547615167537, 7164
547692531131, 547692544871, 13740
547714435029, 547714442994, 7965
547791614988, 547791627249, 12261
547812998927, 547813004918, 5991
547890376266, 547890389094, 12828
547911939988, 547911950761, 10773
547989388815, 547989401724, 12909
548010839978, 548010847586, 7608
548088199837, 548088213706, 13869
548109768729, 548109776874, 8145
548187363871, 548187381391, 17520
548208750236, 548208764249, 14013
548286062061, 548286074709, 12648
548307601461, 548307606993, 5532
548384898735, 548384911023, 12288
548406567214, 548406570295, 3081
548483886557, 548483900831, 14274
548505441281, 548505448001, 6720
548582791807, 548582804395, 12588
548604366062, 548604372398, 6336
548681756067, 548681769588, 13521
548703289306, 548703875443, 586137
548780042809, 548780137880, 95071
548802205726, 548802211922, 6196
548893635664, 548893647049, 11385
548992269334, 548992281556, 12222
549091432312, 549091445314, 13002
549190270875, 549190277862, 6987
549289029298, 549289043548, 14250
549388256988, 549388266555, 9567
549486870289, 549486884755, 14466
549586141807, 549586148884, 7077
549593585989, 549593596231, 10242
549670951659, 549670965288, 13629
549692506051, 549692516038, 9987
549769871719, 549769886056, 14337
549791427342, 549791436672, 9330
549868796820, 549868810821, 14001
549890349961, 549890361895, 11934
549967724365, 549967739781, 15416
549989244581, 549989251988, 7407
550066609449, 550066623969, 14520
550165565762, 550165579958, 14196
550187107238, 550187117201, 9963
550264534103, 550264556453, 22350
550286013300, 550286020752, 7452
550362804786, 550362885978, 81192
550384972940, 550384980515, 7575
550476351822, 550476365430, 13608
550575307631, 550575321263, 13632
550674271221, 550674285234, 14013
550773070250, 550773077159, 6909
550872006570, 550872013059, 6489
550970746707, 550970755524, 8817
551072864714, 551072873903, 9189
551168699739, 551168708679, 8940
551267448629, 551267463029, 14400
551366352660, 551366368998, 16338
551451323888, 551451335360, 11472
551473053632, 551473061672, 8040
551550637453, 551550651115, 13662
551571978318, 551571984540, 6222
551649723430, 551649762031, 38601
551670900594, 551670906873, 6279
551748528868, 551748543316, 14448
551769814446, 551769821439, 6993
551847216639, 551847230037, 13398
551868739694, 551868746222, 6528
551945975331, 551945990265, 14934
551967658072, 551967664009, 5937
552044980289, 552044993825, 13536
552066573525, 552066576540, 3015
552143927505, 552143941359, 13854
552165495977, 552165503216, 7239
552242842903, 552242857021, 14118
552264418742, 552264424829, 6087
552341823117, 552341837016, 13899
552363339899, 552363346988, 7089
552440765738, 552440778245, 12507
552462290716, 552462306871, 16155
552539630233, 552539644003, 13770
552561182835, 552561189366, 6531
552638591099, 552638606372, 15273
552660248813, 552660261785, 12972
552737482370, 552737499134, 16764
552759048768, 552759058038, 9270
552836396167, 552836410660, 14493
552857961153, 552857968740, 7587
552934706670, 552934728198, 21528
552966652405, 552966660487, 8082
553048178755, 553048186840, 8085
553147182494, 553147195142, 12648
553154701529, 553154709095, 7566
553245875937, 553245882864, 6927
553330805750, 553330818782, 13032
553352568971, 553352588435, 19464
553430027481, 553430041236, 13755
553451465546, 553451470583, 5037
553528482587, 553528533503, 50916
553550382335, 553550388860, 6525
553627828343, 553627850666, 22323
553649312763, 553649321418, 8655
553726686659, 553726699661, 13002
553748225789, 553748232395, 6606
553825600617, 553825613484, 12867
553847144223, 553847150718, 6495
553924493219, 553924506947, 13728
553946064645, 553946070762, 6117
554023455176, 554023469435, 14259
554044988081, 554044993958, 5877
554122376229, 554122390401, 14172
554143907571, 554143914348, 6777
554221312112, 554221325699, 13587
554242848779, 554242870232, 21453
554320233038, 554320247327, 14289
554341750363, 554341756873, 6510
554419186632, 554419199586, 12954
554440671221, 554440678106, 6885
554517853970, 554517865817, 11847
554539587788, 554539594748, 6960
554616974716, 554616989623, 14907
554638534357, 554638553578, 19221
554715928635, 554715942210, 13575
554737430021, 554737435238, 5217
554814873534, 554814887865, 14331
554836363642, 554836375156, 11514
554913733395, 554913747039, 13644
554935295133, 554935306530, 11397
555012664675, 555012679603, 14928
555034194799, 555034200943, 6144
555111607389, 555111622248, 14859
555133118840, 555133127192, 8352
555210561614, 555210580487, 18873
555232062346, 555232072087, 9741
555309414823, 555309429091, 14268
555330957635, 555330964895, 7260
555408327107, 555408339938, 12831
555429889431, 555429899814, 10383
555507248806, 555507262195, 13389
555528799847, 555528806312, 6465
555606174814, 555606188611, 13797
555627740386, 555627752356, 11970
555705089900, 555705104015, 14115
555726632851, 555726639913, 7062
555804010887, 555804024873, 13986
555825554560, 555825562357, 7797
555902933308, 555902947237, 13929
555924497104, 555924505411, 8307
556001856125, 556001870243, 14118
556023401017, 556023408541, 7524
556100771964, 556100786103, 14139
556122373128, 556122394227, 21099
556199734736, 556199749043, 14307
556298594404, 556298606815, 12411
556320157004, 556320163430, 6426
556397567817, 556397581812, 13995
556419075957, 556419081423, 5466
556496380469, 556496393600, 13131
556518000748, 556518008146, 7398
556595320483, 556595340181, 19698
556616917523, 556616924312, 6789
556694303469, 556694317629, 14160
556715876488, 556715893759, 17271
556793167246, 556793180677, 13431
556814767804, 556814774374, 6570
556892150245, 556892163940, 13695
556913679325, 556913686288, 6963
556991039548, 556991053459, 13911
557012601171, 557012607918, 6747
557090003055, 557090022333, 19278
557111538231, 557111547849, 9618
557189124644, 557189145377, 20733
557210456060, 557210463923, 7863
557287832806, 557287846315, 13509
557309368065, 557309374209, 6144
557386724298, 557386741393, 17095
557408284185, 557408290897, 6712
557485535056, 557485549522, 14466
557507208258, 557507214840, 6582
557584522479, 557584535433, 12954
557606122774, 557606130046, 7272
557683801721, 557683813772, 12051
557705045624, 557705052065, 6441
557782673261, 557782687190, 13929
557803969267, 557803976773, 7506
557881160002, 557881175164, 15162
557902900727, 557902909598, 8871
557980454567, 557980467929, 13362
558001804617, 558001807998, 3381
558079459975, 558079474939, 14964
558100725671, 558100732772, 7101
558178140587, 558178153649, 13062
558199665588, 558199675419, 9831
558277060246, 558277074454, 14208
558298571367, 558298578102, 6735
558375961161, 558375975015, 13854
558397487666, 558397494518, 6852
558474892169, 558474905108, 12939
558496420972, 558496431169, 10197
558573775141, 558573789442, 14301
558595335358, 558595342603, 7245
558673219962, 558673229988, 10026
558694252087, 558694258588, 6501
558771013518, 558771091872, 78354
558793174779, 558793181175, 6396
558884524175, 558884530961, 6786
558983583548, 558983589479, 5931
559082592680, 559082604077, 11397
559089950123, 559089960119, 9996
559181250557, 559181258873, 8316
559280156594, 559280165225, 8631
559287791428, 559287806029, 14601
559379172076, 559379178886, 6810
559478077654, 559478084461, 6807
559577016632, 559577024054, 7422
559675900300, 559675907950, 7650
559774813239, 559774820727, 7488
559873821729, 559873830369, 8640
559972696672, 559972704946, 8274
560071385851, 560071402378, 16527
560170531005, 560170539429, 8424
560178058185, 560178064464, 6279
560269415516, 560269423547, 8031
560368478979, 560368486935, 7956
560467330205, 560467337549, 7344
560566240224, 560566247196, 6972
560665055619, 560665063635, 8016
560764044470, 560764051163, 6693
560862973410, 560862980763, 7353
560961964333, 560961972514, 8181
561060757044, 561060765153, 8109
561159704238, 561159716934, 12696
561258599508, 561258605937, 6429
561357363364, 561357376028, 12664
561456380410, 561456387679, 7269
561555372339, 561555380949, 8610
561654234155, 561654241076, 6921
561753136307, 561753143822, 7515
561851931910, 561851945128, 13218
561951152220, 561951160605, 8385
562050010939, 562050019381, 8442
562148909516, 562148916641, 7125
562247878366, 562247886901, 8535
562346753165, 562346760707, 7542
562354306055, 562354312751, 6696
562445687898, 562445695101, 7203
562544430741, 562544452134, 21393
562643284302, 562643290206, 5904
562727825227, 562727830846, 5619
562749992030, 562749997472, 5442
562827269926, 562827283453, 13527
562848911248, 562848919567, 8319
562926597540, 562926610686, 13146
562947843061, 562947852406, 9345
563025398854, 563025412669, 13815
563046749809, 563046756610, 6801
563124331629, 563124345033, 13404
563145690267, 563145700332, 10065
563222930889, 563222944866, 13977
563244600545, 563244610589, 10044
563322019069, 563322058225, 39156
563343511714, 563343516535, 4821
563420279406, 563420287155, 7749
563442436620, 563442443715, 7095
563519808085, 563519821216, 13131
563541367260, 563541376557, 9297
563618904963, 563618918274, 13311
563640278817, 563640285162, 6345
563718257310, 563718270846, 13536
563739200913, 563739207375, 6462
563816430564, 563816439375, 8811
563838120309, 563838127158, 6849
563915245071, 563915258133, 13062
563937043560, 563937049728, 6168
564014239617, 564014252877, 13260
564035966570, 564035973332, 6762
564113535641, 564113548502, 12861
564134879380, 564134886913, 7533
564211957702, 564211994725, 37023
564233795479, 564233801248, 5769
564311188438, 564311202094, 13656
564332716635, 564332720031, 3396
564409832675, 564409841621, 8946
564431636190, 564431643900, 7710
564508997360, 564509010875, 13515
564530562332, 564530568329, 5997
564607815581, 564607828847, 13266
564629479427, 564629485391, 5964
564706793970, 564706809546, 15576
564728400465, 564728406216, 5751
564806016244, 564806030461, 14217
564827325238, 564827331361, 6123
564904702451, 564904716455, 14004
564926252578, 564926260441, 7863
565003109448, 565003116072, 6624
565025166909, 565025173770, 6861
565102656699, 565102671300, 14601
565124084959, 565124092621, 7662
565201462438, 565201476757, 14319
565223001328, 565223007781, 6453
565300355070, 565300368870, 13800
565321929264, 565321935939, 6675
565399180505, 565399193843, 13338
565498405441, 565498420510, 15069
565519764192, 565519770699, 6507
565597266498, 565597279893, 13395
565618688297, 565618694456, 6159
565696325017, 565696338469, 13452
565717601655, 565717605423, 3768
565795396482, 565795409715, 13233
565816537800, 565816545006, 7206
565894065946, 565894080361, 14415
565915448263, 565915454155, 5892
565992832895, 565992846071, 13176
566014371684, 566014378797, 7113
566092013681, 566092026218, 12537
566113288371, 566113294530, 6159
566190652616, 566190666416, 13800
566212210986, 566212217130, 6144
566289812148, 566289824664, 12516
566311132493, 566311138070, 5577
566388912241, 566388924223, 11982
566410055699, 566410066580, 10881
566487436513, 566487449965, 13452
566508968671, 566508975052, 6381
566586588514, 566586605554, 17040
566607894567, 566607901317, 6750
566685294988, 566685307861, 12873
566706831013, 566706842725, 11712
566784169628, 566784183908, 14280
566805678401, 566805684446, 6045
566883003613, 566883017428, 13815
566904517271, 566904523541, 6270
566981838709, 566981852242, 13533
567003359318, 567003365528, 6210
567080673899, 567080687744, 13845
567102202438, 567102208177, 5739
567179526376, 567179539576, 13200
567201046647, 567201054975, 8328
567278362396, 567278376346, 13950
567299911624, 567299922610, 10986
567377261458, 567377275174, 13716
567398727971, 567398735303, 7332
567476079711, 567476092263, 12552
567497570954, 567497577848, 6894
567574890230, 567574910696, 20466
567596406492, 567596414778, 8286
567673743759, 567673757895, 14136
567695271423, 567695284194, 12771
567772550132, 567772562585, 12453
567794108213, 567794118710, 10497
567871410714, 567871424103, 13389
567892934202, 567892940943, 6741
567970258418, 567970272038, 13620
567991792610, 567991810628, 18018
568069114484, 568069128725, 14241
568090622870, 568090633307, 10437
568167958468, 568167973348, 14880
568189460294, 568189468133, 7839
568266793342, 568266808648, 15306
568288316211, 568288323384, 7173
568365612544, 568365624787, 12243
568387141155, 568387147515, 6360
568464341717, 568464351383, 9666
568563298872, 568563312546, 13674
568584825034, 568584831400, 6366
568662124635, 568662137877, 13242
568683663449, 568683670238, 6789
568760656311, 568760669244, 12933
568782555644, 568782575864, 20220
568859812127, 568859825414, 13287
568881372434, 568881379187, 6753
568958444046, 568958463381, 19335
568980213434, 568980535148, 321714
569057510640, 569057524056, 13416
569079051009, 569079064008, 12999
569156366744, 569156381684, 14940
569177869968, 569177876919, 6951
569254733742, 569254745562, 11820
569276708359, 569276715358, 6999
569354030030, 569354043416, 13386
569375576628, 569375586585, 9957
569452900889, 569452914113, 13224
569474488092, 569474513406, 25314
569551741229, 569551754486, 13257
569573253754, 569573262871, 9117
569650372164, 569650384059, 11895
569672075534, 569672081573, 6039
569749235268, 569749247916, 12648
569770938557, 569770948697, 10140
569848201626, 569848216074, 14448
569869781605, 569869794385, 12780
569947077416, 569947090844, 13428
569968650655, 569968667221, 16566
570045945811, 570045959119, 13308
570067469436, 570067480407, 10971
570144604364, 570144619250, 14886
570166282418, 570166289255, 6837
570243437887, 570243456448, 18561
570265126240, 570265133074, 6834
570342686672, 570342706715, 20043
570363965981, 570363973457, 7476
570441320101, 570441342052, 21951
570462807539, 570462813701, 6162
570540120058, 570540134059, 14001
570561656967, 570561665388, 8421
570638954114, 570638967023, 12909
570660490091, 570660496694, 6603
570737804223, 570737817285, 13062
570759331090, 570759333934, 2844
570836626206, 570836639691, 13485
570858175212, 570858182370, 7158
570935485528, 570935498662, 13134
570957029854, 570957037909, 8055
571034334208, 571034347624, 13416
571055857121, 571055863670, 6549
571133182933, 571133196826, 13893
571154712918, 571154722638, 9720
571232005758, 571232019384, 13626
571253544497, 571253551328, 6831
571330855605, 571330869306, 13701
571352382636, 571352389209, 6573
571429695597, 571429709529, 13932
571451225056, 571451231596, 6540
571528318527, 571528336515, 17988
571627397614, 571627410613, 12999
571648905562, 571648912684, 7122
571726212445, 571726225312, 12867
571747757910, 571747767939, 10029
571825026760, 571825040620, 13860
571846584186, 571846591254, 7068
571923894731, 571923908738, 14007
571945426022, 571945430159, 4137
572022729968, 572022744008, 14040
572044282960, 572044301548, 18588
572121571418, 572121584357, 12939
572143112656, 572143120447, 7791
572220407006, 572220420671, 13665
572241952667, 572241959567, 6900
572319302618, 572319316229, 13611
572340814205, 572340822635, 8430
572418094344, 572418107028, 12684
572439633641, 572439640868, 7227
572516949697, 572516963215, 13518
572538475232, 572538482327, 7095
572615564036, 572615576522, 12486
572637318504, 572637325518, 7014
572714646170, 572714659421, 13251
572736171800, 572736181205, 9405
572813476354, 572813489878, 13524
572835004771, 572835015460, 10689
572911928791, 572911934926, 6135
572933841133, 572933848795, 7662
573011145744, 573011158566, 12822
573032676339, 573032682900, 6561
573110075251, 573110089459, 14208
573131544269, 573131554871, 10602
573208788377, 573208802837, 14460
573230364709, 573230371885, 7176
573307672641, 573307685943, 13302
573329222859, 573329233104, 10245
573406585868, 573406599809, 13941
573428072252, 573428082473, 10221
573505322064, 573505336698, 14634
573526895582, 573526903649, 8067
573604197410, 573604211540, 14130
573625729209, 573625732986, 3777
573702976765, 573702989950, 13185
573724569117, 573724576236, 7119
573801914622, 573801927888, 13266
573823410973, 573823418149, 7176
573900416630, 573900424190, 7560
573922254014, 573922260176, 6162
573999517961, 573999532253, 14292
574021090857, 574021098336, 7479
574097951435, 574097965904, 14469
574119940056, 574119946734, 6678
574197138008, 574197151424, 13416
574218772133, 574218779408, 7275
574296145451, 574296158165, 12714
574317660425, 574317683102, 22677
574394953774, 574394968642, 14868
574416456611, 574416462854, 6243
574493781219, 574493795562, 14343
574515303245, 574515309824, 6579
574592668349, 574592689388, 21039
574691455327, 574691468671, 13344
574713003635, 574713012581, 8946
574790253844, 574790268778, 14934
574811845018, 574811855542, 10524
574889116716, 574889129916, 13200
574910661093, 574910668497, 7404
574987931372, 574987945799, 14427
575009507311, 575009514616, 7305
575086817999, 575086832072, 14073
575108348259, 575108355486, 7227
575185663061, 575185674926, 11865
575207190385, 575207198842, 8457
575284510880, 575284523816, 12936
575306312786, 575306321780, 8994
575383337166, 575383350333, 13167
575404868993, 575404876550, 7557
575482190050, 575482203832, 13782
575503734893, 575503743518, 8625
575581028522, 575581043207, 14685
575602556548, 575602563868, 7320
575679927559, 575679946033, 18474
575701415777, 575701426943, 11166
575778851742, 575778872391, 20649
575800233516, 575800240506, 6990
575877587286, 575877601746, 14460
575899103728, 575899114567, 10839
575976472269, 575976490653, 18384
575997935984, 575997947540, 11556
576074775428, 576074790572, 15144
576096765534, 576096772218, 6684
576174050618, 576174064481, 13863
576195619063, 576195628333, 9270
576272632937, 576272640677, 7740
576294452933, 576294460520, 7587
576371402856, 576371408424, 5568
576393308089, 576393319624, 11535
576470472134, 576470508140, 36006
576495082311, 576495094584, 12273
576568831636, 576568964045, 132409
576590964797, 576590972135, 7338
576682058520, 576682071630, 13110
576781139934, 576781152813, 12879
576881163305, 576881174006, 10701
576887494385, 576887500856, 6471
576978570158, 576978576833, 6675
577077604765, 577077612787, 8022
577176264903, 577176279495, 14592
577275093411, 577275106794, 13383
577374124944, 577374132456, 7512
577472958789, 577472966751, 7962
577571840980, 577571853517, 12537
577671141493, 577671167356, 25863
577678233341, 577678241195, 7854
577769311901, 577769333984, 22083
577868369166, 577868375865, 6699
577967333699, 577967341334, 7635
578066049664, 578066057686, 8022
578164947277, 578164954963, 7686
578263692058, 578263699726, 7668
578363903284, 578363923609, 20325
578462102276, 578462125748, 23472
578560220997, 578560228797, 7800
578659197607, 578659205398, 7791
578757899296, 578757907135, 7839
578856547281, 578856560799, 13518
578955587994, 578955594966, 6972
579054263525, 579054284237, 20712
579153620147, 579153627350, 7203
579160858337, 579160868054, 9717
579252025444, 579252032245, 6801
579350762057, 579350780906, 18849
579436181561, 579436190855, 9294
579457363764, 579457369353, 5589
579534649653, 579534663633, 13980
579556203620, 579556209980, 6360
579633552382, 579633566188, 13806
579655055740, 579655065055, 9315
579732345198, 579732359715, 14517
579753890920, 579753898084, 7164
579831173261, 579831188858, 15597
579852731048, 579852733778, 2730
579929429570, 579929451689, 22119
579951571901, 579951578204, 6303
580042847740, 580042856740, 9000
580141686262, 580141700731, 14469
580240550737, 580240557661, 6924
580339205593, 580339220263, 14670
580437997847, 580438006040, 8193
580536863916, 580536888342, 24426
580635680815, 580635695779, 14964
580721064782, 580721079467, 14685
580742299109, 580742306027, 6918
580819699336, 580819721818, 22482
580841163650, 580841172509, 8859
580918464306, 580918482180, 17874
580939997364, 580940005860, 8496
581016703145, 581016708242, 5097
581038831712, 581038837670, 5958
581116183324, 581116196308, 12984
581137661501, 581137667294, 5793
581214959231, 581214972548, 13317
581236505814, 581236513803, 7989
581313824263, 581313837010, 12747
581335347753, 581335354950, 7197
581412661033, 581412674569, 13536
581434192676, 581434201328, 8652
581511378706, 581511422389, 43683
581533034512, 581533041532, 7020
581610369508, 581610382270, 12762
581631884865, 581631893487, 8622
581709248372, 581709497471, 249099
581730713115, 581730721674, 8559
581808051461, 581808064628, 13167
581829558217, 581829566341, 8124
581906901365, 581906914634, 13269
581928395522, 581928401549, 6027
582005635464, 582005648577, 13113
582027236422, 582027244021, 7599
582104058562, 582104114486, 55924
582126096264, 582126107568, 11304
582203152192, 582203163385, 11193
582224918985, 582224924976, 5991
582301832473, 582301845931, 13458
582323758337, 582323765186, 6849
582401344599, 582401357544, 12945
582422601021, 582422604798, 3777
582500311751, 582500324933, 13182
582521440096, 582521447122, 7026
582599025094, 582599037469, 12375
582620285636, 582620293094, 7458
582697489000, 582697501201, 12201
582719146636, 582719156569, 9933
582795925420, 582795931957, 6537
582817964761, 582817972501, 7740
582895270858, 582895283371, 12513
582916806917, 582916813421, 6504
582994103708, 582994117409, 13701
583015668078, 583015676103, 8025
583093007205, 583093020177, 12972
583114487794, 583114494016, 6222
583191956824, 583191979123, 22299
583213331173, 583213338136, 6963
583290640802, 583290654764, 13962
583312177179, 583312185033, 7854
583389511948, 583389524557, 12609
583411031814, 583411050714, 18900
583488300524, 583488314243, 13719
583509857082, 583509862620, 5538
583586894152, 583586907544, 13392
583608695029, 583608702160, 7131
583685813815, 583685831992, 18177
583707549163, 583707556885, 7722
583784758737, 583784767194, 8457
583883696965, 583883711398, 14433
583905282369, 583905304749, 22380
583982539533, 583982553918, 14385
584004066507, 584004073254, 6747
584081369517, 584081382480, 12963
584102929255, 584102939500, 10245
584179821468, 584179828884, 7416
584201743911, 584201750496, 6585
584279043851, 584279057735, 13884
584300584560, 584300590599, 6039
584377901056, 584377914619, 13563
584399444290, 584399453932, 9642
584476725657, 584476738935, 13278
584498269480, 584498275345, 5865
584575560843, 584575573911, 13068
584597108735, 584597114897, 6162
584674441481, 584674456358, 14877
584695955926, 584695963375, 7449
584773538640, 584773555713, 17073
584794795406, 584794802654, 7248
584872094111, 584872107656, 13545
584893635928, 584893639651, 3723
584970984679, 584970997762, 13083
584992480580, 584992487663, 7083
585070004217, 585070020150, 15933
585091313639, 585091423748, 110109
585168749866, 585168790474, 40608
585182383722, 585182479242, 95520
585267464308, 585267476791, 12483
585289002356, 585289009946, 7590
585366087139, 585366103498, 16359
585387869859, 585387986818, 116959
585481354431, 585481364085, 9654
585486697161, 585486704628, 7467
585585526454, 585585554531, 28077
585662228480, 585662235710, 7230
585684417164, 585684429770, 12606
585761063918, 585761145644, 81726
585783210392, 585783219974, 9582
585874281512, 585874295465, 13953
585973315812, 585973328952, 13140
586072161723, 586072170415, 8692
586170993912, 586171004511, 10599
586269836962, 586269845110, 8148
586368687701, 586368694115, 6414
586467520544, 586467528161, 7617
586566430861, 586566437860, 6999
586665406802, 586665415640, 8838
586764053359, 586764060166, 6807
586862772135, 586862778759, 6624
586870500116, 586870513652, 13536
586961761784, 586961768741, 6957
587060584131, 587060597652, 13521
587159442406, 587159451298, 8892
587258230545, 587258237883, 7338
587357442689, 587357456624, 13935
587455973276, 587455980710, 7434
587554816946, 587554825472, 8526
587653449993, 587653468575, 18582
587752475887, 587752483087, 7200
587851283124, 587851291656, 8532
587950259282, 587950268021, 8739
588049007988, 588049017249, 9261
588147839195, 588147846419, 7224
588246649271, 588246655484, 6213
588345518503, 588345525955, 7452
588444362765, 588444369908, 7143
588543210174, 588543218571, 8397
588642044751, 588642052791, 8040
588740916119, 588740924306, 8187
588839725440, 588839733621, 8181
588938560037, 588938568224, 8187
589037512723, 589037526307, 13584
589136045082, 589136053440, 8358
589235105126, 589235112071, 6945
589334017368, 589334025675, 8307
589432601490, 589432622004, 20514
589531641778, 589531648984, 7206
589630339593, 589630346997, 7404
589729327542, 589729334886, 7344
589828131654, 589828139301, 7647
589926955727, 589926963566, 7839
590025855817, 590025862216, 6399
590124655563, 590124663999, 8436
590223602510, 590223609989, 7479
590322375888, 590322384270, 8382
590421227863, 590421235642, 7779
590520003437, 590520011027, 7590
590618936361, 590618943987, 7626
590717779350, 590717786127, 6777
590816547656, 590816554517, 6861
590915387725, 590915396824, 9099
591014247195, 591014254299, 7104
591113062263, 591113068278, 6015
591211727494, 591211741690, 14196
591310751129, 591310758797, 7668
591409623119, 591409630727, 7608
591508463261, 591508470872, 7611
591607396698, 591607408011, 11313
591706153055, 591706160726, 7671
591804967737, 591804975996, 8259
591903812210, 591903823715, 11505
592002711311, 592002792768, 81457
592101570168, 592101578337, 8169
592200335930, 592200343568, 7638
592299192625, 592299200347, 7722
592398046806, 592398054615, 7809
592496852835, 592496859633, 6798
592595701342, 592595708974, 7632
592694573431, 592694582587, 9156
592793422014, 592793428809, 6795
592892304250, 592892311570, 7320
592991060872, 592991068501, 7629
592998616900, 592998625642, 8742
593089711820, 593089726703, 14883
593188807398, 593188816536, 9138
593287611009, 593287618572, 7563
593386460247, 593386468251, 8004
593485301181, 593485308840, 7659
593584113380, 593584119929, 6549
593682756198, 593682762996, 6798
593781844690, 593781856372, 11682
593880604224, 593880611886, 7662
593979504691, 593979519322, 14631
594078230903, 594078237410, 6507
594177161816, 594177171842, 10026
594275996714, 594276005888, 9174
594374875507, 594374882737, 7230
594473788648, 594473798839, 10191
594572521086, 594572528289, 7203
594671450692, 594671459722, 9030
594770019756, 594770034033, 14277
594869071913, 594869084063, 12150
594967958117, 594967964585, 6468
595066867711, 595066877539, 9828
595165537097, 595165543574, 6477
595264515890, 595264531631, 15741
595363353559, 595363360387, 6828
595462103411, 595462112513, 9102
595561055738, 595561062950, 7212
595659793309, 595659801496, 8187
595758720438, 595758730731, 10293
595857467416, 595857474649, 7233
595956170233, 595956177487, 7254
596055184682, 596055191708, 7026
596062714133, 596062723310, 9177
596153970988, 596153977798, 6810
596252842810, 596252849563, 6753
596351760586, 596351774764, 14178
596450314743, 596450330283, 15540
596549323105, 596549330578, 7473
596648229812, 596648239700, 9888
596747026932, 596747034714, 7782
596845856164, 596845863427, 7263
596944701642, 596944708725, 7083
597043569218, 597043576937, 7719
597142447292, 597142460855, 13563
597241263815, 597241271576, 7761
597340096211, 597340103186, 6975
597438944526, 597438951852, 7326
597537752046, 597537758259, 6213
597636535517, 597636541952, 6435
597735441264, 597735448731, 7467
597834217638, 597834224460, 6822
597933143972, 597933153194, 9222
598032004021, 598032010798, 6777
598130634380, 598130656100, 21720
598229673082, 598229680330, 7248
598328493869, 598328501306, 7437
598427352826, 598427360062, 7236
598526096998, 598526104360, 7362
598625001848, 598625009411, 7563
598723831929, 598723839249, 7320
598822752467, 598822761305, 8838
598921571548, 598921578484, 6936
599020432468, 599020440020, 7552
599119208228, 599119215731, 7503
599126779529, 599126788496, 8967
599218144479, 599218151520, 7041
599316901515, 599316914982, 13467
599415772511, 599415780962, 8451
599514738260, 599514749102, 10842
599613409457, 599613416186, 6729
599712326730, 599712337524, 10794
599811251593, 599811265144, 13551
599909762194, 599909776492, 14298
600008750758, 600008758126, 7368
600107657142, 600107664096, 6954
600206489368, 600206496529, 7161
600305296915, 600305306080, 9165
600404114832, 600404121477, 6645
600503010384, 600503024556, 14172
600601624158, 600601638399, 14241
600700708297, 600700717097, 8800
600799482766, 600799491556, 8790
600898339968, 600898347078, 7110
600997231812, 600997241928, 10116
601096204699, 601096217236, 12537
601194918521, 601194927884, 9363
601293581410, 601293618598, 37188
601392599818, 601392606895, 7077
601491398509, 601491406570, 8061
601590253099, 601590261724, 8625
601689054533, 601689061616, 7083
601787922704, 601787929781, 7077
601886827631, 601886834105, 6474
601985579763, 601985587038, 7275
602084449253, 602084455742, 6489
602183166156, 602183171610, 5454
602282120017, 602282127067, 7050
602381009710, 602381023216, 13506
602479819702, 602479826797, 7095
602578687748, 602578695716, 7968
602677691668, 602677701766, 10098
602776332864, 602776340652, 7788
602875157437, 602875168957, 11520
602974009987, 602974017196, 7209
603072684971, 603072702665, 17694
603171899512, 603171911242, 11730
603270531891, 603270539190, 7299
603369424077, 603369431643, 7566
603468500357, 603468507995, 7638
603567128034, 603567137409, 9375
603665963909, 603665971949, 8040
603764745736, 603764752732, 6996
603863614212, 603863623389, 9177
603962423815, 603962430643, 6828
604061298162, 604061306022, 7860
604160109166, 604160117848, 8682
604258961428, 604258969570, 8142
604357811845, 604357821205, 9360
604456560605, 604456574966, 14361
604555496047, 604555503019, 6972
604654326605, 604654333145, 6540
604753181353, 604753189288, 7935
604852135715, 604852148891, 13176
604950890472, 604950897336, 6864
604958437521, 604958448411, 10890
605049706210, 605049713188, 6978
605148473558, 605148487613, 14055
605247449533, 605247457735, 8202
605254950151, 605254956289, 6138
605346237974, 605346245471, 7497
605445093222, 605445101244, 8022
605543938366, 605543946727, 8361
605642801787, 605642811510, 9723
605741594667, 605741603511, 8844
605840457612, 605840465634, 8022
605939334751, 605939344948, 10197
606038143393, 606038151583, 8190
606137009277, 606137016678, 7401
606235825927, 606235834303, 8376
606334687094, 606334694654, 7560
606433463737, 606433469506, 5769
606532353200, 606532360634, 7434
606631193755, 606631208068, 14313
606729964314, 606729972390, 8076
606828828138, 606828834711, 6573
606927491896, 606927505756, 13860
607026546853, 607026555082, 8229
607125400215, 607125408726, 8511
607224204722, 607224213902, 9180
607323173532, 607323182250, 8718
607421894686, 607421902969, 8283
607520734813, 607520742664, 7851
607620383237, 607620390992, 7755
607718451999, 607718462445, 10446
607817356811, 607817365199, 8388
607916002457, 607916013611, 11154
608014897045, 608015074495, 177450
608113783540, 608113793368, 9828
608212692590, 608212710194, 17604
608311495609, 608311505341, 9732
608410302713, 608410309928, 7215
608509118302, 608509130254, 11952
608608016953, 608608024558, 7605
608706837714, 608706848880, 11166
608805713138, 608805722918, 9780
608904545508, 608904561774, 16266
609003347865, 609003358521, 10656
609102237669, 609102247857, 10188
609200862758, 609200886932, 24174
609299873420, 609299881499, 8079
609398747804, 609398756849, 9045
609497530552, 609497536888, 6336
609596401609, 609596411398, 9789
609695423602, 609695450644, 27042
609794122483, 609794132038, 9555
609892961429, 609892972277, 10848
609991767142, 609991778455, 11313
610090585201, 610090592113, 6912
610189691669, 610189718900, 27231
610288317078, 610288324182, 7104
610386991262, 610386998033, 6771
610486020598, 610486033510, 12912
610584802810, 610584810937, 8127
610683712651, 610683723658, 11007
610782516013, 610782523597, 7584
610881234220, 610881240283, 6063
610980209793, 610980218592, 8799
610669679938, 610669693288, 13350
610691217715, 610691224837, 7122
610768257794, 610768267562, 9768
610790050018, 610790056036, 6018
610867369238, 610867383059, 13821
610888937623, 610888952011, 14388
610966210994, 610966224074, 13080
610987749990, 610987760895, 10905
611065051077, 611065065093, 14016
611086599656, 611086610105, 10449
611163874256, 611163887888, 13632
611185437485, 611185458959, 21474
611262731636, 611262745946, 14310
611284279535, 611284291376, 11841
611361580624, 611361594298, 13674
611460401088, 611460414144, 13056
611481956039, 611481964847, 8808
611559247405, 611559261481, 14076
611580786987, 611580793674, 6687
611658110304, 611658123810, 13506
611679647228, 611679656672, 9444
611756639788, 611756655012, 15224
611778481754, 611778490724, 8970
611855787234, 611855799915, 12681
611877312518, 611877319190, 6672
611954419094, 611954429453, 10359
611976154112, 611976161783, 7671
612053469512, 612053482898, 13386
612074993691, 612074999193, 5502
612152317336, 612152330998, 13662
612173827943, 612173835692, 7749
612250880426, 612250898099, 17673
612272697614, 612272710712, 13098
612350000543, 612350013155, 12612
612371522950, 612371533417, 10467
612448760202, 612448773243, 13041
612470352054, 612470359017, 6963
612547675617, 612547688910, 13293
612569212709, 612569233955, 21246
612646518197, 612646532738, 14541
612668034897, 612668041236, 6339
612745362208, 612745376836, 14628
612766900979, 612766911080, 10101
612844030851, 612844042635, 11784
612865743142, 612865750318, 7176
612943027466, 612943041866, 14400
612964579555, 612964591759, 12204
613041876934, 613041891331, 14397
613063416741, 613063425711, 8970
613140710700, 613140723336, 12636
613162263457, 613162275850, 12393
613239547749, 613239562263, 14514
613261101259, 613261112497, 11238
613337781638, 613337787263, 5625
613359922821, 613359929577, 6756
613437267394, 613437281182, 13788
613458772874, 613458779567, 6693
613536076810, 613536089737, 12927
613557608468, 613557611777, 3309
613635034655, 613635054500, 19845
613656451032, 613656459150, 8118
613733740455, 613733753883, 13428
613755287981, 613755295403, 7422
613832600385, 613832614242, 13857
613854136571, 613854144380, 7809
613931460852, 613931474931, 14079
613952987106, 613952996502, 9396
614030257764, 614030271075, 13311
614051813060, 614051819699, 6639
614129060642, 614129088452, 27810
614150677236, 614150686653, 9417
614227861088, 614227874957, 13869
614249494786, 614249501272, 6486
614326748420, 614326761872, 13452
614348352271, 614348364253, 11982
614425643680, 614425657015, 13335
614524432122, 614524445124, 13002
614546020382, 614546025983, 5601
614623346767, 614623360345, 13578
614644866013, 614644873510, 7497
614722181377, 614722194796, 13419
614743701317, 614743706699, 5382
614821040109, 614821054077, 13968
614842564539, 614842574832, 10293
614919879179, 614919893072, 13893
614941388125, 614941394716, 6591
615018765394, 615018785176, 19782
615040224567, 615040231590, 7023
615117548244, 615117562833, 14589
615139066267, 615139073581, 7314
615216377259, 615216391038, 13779
615237912060, 615237919755, 7695
615315225497, 615315239837, 14340
615336754615, 615336762457, 7842
615414075689, 615414088892, 13203
615435605691, 615435614712, 9021
615512906324, 615512919362, 13038
615534432952, 615534438910, 5958
615611768400, 615611782902, 14502
615633278909, 615633286028, 7119
615710868554, 615710887604, 19050
615732117284, 615732123908, 6624
615809418137, 615809433254, 15117
615830958255, 615830965182, 6927
615907657781, 615907666223, 8442
615929833757, 615929843438, 9681
616006899621, 616006912851, 13230
616028647227, 616028653422, 6195
616105957823, 616105972388, 14565
616127526566, 616127533973, 7407
616204793239, 616204807063, 13824
616226327753, 616226341478, 13725
616303636244, 616303649102, 12858
616325162482, 616325169238, 6756
616402484515, 616402498171, 13656
616424020956, 616424030355, 9399
616501291624, 616501304602, 12978
616522863915, 616522874256, 10341
616600165085, 616600179422, 14337
616621712175, 616621723989, 11814
616698997122, 616699010706, 13584
616720578167, 616720593497, 15330
616798059348, 616798072551, 13203
616819393660, 616819404193, 10533
616896677522, 616896691865, 14343
616918211791, 616918218109, 6318
616995266879, 616995276002, 9123
617017057838, 617017066406, 8568
617094254574, 617094268128, 13554
617115891269, 617115898370, 7101
617193253090, 617193266254, 13164
617214733240, 617214738988, 5748
617292253388, 617292266702, 13314
617313592193, 617313600020, 7827
617390893156, 617390906983, 13827
617412417966, 617412424761, 6795
617489955692, 617489969099, 13407
617511258814, 617511264577, 5763
617588551285, 617588564950, 13665
617610100030, 617610106924, 6894
617687249469, 617687262042, 12573
617708938649, 617708943014, 4365
617785670260, 617785729759, 59499
617807782387, 617807789245, 6858
617900372741, 617900384171, 11430
617997982003, 617998003435, 21432
618096751073, 618096763604, 12531
618195517758, 618195524838, 7080
618294388167, 618294395463, 7296
618393065644, 618393081180, 15536
618492063845, 618492070763, 6918
618590984128, 618590992126, 7998
618689855466, 618689861973, 6507
618788633899, 618788641039, 7140
618887488507, 618887495641, 7134
618986368574, 618986384690, 16116
619085220429, 619085228469, 8040
619183974166, 619183980646, 6480
619282844251, 619282851727, 7476
619381490455, 619381503616, 13161
619480540710, 619480547913, 7203
619579444516, 619579452343, 7827
619678325043, 619678332903, 7860
619777062400, 619777070332, 7932
619875951722, 619875958289, 6567
619974817486, 619974824110, 6624
620073595991, 620073602594, 6603
620172441276, 620172448803, 7527
620271350151, 620271359826, 9675
620370168325, 620370175849, 7524
620468975149, 620468981908, 6759
620567882717, 620567891951, 9234
620575449473, 620575462265, 12792
620666435723, 620666457896, 22173
620765428013, 620765434586, 6573
620864307146, 620864314097, 6951
620963177374, 620963183992, 6618
621062019521, 621062026061, 6540
621160868858, 621160876892, 8034
621259703721, 621259710426, 6705
621358509933, 621358517112, 7179
621457349957, 621457357325, 7368
621556220566, 621556227949, 7383
621655061026, 621655068511, 7485
621753875757, 621753884100, 8343
621852715537, 621852722764, 7227
621951536859, 621951544572, 7713
622050404871, 622050412647, 7776
622149251530, 622149258376, 6846
622248081839, 622248089342, 7503
622346727835, 622346747581, 19746
622445555955, 622445561367, 5412
622544686977, 622544696163, 9186
622643490908, 622643498288, 7380
622742315666, 622742325584, 9918
622841069613, 622841076936, 7323
622939991955, 622940003118, 11163
623038837979, 623038850297, 12318
623137762079, 623137775162, 13083
623236591079, 623236604147, 13068
623335416352, 623335424389, 8037
623434255815, 623434266144, 10329
623533042562, 623533049798, 7236
623631659685, 623631665238, 5553
623730692835, 623730700158, 7323
623829568271, 623829576494, 8223
623928413147, 623928420266, 7119
624027217908, 624027226203, 8295
624126090132, 624126096990, 6858
624224732763, 624224755020, 22257
624323743156, 624323750245, 7089
624422585330, 624422593763, 8433
624112011645, 624112024086, 12441
624133624110, 624133631532, 7422
624210947646, 624210961899, 14253
624232476285, 624232484373, 8088
624309793880, 624309807875, 13995
624331337305, 624331348054, 10749
624408636221, 624408649355, 13134
624430158644, 624430164176, 5532
624507480181, 624507493897, 13716
624528989199, 624528995904, 6705
624606304552, 624606318391, 13839
624627832381, 624627838021, 5640
624704796003, 624704808789, 12786
624726680411, 624726687272, 6861
624804005688, 624804020082, 14394
624825793921, 624825801358, 7437
624902690588, 624902705201, 14613
624924354014, 624924360152, 6138
625001672068, 625001685481, 13413
625029500907, 625029511233, 10326
625100520224, 625100535146, 14922
625122059544, 625122070971, 11427
625199420355, 625199441811, 21456
625220879401, 625220886892, 7491
625298199060, 625298213652, 14592
625319722010, 625319730746, 8736
625396820376, 625396833840, 13464
625418561513, 625418568929, 7416
625495712993, 625495719116, 6123
625517401105, 625517406676, 5571
625594731168, 625594745400, 14232
625616244166, 625616250916, 6750
625693562019, 625693576662, 14643
625715118396, 625715136939, 18543
625792394147, 625792407950, 13803
625813926015, 625813932873, 6858
625891083684, 625891097439, 13755
625912766978, 625912773404, 6426
625989862998, 625989877671, 14673
626011632238, 626011640890, 8652
626088939794, 626088954266, 14472
626110450718, 626110456805, 6087
626187888434, 626187902192, 13758
626209291248, 626209297167, 5919
626286472661, 626286490281, 17620
626308157209, 626308166698, 9489
626385149623, 626385161059, 11436
626484527348, 626484542495, 15147
626505817906, 626505824158, 6252
626582919029, 626582930486, 11457
626604657161, 626604663563, 6402
626682245981, 626682259136, 13155
626703498573, 626703505776, 7203
626780678798, 626780692970, 14172
626802386947, 626802403201, 16254
626879386690, 626879400760, 14070
626901180812, 626901187580, 6768
626978534222, 626978548559, 14337
627000037496, 627000045896, 8400
627077346834, 627077361417, 14583
627098860135, 627098864833, 4698
627176185451, 627176199110, 13659
627197706583, 627197713126, 6543
627274904408, 627274916801, 12393
627296551793, 627296558897, 7104
627373837350, 627373850880, 13530
627395387018, 627395393384, 6366
627472879065, 627472894617, 15552
627494237740, 627494244610, 6870
627571500751, 627571514398, 13647
627593087729, 627593096348, 8619
627670470726, 627670486344, 15618
627691914221, 627691921490, 7269
627769237548, 627769252461, 14913
627790751288, 627790757180, 5892
627868095617, 627868111253, 15636
627889611086, 627889620542, 9456
627966936770, 627966948446, 11676
627988822300, 627988829170, 6870
628065759029, 628065772592, 13563
628087275341, 628087281935, 6594
628164659172, 628164673989, 14817
628186131605, 628186141403, 9798
628263444743, 628263459203, 14460
628284961935, 628284968856, 6921
628362270374, 628362285092, 14718
628383800194, 628383807055, 6861
628461107374, 628461120817, 13443
628482660186, 628482670080, 9894
628559962290, 628559975562, 13272
628581481762, 628581489040, 7278
628658792754, 628658807154, 14400
628680341246, 628680348245, 6999
628757621113, 628757634832, 13719
628779185052, 628779193719, 8667
628856472320, 628856487122, 14802
628878015349, 628878022540, 7191
628955384940, 628955405097, 20157
628976846709, 628976851929, 5220
629054249676, 629054271765, 22089
629075707276, 629075717248, 9972
629152984368, 629152999257, 14889
629174531318, 629174537009, 5691
629251566788, 629251577693, 10905
629273384042, 629273391935, 7893
629350682338, 629350695535, 13197
629372219964, 629372231496, 11532
629449523452, 629449539068, 15616
629471054074, 629471061673, 7599
629548417480, 629548435804, 18324
629569914939, 629569926870, 11931
629646896342, 629646902843, 6501
629668738373, 629668746425, 8052
629746060765, 629746074094, 13329
629844898385, 629844912845, 14460
629866418882, 629866425995, 7113
629943564742, 629943578749, 14007
629965280807, 629965289546, 8739
630042586927, 630042600883, 13956
630064122139, 630064130080, 7941
630141427550, 630141441260, 13710
630162941306, 630162948896, 7590
630240136321, 630240149950, 13629
630261805925, 630261814772, 8847
630338513474, 630338520203, 6729
630360638363, 630360648419, 10056
630437996346, 630438009582, 13236
630459493311, 630459513111, 19800
630536668411, 630536682244, 13833
630558310711, 630558317326, 6615
630635908573, 630635921473, 12900
630657168666, 630657178290, 9624
630734581056, 630734601426, 20370
630755991260, 630755999096, 7836
630833573203, 630833587354, 14151
630854857645, 630854865040, 7395
630932158752, 630932172870, 14118
630953671945, 630953678518, 6573
631031003071, 631031016997, 13926
631052513994, 631052520333, 6339
631129840288, 631129854559, 14271
631151381761, 631151398618, 16857
631228677437, 631228691459, 14022
631250199317, 631250206409, 7092
631327526902, 631327541068, 14166
631349047669, 631349054491, 6822
631426213561, 631426227286, 13725
631525195674, 631525208712, 13038
631546720516, 631546727566, 7050
631624032888, 631624046178, 13290
631645562088, 631645568874, 6786
631723246638, 631723263732, 17094
631744439732, 631744461914, 22182
631821729010, 631821742720, 13710
631843246071, 631843252695, 6624
631920584953, 631920598753, 13800
631942090063, 631942097542, 7479
632019545740, 632019570523, 24783
632040935237, 632040944012, 8775
632118254583, 632118268812, 14229
632139773726, 632139779021, 5295
632217156491, 632217169862, 13371
632238616949, 632238623000, 6051
632315930816, 632315945090, 14274
632337456306, 632337463440, 7134
632414772128, 632414786099, 13971
632436337636, 632436361930, 24294
632513614578, 632513628816, 14238
632535140117, 632535146315, 6198
632612486960, 632612500085, 13125
632633975306, 632633982353, 7047
632711514810, 632711529033, 14223
632732834762, 632732843639, 8877
632810158165, 632810172742, 14577
632831657204, 632831664284, 7080
632909003309, 632909017232, 13923
632930500529, 632930507927, 7398
633007828152, 633007841349, 13197
633029384853, 633029397048, 12195
633106698508, 633106712734, 14226
633128180408, 633128187455, 7047
633205499038, 633205513102, 14064
633227023587, 633227030439, 6852
633304337487, 633304350255, 12768
633325871829, 633325878171, 6342
633403090630, 633403101142, 10512
633424707494, 633424716179, 8685
633502032507, 633502046328, 13821
633523560963, 633523568523, 7560
633600882252, 633600896445, 14193
633622394657, 633622403504, 8847
633700139996, 633700157461, 17465
633721229887, 633721236719, 6832
633798541572, 633798555048, 13476
633820096413, 633820105557, 9144
633897601856, 633897642036, 40180
633918912350, 633918918683, 6333
633996140091, 633996156582, 16491
634017752287, 634017759571, 7284
634094795114, 634094809064, 13950
634116774641, 634116782105, 7464
634193838045, 634193860275, 22230
634215435962, 634215442694, 6732
634292559703, 634292574010, 14307
634314324786, 634314342882, 18096
634391610636, 634391623791, 13155
634413126345, 634413133560, 7215
634490467924, 634490482360, 14436
634511979545, 634511988323, 8778
634589282897, 634589297621, 14724
634610809120, 634610815579, 6459
634688131072, 634688425063, 293991
634709667019, 634709678275, 11256
634786973016, 634787014242, 41226
634808493515, 634808500283, 6768
634885820352, 634885833597, 13245
634907333770, 634907340316, 6546
634984657351, 634984670185, 12834
635006187305, 635006198567, 11262
635083505124, 635083519212, 14088
635105006937, 635105013489, 6552
635182323943, 635182337587, 13644
635203848116, 635203854335, 6219
635281426236, 635281439256, 13020
635302746552, 635302761363, 14811
635380008177, 635380022133, 13956
635401541258, 635401549133, 7875
635478855598, 635478869005, 13407
635500382648, 635500393610, 10962
635577683529, 635577696456, 12927
635599263258, 635599272540, 9282
635676544034, 635676558257, 14223
635698061903, 635698068269, 6366
635775376096, 635775390517, 14421
635796948890, 635796969017, 20127
635874196453, 635874209968, 13515
635895790097, 635895806783, 16686
635973045671, 635973060149, 14478
635994579242, 635994587456, 8214
636071729065, 636071744326, 15261
636095511926, 636095520758, 8832
636170754471, 636170772498, 18027
636192281025, 636192290124, 9099
636269574906, 636269588511, 13605
636291108655, 636291112558, 3903
636368421239, 636368433719, 12480
636389945882, 636389955041, 9159
636467264240, 636467277377, 13137
636488835685, 636488855296, 19611
636566110495, 636566124109, 13614
636587657404, 636587675041, 17637
636664942402, 636664955599, 13197
636686495794, 636686515624, 19830
636763712905, 636763726975, 14070
636785309561, 636785316674, 7113
636862348437, 636862361415, 12978
636884172210, 636884181636, 9426
636961344667, 636961365124, 20457
636983013296, 636983022518, 9222
637060325910, 637060339791, 13881
637081852827, 637081864302, 11475
637158908312, 637158924428, 16116
637180786845, 637180805928, 19083
637258005466, 637258020430, 14964
637279522669, 637279528291, 5622
637356827048, 637356840479, 13431
637378357442, 637378364489, 7047
637455679562, 637455692315, 12753
637477197457, 637477204237, 6780
637554530123, 637554543971, 13848
637576038957, 637576045068, 6111
637653383051, 637653395513, 12462
637674897970, 637674906910, 8940
637752212059, 637752226624, 14565
637773807212, 637773829106, 21894
637851061145, 637851074573, 13428
637872577088, 637872586220, 9132
637949808230, 637949823041, 14811
637971407556, 637971415662, 8106
638048776653, 638048789976, 13323
638070253085, 638070258782, 5697
638147563514, 638147577242, 13728
638169088245, 638169094155, 5910
638246267475, 638246281026, 13551
638267950614, 638267959182, 8568
638345259284, 638345271602, 12318
638366771389, 638366777485, 6096
638443991255, 638444010746, 19491
638465611380, 638465617584, 6204
638542835238, 638542849791, 14553
638564482452, 638564502267, 19815
638641775489, 638641789469, 13980
638663315939, 638663327861, 11922
638740867854, 638740889451, 21597
638762157164, 638762166383, 9219
638839536181, 638839558237, 22056
638860976415, 638860982997, 6582
638938362811, 638938379428, 16617
639037177523, 639037190942, 13419
639058670322, 639058682340, 12018
639135999205, 639136012291, 13086
639157499967, 639157505976, 6009
639234836759, 639234850208, 13449
639256368537, 639256386603, 18066
639333678984, 639333692841, 13857
639355183454, 639355190621, 7167
639432517964, 639432531734, 13770
639454024057, 639454030594, 6537
639530902742, 639530916587, 13845
639552866633, 639552875171, 8538
639629884593, 639629893224, 8631
639651713498, 639651721772, 8274
639729072480, 639729085791, 13311
639750548342, 639750556295, 7953
639827876982, 639827891403, 14421
639849471941, 639849499901, 27960
639926736458, 639926749916, 13458
639948230162, 639948237560, 7398
640025574002, 640025587667, 13665
640047082653, 640047089883, 7230
640124426389, 640124440084, 13695
640145913436, 640145921299, 7863
640223240981, 640223254769, 13788
640244753535, 640244760720, 7185
640322278337, 640322292812, 14475
640343596718, 640343602880, 6162
640420774983, 640420788744, 13761
640442436327, 640442442573, 6246
640519969136, 640519982960, 13824
640541278488, 640541285175, 6687
640618409761, 640618422610, 12849
640640117439, 640640122023, 4584
640717605558, 640717618227, 12669
640738986375, 640738997778, 11403
640816455257, 640816467746, 12489
640837801032, 640837808148, 7116
640915111795, 640915125370, 13575
640936643922, 640936650318, 6396
641014167045, 641014180110, 13065
641038901824, 641038912777, 10953
641112363448, 641112373162, 9714
641134325284, 641134332514, 7230
641211695498, 641211709748, 14250
641233168494, 641233174539, 6045
641310524409, 641310538335, 13926
641332009941, 641332016493, 6552
641409350849, 641409365114, 14265
641430850516, 641430856144, 5628
641508185011, 641508198343, 13332
641529692017, 641529698851, 6834
641606927956, 641606941471, 13515
641628576668, 641628594536, 17868
641705812271, 641705825999, 13728
641727385282, 641727395743, 10461
641804903730, 641804917041, 13311
641826233961, 641826242604, 8643
641903404404, 641903419239, 14835
641925058981, 641925066355, 7374
642002385389, 642002400074, 14685
642023897930, 642023904740, 6810
642100981875, 642101008115, 26240
642122737654, 642122744926, 7272
642200347816, 642200360635, 12819
642221585109, 642221592816, 7707
642298487299, 642298498513, 11214
642320419543, 642320425759, 6216
642397742010, 642397755186, 13176
642419262126, 642419269644, 7518
642496757094, 642496769784, 12690
642518102350, 642518107123, 4773
642595678467, 642595693401, 14934
642616966048, 642616983844, 17796
642694273236, 642694287567, 14331
642715789618, 642715796056, 6438
642793238180, 642793252304, 14124
642814660200, 642814678047, 17847
642891962320, 642891975574, 13254
642913468217, 642913474526, 6309
642990616780, 642990629473, 12693
643012314628, 643012321648, 7020
643089383909, 643089394334, 10425
643111164750, 643111174965, 10215
643188482987, 643188497213, 14226
643209993484, 643209999931, 6447
643287253428, 643287265956, 12528
643308835092, 643308840972, 5880
643386143215, 643386157642, 14427
643407695189, 643407706574, 11385
643484984670, 643484996856, 12186
643506517141, 643506524512, 7371
643583824823, 643583838971, 14148
643605376106, 643605386474, 10368
643682654031, 643682667801, 13770
643704200405, 643704207185, 6780
643781362420, 643781375674, 13254
643803106273, 643803113581, 7308
643879742794, 643879828623, 85829
643901931904, 643901947636, 15732
643993189904, 643993196915, 7011
644092190551, 644092205311, 14760
644190887498, 644190894734, 7236
644289707499, 644289713823, 6324
644388477721, 644388484816, 7095
644487329542, 644487336166, 6624
644586203075, 644586210605, 7530
644685105416, 644685115325, 9909
644783918593, 644783927485, 8892
644882873291, 644882884520, 11229
644981605898, 644981617574, 11676
645080407242, 645080415051, 7809
645179253243, 645179260224, 6981
645278147389, 645278155066, 7677
645376933007, 645376942085, 9078
645475805605, 645475812592, 6987
645574654267, 645574661116, 6849
645673489737, 645673498821, 9084
645772304507, 645772312187, 7680
645871140216, 645871146618, 6402
645969863360, 645969894656, 31296
646068816009, 646068825777, 9768
646076392446, 646076398926, 6480
646167663645, 646167670971, 7326
646266509294, 646266517037, 7743
646365378572, 646365385523, 6951
646464216294, 646464225048, 8754
646562971168, 646562977891, 6723
646661839577, 646661852345, 12768
646760773167, 646760788314, 15147
646859358833, 646859372849, 14016
646958400165, 646958408370, 8205
647057262302, 647057269226, 6924
647156139735, 647156153148, 13413
647254935090, 647254944132, 9042
647353767225, 647353775664, 8439
647452598359, 647452606075, 7716
647551681760, 647551688255, 6495
647650310878, 647650318618, 7740
647749136852, 647749144961, 8109
647847978247, 647847985732, 7485
647946797815, 647946809554, 11739
648045672321, 648045681735, 9414
648144628796, 648144640913, 12117
648243287738, 648243295967, 8229
648250896611, 648250902953, 6342
648342161656, 648342168247, 6591
648440805441, 648440900943, 95502
648525791850, 648525799194, 7344
648547422062, 648547428911, 6849
648624441353, 648624454910, 13557
648646264064, 648646392361, 128297
648723563458, 648723577314, 13856
648737331113, 648737409229, 78116
648822316736, 648822331037, 14301
648843967534, 648843977866, 10332
648921275372, 648921289040, 13668
648942799451, 648942805505, 6054
649020257642, 649020272546, 14904
649041629814, 649041637707, 7893
649118959939, 649118973136, 13197
649140503430, 649140512475, 9045
649217791049, 649217805698, 14649
649239320539, 649239328306, 7767
649316637987, 649316652432, 14445
649338152156, 649338158543, 6387
649415245452, 649415259447, 13995
649436993267, 649437000314, 7047
649514296344, 649514308686, 12342
649535837119, 649535844367, 7248
649612971470, 649612982876, 11406
649634687630, 649634696411, 8781
649711656397, 649711671715, 15318
649733537590, 649733548951, 11361
649810888150, 649810901944, 13794
649832373696, 649832381553, 7857
649909520701, 649909532707, 12006
649931220773, 649931231165, 10392
650008590342, 650008603437, 13095
650030044833, 650030052012, 7179
650107112017, 650107122754, 10737
650128880894, 650128887782, 6888
650205991827, 650206005303, 13476
650227754958, 650227765590, 10632
650304796796, 650304809330, 12534
650326566152, 650326573367, 7215
650404121611, 650404139029, 17418
650425411427, 650425417784, 6357
650502858543, 650502872766, 14223
650524246684, 650524253167, 6483
650601585439, 650601598981, 13542
650623085689, 650623089208, 3519
650700440161, 650700453331, 13170
650721935026, 650721941833, 6807
650799309963, 650799332523, 22560
650820801457, 650820812437, 10980
650898029080, 650898043054, 13974
650919631394, 650919642032, 10638
650996932297, 650996945314, 13017
651018454726, 651018461173, 6447
651095288019, 651095297751, 9732
651117318200, 651117328733, 10533
651194538098, 651194552288, 14190
651216141027, 651216148881, 7854
651293414623, 651293428543, 13920
651314987200, 651314993818, 6618
651392647064, 651392662205, 15141
651413839424, 651413850356, 10932
651490536313, 651490613214, 76901
651512675696, 651512682212, 6516
651603942205, 651603949579, 7374
651702652708, 651702659374, 6666
651801611623, 651801624163, 12540
651900468837, 651900476328, 7491
651999301930, 651999308824, 6894
652097938812, 652097946906, 8094
652197012302, 652197018743, 6441
652295642794, 652295662858, 20064
652394471907, 652394478633, 6726
652493502358, 652493509489, 7131
652592341409, 652592349089, 7680
652691202369, 652691210508, 8139
652790074797, 652790082240, 7443
652888923001, 652888936873, 13872
652987761751, 652987770640, 8889
653086569833, 653086579154, 9321
653185411374, 653185421079, 9705
653284251002, 653284258016, 7014
653383062720, 653383069992, 7272
653481909574, 653481919921, 10347
653580778388, 653580785729, 7341
653679609751, 653679616999, 7248
653778464079, 653778472824, 8745
653877304762, 653877312589, 7827
653976392698, 653976413794, 21096
654074984992, 654074992330, 7338
654173641698, 654173661057, 19359
654272679802, 654272688166, 8364
654280220623, 654280228810, 8187
654371497190, 654371504486, 7296
654470380609, 654470388871, 8262
654569213245, 654569221504, 8259
654668017307, 654668024393, 7086
654766766278, 654766772758, 6480
654865705272, 654865712166, 6894
654964640823, 654964647846, 7023
655063478574, 655063486059, 7485
655162263279, 655162270548, 7269
655261118077, 655261125472, 7395
655359918153, 655359924912, 6759
655458774499, 655458781699, 7200
655557498130, 655557505897, 7767
655656592287, 655656605397, 13110
655755524804, 655755539393, 14589
655853966791, 655853973553, 6762
655952988944, 655952995730, 6786
655960525712, 655960531811, 6099
656051801244, 656051809527, 8283
656150491582, 656150497327, 5745
656249592780, 656249600265, 7485
656348355213, 656348363136, 7923
656450199753, 656450208882, 9129
656549337517, 656549352022, 14505
656644841891, 656644849019, 7128
656743694934, 656743702056, 7122
656842562516, 656842570109, 7593
656941377325, 656941386895, 9570
657040290323, 657040296563, 6240
657139031586, 657139040367, 8781
657237894826, 657237903853, 9027
657336761038, 657336772045, 11007
657435610536, 657435618363, 7827
657534576657, 657534591339, 14682
657633261898, 657633269266, 7368
657732135539, 657732144986, 9447
657830939021, 657830946065, 7044
657929743066, 657929751265, 8199
658028638441, 658028646085, 7644
658127500260, 658127507388, 7128
658226317744, 658226324974, 7230
658325162125, 658325169154, 7029
658424005002, 658424013309, 8307
658522882248, 658522889133, 6885
658621674348, 658621681347, 6999
658720529072, 658720536137, 7065
658819151049, 658819165800, 14751
658918238772, 658918248027, 9255
659017118817, 659017125576, 6759
659115899759, 659115906806, 7047
659214740833, 659214748123, 7290
659313465729, 659313473094, 7365
659412392179, 659412398962, 6783
659511772035, 659511782016, 9981
659610070325, 659610080987, 10662
659708927623, 659708934745, 7122
659807890263, 659807899362, 9099
659906399274, 659906413614, 14340
660005589347, 660005596769, 7422
660104286453, 660104294919, 8466
660203124419, 660203131703, 7284
660301924074, 660301930920, 6846
660400851018, 660400859187, 8169
660499659761, 660499666799, 7038
660598510282, 660598517284, 7002
660697332393, 660697340271, 7878
660796180341, 660796191045, 10704
660894988367, 660894996461, 8094
660993906192, 660993912966, 6774
661092730815, 661092738129, 7314
661191605116, 661191614530, 9414
661290367771, 661290374128, 6357
661389052875, 661389074427, 21552
661488110024, 661488117866, 7842
661586972126, 661586987369, 15243
661685781291, 661685788209, 6918
661784581094, 661784588693, 7599
661883450787, 661883460129, 9342
661982298588, 661982305287, 6699
662081128566, 662081137395, 8829
662179985593, 662179992325, 6732
662278775693, 662278782068, 6375
662377677358, 662377685815, 8457
662476514897, 662476522223, 7326
662575327104, 662575337667, 10563
662674165551, 662674172538, 6987
662773064691, 662773072602, 7911
662871851323, 662871858793, 7470
662970665049, 662970673389, 8340
663069517310, 663069523835, 6525
663168336206, 663168344336, 8130
663267303646, 663267318136, 14490
663366153216, 663366160161, 6945
663464705996, 663464724203, 18207
663563770623, 663563777400, 6777
663662598875, 663662611316, 12441
663761416598, 663761424017, 7419
663860299672, 663860307187, 7515
663959105901, 663959113521, 7620
664057981364, 664057988786, 7422
664156859259, 664156865919, 6660
664255662879, 664255670703, 7824
664354466267, 664354473851, 7584
664453421097, 664453434471, 13374
664551947336, 664551960686, 13350
664651026056, 664651034168, 8112
664749870314, 664749877817, 7503
664848466399, 664848477217, 10818
664950367040, 664950390419, 23379
665046349181, 665046357116, 7935
665145187741, 665145195832, 8091
665243861234, 665243879987, 18753
665342846743, 665342853955, 7212
665441753877, 665441760630, 6753
664955075573, 664955082146, 6573
665032403147, 665032416365, 13218
665053916534, 665053922561, 6027
665131216406, 665131230299, 13893
665152759390, 665152766101, 6711
665229928830, 665229939288, 10458
665251611611, 665251617776, 6165
665328908888, 665328923204, 14316
665350445077, 665350451404, 6327
665427750383, 665427763073, 12690
665449284174, 665449290435, 6261
665529637014, 665529652023, 15009
665548123141, 665548129180, 6039
665625741883, 665625755404, 13521
665646967176, 665646975231, 8055
665724280565, 665724294623, 14058
665745810871, 665745817600, 6729
665823083829, 665823098442, 14613
665844649058, 665844655085, 6027
665921383601, 665921395808, 12207
665943490134, 665943495963, 5829
666020781943, 666020796535, 14592
666042329582, 666042353741, 24159
666119459196, 666119471346, 12150
666133396202, 666133476497, 80295
666218140706, 666218153423, 12717
666240035493, 666240053829, 18336
666317563705, 666317700191, 136486
666338854176, 666338860758, 6582
666416481895, 666416495119, 13224
666437695038, 666437701023, 5985
666515154367, 666515168356, 13989
666613820989, 666613834192, 13203
666635378419, 666635385985, 7566
666712647464, 666712659356, 11892
666734219501, 666734225612, 6111
666811528373, 666811542188, 13815
666833066829, 666833075244, 8415
666910380322, 666910394482, 14160
666931926726, 666931935735, 9009
667009216995, 667009230840, 13845
667030754005, 667030761826, 7821
667108062694, 667108077418, 14724
667129594747, 667129604017, 9270
667206892865, 667206906842, 13977
667228434365, 667228446284, 11919
667305691578, 667305705531, 13953
667327270240, 667327278127, 7887
667404566653, 667404580234, 13581
667426109966, 667426116590, 6624
667503453918, 667503467625, 13707
667524969081, 667524977928, 8847
667602161127, 667602174069, 12942
667623790718, 667623796592, 5874
667701130088, 667701142781, 12693
667722637333, 667722644113, 6780
667799730737, 667799739902, 9165
667821498090, 667821507396, 9306
667898810729, 667898824532, 13803
667920313928, 667920321446, 7518
667997641571, 667997654924, 13353
668021117373, 668021141727, 24354
668096467371, 668096480787, 13416
668118000170, 668118005282, 5112
668195473718, 668195494049, 20331
668216884066, 668216894512, 10446
668294161823, 668294176202, 14379
668315707206, 668315716107, 8901
668393204072, 668393217965, 13893
668414528145, 668414535471, 7326
668491842653, 668491856678, 14025
668513362479, 668513368728, 6249
668590690042, 668590702912, 12870
668612204157, 668612210388, 6231
668689539626, 668689553300, 13674
668711045810, 668711052584, 6774
668788534342, 668788549414, 15072
668809905251, 668809917287, 12036
668887207224, 668887220451, 13227
668908732248, 668908739172, 6924
668986237805, 668986252649, 14844
669007572982, 669007579762, 6780
669084859829, 669084873509, 13680
669106411018, 669106417609, 6591
669183906436, 669183918583, 12147
669205272752, 669205281131, 8379
669282454324, 669282467044, 12720
669304117337, 669304125989, 8652
669381419560, 669381432760, 13200
669402934525, 669402941434, 6909
669480547002, 669480560697, 13695
669501774684, 669501881306, 106622
669579071854, 669579083977, 12123
669600622861, 669600629272, 6411
669677947134, 669677961378, 14244
669699459333, 669699465555, 6222
669776972656, 669776986534, 13878
669798301346, 669798307454, 6108
669875638037, 669875652005, 13968
669897142431, 669897149415, 6984
669974821338, 669974835420, 14082
669995984751, 669995988312, 3561
670073380748, 670073390855, 10107
670094849438, 670094860043, 10605
670171913569, 670171926514, 12945
670193664258, 670193761959, 97701
670270713132, 670270726605, 13473
670292524841, 670292533073, 8232
670369393174, 670369404877, 11703
670391345482, 670391351977, 6495
670468640289, 670468653324, 13035
670490188353, 670490194689, 6336
670567957702, 670567971340, 13638
670589034228, 670589040768, 6540
670666327871, 670666340720, 12849
670687922979, 670687941576, 18597
670765236192, 670765248645, 12453
670786740963, 670786752633, 11670
670864049138, 670864062662, 13524
670885569991, 670885578979, 8988
670962864000, 670962877248, 13248
670984396280, 670984403852, 7572
671061717504, 671061731295, 13791
671083240651, 671083247728, 7077
671160452520, 671160459828, 7308
671182081852, 671182088764, 6912
671259313102, 671259327290, 14188
671280920550, 671280927351, 6801
671358224237, 671358236942, 12705
671379761501, 671379766004, 4503
671457078601, 671457091924, 13323
671478613823, 671478620003, 6180
671555568066, 671555574918, 6852
671577454728, 671577462039, 7311
671654641009, 671654654545, 13536
671676287305, 671676295972, 8667
671753623049, 671753636546, 13497
671775126304, 671775132967, 6663
671852469177, 671852483118, 13941
671873975050, 671873983909, 8859
671951284005, 671951298051, 14046
671972822204, 671972832167, 9963
672050135982, 672050150355, 14373
672071648813, 672071654732, 5919
672148997170, 672149010424, 13254
672170531345, 672170537564, 6219
672247822695, 672247835502, 12807
672269332514, 672269339309, 6795
672346689895, 672346703596, 13701
672368177333, 672368183381, 6048
672445469632, 672445483675, 14043
672467019772, 672467026921, 7149
672544322407, 672544335451, 13044
672565860240, 672565866909, 6669
672643047812, 672643057187, 9375
672664723497, 672664735584, 12087
672742232008, 672742251028, 19020
672763541554, 672763544521, 2967
672840957357, 672840979314, 21957
672862395504, 672862404984, 9480
672939397753, 672939407401, 9648
672961225307, 672961231232, 5925
673038181593, 673038199686, 18093
673060081254, 673060092579, 11325
673137441557, 673137456236, 14679
673158935859, 673158947604, 11745
673236219271, 673236232141, 12870
673257744536, 673257751139, 6603
673335064715, 673335079115, 14400
673356594235, 673356600895, 6660
673433911602, 673433924853, 13251
673455432899, 673455439046, 6147
673532787909, 673532801787, 13878
673554268376, 673554274919, 6543
673631576610, 673631590431, 13821
673653109303, 673653117022, 7719
673730438092, 673730451550, 13458
673751963226, 673751974074, 10848
673829319859, 673829334061, 14202
673850811519, 673850822775, 11256
673928220535, 673928233666, 13131
673949654405, 673949665517, 11112
674026929944, 674026947499, 17555
674048474553, 674048481558, 7005
674125819117, 674125833061, 13944
674147325891, 674147334042, 8151
674224640442, 674224653687, 13245
674246168403, 674246176317, 7914
674323377765, 674323390575, 12810
674345011114, 674345020921, 9807
674422024781, 674422038476, 13695
674443849185, 674443855995, 6810
674521149721, 674521163752, 14031
674542680497, 674542686338, 5841
674619988533, 674620001934, 13401
674641522554, 674641528998, 6444
674718859781, 674718873647, 13866
674740422551, 674740442156, 19605
674817698687, 674817712586, 13899
674839207399, 674839214293, 6894
674916625004, 674916645491, 20487
674938064032, 674938074175, 10143
675015359592, 675015372855, 13263
675036904197, 675036911940, 7743
675114197546, 675114211472, 13926
675135728064, 675135732261, 4197
675213046741, 675213059929, 13188
675234570024, 675234576012, 5988
675311872604, 675311886677, 14073
675333409560, 675333416781, 7221
675410669689, 675410682343, 12654
675432252258, 675432258597, 6339
675509564589, 675509577930, 13341
675531129630, 675531141546, 11916
675608231064, 675608245482, 14418
675629946932, 675629954651, 7719
675707243076, 675707257194, 14118
675806083690, 675806097685, 13995
675827635765, 675827654239, 18474
675904937768, 675904952081, 14313
675926457897, 675926464818, 6921
676003761308, 676003776050, 14742
676025320546, 676025328394, 7848
676102601052, 676102616085, 15033
676124160452, 676124168336, 7884
676201465023, 676201479177, 14154
676222994138, 676223000654, 6516
676300529258, 676300543880, 14622
676321830217, 676321836760, 6543
676399353302, 676399366697, 13395
676420667015, 676420674215, 7200
676497982781, 676497997697, 14916
676519529306, 676519538879, 9573
676597006478, 676597027283, 20805
676618374310, 676618383208, 8898
676695676946, 676695691109, 14163
676717188427, 676717195939, 7512
676794485154, 676794499221, 14067
676816031554, 676816037800, 6246
676893377718, 676893392007, 14289
676914872980, 676914880660, 7680
676992192372, 676992206331, 13959
677013712412, 677013719894, 7482
677091028668, 677091042138, 13470
677112565411, 677112579220, 13809
677189854799, 677189868671, 13872
677211396269, 677211402395, 6126
677288729989, 677288743882, 13893
677310242343, 677310249009, 6666
677387535785, 677387549585, 13800
677409080565, 677409087537, 6972
677486470608, 677486512416, 41808
677507940336, 677507951115, 10779
677585449254, 677585470671, 21417
677606765558, 677606772143, 6585
677683582991, 677683591706, 8715
677705618204, 677705627585, 9381
677782579247, 677782592684, 13437
677804461669, 677804471797, 10128
677881703745, 677881719861, 16116
677903316053, 677903330669, 14616
677980621866, 677980634526, 12660
678002128119, 678002134011, 5892
678079271085, 678079284504, 13419
678100980167, 678100993463, 13296
678178305511, 678178319653, 14142
678199808868, 678199815324, 6456
678276972474, 678276985767, 13293
678298668992, 678298678511, 9519
678376065781, 678376080613, 14832
678397512169, 678397523155, 10986
678474552039, 678474560544, 8505
678496338401, 678496344929, 6528
678573713283, 678573727014, 13731
678595191464, 678595199939, 8475
678672209972, 678672216779, 6807
678694041436, 678694050100, 8664
678771343806, 678771357117, 13311
678870223458, 678870233124, 9666
678891721412, 678891731612, 10200
678969204632, 678969217865, 13233
678990541336, 678990548518, 7182
679067842966, 679067856175, 13209
679089396544, 679089405646, 9102
679166741782, 679166754001, 12219
679188241493, 679188250919, 9426
679265371722, 679265387016, 15294
679287062839, 679287069388, 6549
679364413460, 679364426675, 13215
679385942521, 679385956972, 14451
679463379468, 679463394855, 15387
679484762883, 679484771187, 8304
679561736010, 679561749129, 13119
679583617447, 679583636743, 19296
679660929107, 679660943603, 14496
679682442927, 679682453208, 10281
679759774124, 679759788767, 14643
679781268468, 679781275380, 6912
679858447433, 679858462457, 15024
679880158330, 679880177866, 19536
679957754319, 679957770291, 15972
679978961806, 679978970569, 8763
680056665912, 680056680159, 14247
680077796413, 680077802905, 6492
680155126157, 680155139672, 13515
680176693816, 680176704271, 10455
680253960422, 680253973637, 13215
680275489183, 680275499149, 9966
680352790980, 680352805599, 14619
680374317109, 680374322764, 5655
680451496609, 680451511387, 14778
680473162333, 680473168966, 6633
680550485661, 680550500445, 14784
680571998580, 680572006134, 7554
680649220000, 680649234385, 14385
680670841148, 680670847796, 6648
680748391612, 680748404284, 12672
680769684955, 680769691855, 6900
680847236482, 680847250204, 13722
680868523412, 680868529943, 6531
680946441702, 680946452211, 10509
680967369666, 680967376014, 6348
681044528155, 681044540593, 12438
681066204687, 681066208323, 3636
681143506166, 681143520302, 14136
681165054802, 681165063139, 8337
681242701676, 681242719898, 18222
681263913073, 681263922880, 9807
681341206429, 681341219725, 13296
681362739802, 681362746909, 7107
681439759750, 681439773823, 14073
681461595167, 681461604578, 9411
681538863925, 681538877284, 13359
681560414083, 681560420656, 6573
681637756905, 681637769811, 12906
681659271878, 681659281211, 9333
681736605772, 681736619101, 13329
681758096111, 681758103698, 7587
681835455960, 681835468845, 12885
681856936700, 681856943357, 6657
681934290953, 681934304756, 13803
681955777346, 681955784408, 7062
682033703304, 682033716762, 13458
682054620963, 682054628568, 7605
682131887901, 682131899559, 11658
682153466467, 682153472704, 6237
682230740548, 682230754798, 14250
682252313743, 682252322167, 8424
682329531767, 682329545213, 13446
682351146173, 682351151942, 5769
682428549128, 682428568256, 19128
682449989498, 682449999872, 10374
682527519188, 682527538793, 19605
682548850644, 682548860217, 9573
682626201466, 682626218158, 16692
682647666143, 682647673550, 7407
682724600263, 682724612794, 12531
682746507867, 682746514008, 6141
682824200162, 682824237953, 37791
682845373603, 682845383533, 9930
682922685545, 682922699381, 13836
682944228575, 682944241445, 12870
683021521035, 683021534166, 13131
683043034503, 683043039750, 5247
683120314182, 683120328174, 13992
683141872176, 683141879163, 6987
683219413419, 683219426142, 12723
683240715509, 683240721449, 5940
683318055973, 683318070313, 14340
683339563091, 683339573462, 10371
683416894040, 683416908194, 14154
683438402670, 683438411757, 9087
683515727570, 683515740896, 13326
683537238944, 683537245526, 6582
683614766626, 683614780042, 13416
683636084133, 683636095611, 11478
683713596419, 683713609280, 12861
683734921335, 683734927581, 6246
683812243279, 683812256962, 13683
683833776836, 683833793567, 16731
683911095080, 683911109570, 14490
683932631358, 683932650201, 18843
684009828078, 684009842082, 14004
684031471628, 684031478339, 6711
684108764244, 684108777753, 13509
684130286726, 684130293038, 6312
684207616886, 684207630260, 13374
684229126946, 684229135070, 8124
684306701499, 684306717426, 15927
684327983056, 684327992503, 9447
684404987325, 684405002001, 14676
684504479932, 684504496549, 16617
684525675411, 684525685650, 10239
684602693189, 684602702387, 9198
684624498749, 684624506642, 7893
684701827849, 684701841967, 14118
684723338356, 684723345583, 7227
684800344102, 684800357923, 13821
684822196982, 684822206357, 9375
684899267283, 684899284674, 17391
684921040547, 684921048911, 8364
684998360590, 684998375152, 14562
685019857049, 685019863145, 6096
685097182225, 685097196235, 14010
685118705403, 685118712996, 7593
685196025806, 685196038895, 13089
685217544056, 685217551319, 7263
685294863952, 685294877104, 13152
685316382228, 685316388837, 6609
685393716931, 685393730338, 13407
685415223241, 685415230522, 7281
685492557080, 685492570073, 12993
685514064718, 685514070343, 5625
685591402913, 685591415342, 12429
685612944556, 685612965358, 20802
685690234259, 685690248479, 14220
685711785497, 685711802909, 17412
685789082103, 685789095927, 13824
685810591142, 685810600043, 8901
685887932401, 685887946525, 14124
685909429841, 685909435679, 5838
685986758656, 685986772741, 14085
686008271983, 686008277812, 5829
686085114295, 686085127235, 12940
686107128529, 686107138297, 9768
686184435071, 686184448268, 13197
686205964485, 686205976146, 11661
686283111465, 686283124296, 12831
686304795690, 686304801705, 6015
686382045794, 686382059480, 13686
686403656641, 686403664243, 7602
686480816886, 686480829126, 12240
686579801211, 686579815515, 14304
686601316212, 686601322635, 6423
686678632342, 686678646664, 14322
686700167240, 686700173726, 6486
686777539819, 686777554033, 14214
686799001002, 686799006825, 5823
686876333838, 686876347848, 14010
686897845307, 686897851130, 5823
686975177694, 686975190387, 12693
686996714866, 686996730010, 15144
687074011951, 687074025364, 13413
687095548185, 687095558292, 10107
687172840805, 687172854293, 13488
687194363937, 687194368035, 4098
687271672367, 687271685831, 13464
687293207658, 687293215266, 7608
687370522016, 687370535369, 13353
687392072092, 687392082958, 10866
687469370269, 687469384834, 14565
687490889484, 687490896093, 6609
687568218505, 687568232482, 13977
687589732565, 687589739126, 6561
687667061572, 687667075384, 13812
687688582565, 687688590626, 8061
687765904516, 687765918502, 13986
687787413930, 687787421799, 7869
687864753371, 687864768389, 15018
687886274434, 687886295083, 20649
687963581548, 687963595288, 13740
688062438422, 688062451724, 13302
688083941185, 688083948232, 7047
688161263829, 688161277236, 13407
688182832939, 688182844942, 12003
688260111832, 688260125989, 14157
688358940394, 688358954476, 14082
688380481984, 688380495505, 13521
688457782591, 688457796505, 13914
688479303051, 688479309735, 6684
688556422452, 688556436602, 14150
688578155604, 688578163236, 7632
688655269039, 688655284069, 15030
688677008736, 688677019374, 10638
688754326163, 688754345228, 19065
688775826518, 688775833280, 6762
688853425279, 688853443318, 18039
688874684325, 688874692476, 8151
688952041372, 688952054779, 13407
688973520227, 688973526164, 5937
689050833983, 689050848248, 14265
689072352751, 689072359177, 6426
689149717860, 689149731732, 13872
689171192430, 689171198346, 5916
689248250784, 689248265913, 15129
689270033260, 689270040652, 7392
689347397559, 689347411797, 14238
689368875739, 689368882882, 7143
689446164653, 689446177886, 13233
689467738653, 689467749045, 10392
689545054410, 689545068108, 13698
689566570106, 689566579358, 9252
689643893379, 689643907080, 13701
689665401791, 689665408139, 6348
689742714766, 689742728602, 13836
689764245117, 689764251057, 5940
689841602479, 689841616072, 13593
689863080891, 689863087281, 6390
689940421441, 689940434299, 12858
689961947005, 689961955243, 8238
690039263027, 690039276905, 13878
690060785710, 690060794677, 8967
690138101608, 690138114685, 13077
690159609323, 690159615209, 5886
690236893642, 690236904760, 11118
690258470298, 690258482124, 11826
690335649874, 690335664031, 14157
690357285702, 690357289677, 3975
690434504299, 690434518798, 14499
690456158263, 690456179638, 21375
690533473676, 690533488052, 14376
690554990930, 690555000032, 9102
690632024862, 690632037288, 12426
690653832193, 690653842804, 10611
690731141629, 690731154400, 12771
690752671046, 690752678975, 7929
690829993058, 690830016179, 23121
690851499365, 690851505647, 6282
690928810084, 690928823182, 13098
690950363789, 690950374052, 10263
691027397657, 691027413236, 15579
691126750607, 691126763495, 12888
691148023866, 691148030895, 7029
691225331084, 691225344935, 13851
691246866269, 691246873313, 7044
691323566954, 691323645043, 78089
691345703626, 691345711918, 8292
691436974682, 691436988194, 13512
691535611741, 691535618620, 6879
691634740169, 691634748056, 7887
691733585014, 691733593612, 8598
691832370126, 691832377797, 7671
691931160832, 691931168005, 7173
692030011424, 692030018456, 7032
692128964542, 692128972678, 8136
692227774259, 692227782599, 8340
692326668415, 692326675228, 6813
692425187555, 692425199597, 12042
692524019822, 692524103991, 84169
692609132475, 692609146179, 13704
692630636792, 692630643686, 6894
692707935982, 692707950247, 14265
692729498348, 692729508521, 10173
692806787015, 692806800035, 13020
692828320441, 692828327875, 7434
692905616532, 692905631248, 14716
692927166354, 692927173752, 7398
693004489797, 693004503645, 13848
693026003336, 693026011016, 7680
693103266601, 693103288537, 21936
693124869799, 693124878823, 9024
693202113901, 693202128319, 14418
693223682966, 693223687340, 4374
693300982138, 693300995389, 13251
693322552865, 693322564997, 12132
693399831749, 693399845366, 13617
693421382973, 693421394523, 11550
693498681601, 693498723268, 41667
693520215535, 693520224778, 9243
693597547026, 693597560724, 13698
693619099817, 693619114853, 15036
693696369034, 693696383155, 14121
693717893251, 693717899758, 6507
693794630240, 693794637380, 7140
693816753695, 693816764759, 11064
693894042770, 693894056156, 13386
693915591300, 693915599790, 8490
693992903306, 693992917532, 14226
694014423042, 694014432081, 9039
694091473332, 694091482497, 9165
694113274077, 694113294954, 20877
694190603720, 694190618825, 15105
694212102489, 694212110121, 7632
694289149327, 694289163064, 13737
694310951820, 694310960529, 8709
694388023957, 694388030629, 6672
694409783226, 694409789832, 6606
694487110406, 694487130443, 20037
694508621527, 694508628496, 6969
694585591643, 694585599815, 8172
694607481528, 694607492172, 10644
694684844061, 694684858305, 14244
694706305069, 694706311534, 6465
694783624906, 694783639009, 14103
694805143077, 694805149944, 6867
694882229666, 694882243451, 13785
694904021517, 694904029608, 8091
694981153547, 694981166456, 12909
695002828543, 695002835413, 6870
695080157549, 695080171268, 13719
695101674530, 695101679045, 4515
695178958649, 695178972227, 13578
695200522766, 695200531886, 9120
695277825287, 695277839978, 14691
695299371969, 695299383555, 11586
695376667885, 695376681508, 13623
695398244322, 695398259004, 14682
695475513787, 695475526717, 12930
695497034226, 695497040085, 5859
695574343981, 695574357460, 13479
695595894918, 695595905187, 10269
695673180925, 695673194629, 13704
695694716975, 695694724136, 7161
695771761643, 695771779653, 18010
695793575403, 695793586416, 11013
695870856898, 695870870902, 14004
695892475087, 695892493447, 18360
695969758064, 695969771249, 13185
695991240846, 695991247518, 6672
696068562014, 696068575718, 13704
696090089521, 696090096937, 7416
696167532639, 696167553423, 20784
696188927144, 696188933525, 6381
696266226232, 696266239028, 12796
696287766708, 696287772876, 6168
696364737435, 696364750965, 13530
696386633699, 696386642114, 8415
696463940905, 696463955206, 14301
696485467771, 696485482132, 14361
696562766246, 696562780466, 14220
696584287915, 696584294527, 6612
696661616333, 696661630934, 14601
696683136194, 696683146307, 10113
696760397083, 696760410598, 13515
696781978610, 696781986173, 7563
696859310189, 696859326728, 16539
696880811572, 696880818619, 7047
696958147547, 696958161545, 13998
696979668625, 696979677724, 9099
697056977615, 697056991382, 13767
697078493534, 697078497122, 3588
697155820017, 697155833940, 13923
697177354303, 697177362601, 8298
697254791062, 697254808192, 17130
697276180755, 697276187148, 6393
697353567959, 697353585800, 17841
697375034114, 697375043687, 9573
697452241569, 697452255672, 14103
697473867927, 697473874893, 6966
697551174964, 697551187915, 12951
697572702568, 697572709582, 7014
697650018936, 697650033000, 14064
697671560460, 697671573438, 12978
697748867100, 697748881155, 14055
697770399002, 697770408044, 9042
697847740647, 697847754291, 13644
697869226641, 697869233622, 6981
697946500145, 697946513129, 12984
697968093777, 697968116148, 22371
698045398211, 698045411516, 13305
698066909133, 698066916102, 6969
698144259589, 698144273377, 13788
698165761491, 698165767815, 6324
698242860311, 698242874999, 14688
698264597953, 698264608201, 10248
698341825043, 698341845335, 20292
698363432167, 698363437912, 5745
698440868080, 698440886611, 18531
698462271215, 698462278703, 7488
698539988985, 698540008176, 19191
698561112507, 698561119062, 6555
698638452202, 698638465618, 13416
698659959273, 698659965726, 6453
698737497580, 698737510600, 13020
698758818426, 698758829253, 10827
698836115892, 698836130043, 14151
698857638850, 698857645567, 6717
698934909204, 698934922023, 12819
698956477841, 698956482185, 4344
699033781010, 699033795836, 14826
699055338075, 699055346931, 8856
699132650548, 699132664153, 13605
699154181948, 699154192361, 10413
699231479834, 699231493709, 13875
699253009339, 699253015936, 6597
699330286521, 699330300945, 14424
699351845236, 699351852475, 7239
699429387903, 699429404484, 16581
699450685512, 699450693255, 7743
699528168995, 699528180884, 11889
699549569885, 699549586679, 16794
699627367594, 699627384844, 17250
699648367458, 699648373914, 6456
699725666620, 699725680105, 13485
699747226923, 699747235746, 8823
699824847393, 699824855058, 7665
699846055573, 699846061597, 6024
699923579219, 699923592635, 13416
699944909324, 699944919350, 10026
700022369522, 700022382785, 13263
700043759319, 700043768754, 9435
700121254027, 700121268910, 14883
700142594376, 700142603505, 9129
700219276426, 700219392977, 116551
700241422329, 700241428587, 6258
700332709193, 700332716540, 7347
700431329152, 700431342859, 13707
700530175438, 700530187363, 11925
700629249706, 700629257746, 8040
700728116708, 700728123050, 6342
700826907982, 700826916142, 8160
700925946312, 700925954352, 8040
701024681857, 701024690725, 8868
701123380481, 701123387822, 7341
701222271503, 701222279471, 7968
701321117671, 701321125150, 7479
701419760669, 701419774811, 14142
701518846299, 701518853541, 7242
701617636710, 701617643571, 6861
701716498637, 701716507217, 8580
701815377827, 701815386125, 8298
701914194615, 701914201935, 7320
702012977687, 702012985205, 7518
702111894412, 702111906655, 12243
702210716567, 702210724127, 7560
702309529991, 702309538325, 8334
702408184589, 702408189869, 5280
702507240269, 702507246710, 6441
702606049346, 702606056726, 7380
702704864320, 702704871358, 7038
702803790573, 702803797584, 7011
702902587564, 702902594923, 7359
703001414765, 703001422367, 7602
703100078662, 703100097325, 18663
703199143085, 703199151155, 8070
703297910074, 703297916881, 6807
703305498715, 703305504418, 5703
703396763688, 703396773837, 10149
703495608630, 703495619778, 11148
703594481322, 703594488300, 6978
703693401317, 703693409552, 8235
703792136258, 703792143419, 7161
703891881340, 703891888213, 6873
703989826861, 703989834151, 7290
704088631922, 704088638633, 6711
704187381057, 704187387507, 6450
704286299360, 704286306521, 7161
704385210918, 704385217905, 6987
704484020902, 704484028684, 7782
704582931646, 704582941285, 9639
704683040296, 704683048909, 8613
704780358527, 704780370989, 12462
704879419278, 704879426175, 6897
704978323191, 704978344818, 21627
705077123190, 705077132136, 8946
705175951360, 705175959943, 8583
705274797308, 705274803809, 6501
705373580744, 705373590677, 9933
705472479311, 705472486868, 7557
705571315998, 705571323510, 7512
705670109223, 705670116798, 7575
705769002242, 705769009646, 7404
705867784757, 705867791783, 7026
705966631775, 705966639803, 8028
706065598061, 706065606101, 8040
706164309480, 706164323301, 13821
706263167239, 706263174034, 6795
706362045686, 706362053324, 7638
706369576568, 706369582466, 5898
706460673326, 706460691893, 18567
706559729173, 706559737276, 8103
706658532185, 706658539883, 7698
706757409249, 706757417724, 8475
706856413484, 706856428190, 14706
706955089562, 706955097977, 8415
707053896106, 707053903606, 7500
707152810384, 707152817017, 6633
707251583733, 707251591920, 8187
707350352204, 707350364483, 12279
707449319242, 707449327591, 8349
707548076094, 707548084755, 8661
707646989628, 707646997935, 8307
707745822221, 707745830471, 8250
707844710099, 707844719240, 9141
707943692779, 707943700369, 7590
708042345422, 708042353192, 7770
708141192665, 708141199664, 6999
708240045548, 708240053237, 7689
708338837342, 708338845850, 8508
708437501204, 708437512250, 11046
708536547122, 708536554199, 7077
708635392638, 708635401749, 9111
708734116238, 708734122943, 6705
708833049943, 708833058091, 8148
708932043895, 708932068012, 24117
709030747523, 709030755887, 8364
709129610298, 709129617684, 7386
709228438747, 709228445722, 6975
709327317129, 709327323777, 6648
709426110926, 709426118834, 7908
709433676572, 709433683931, 7359
709524983867, 709524991640, 7773
709623814375, 709623821548, 7173
709722410933, 709722423419, 12486
709821497654, 709821505148, 7494
709829031464, 709829081603, 50139
709920319805, 709920327443, 7638
710019185082, 710019192564, 7482
710118033863, 710118040646, 6783
710216922612, 710216930793, 8181
710315810614, 710315821102, 10488
710414489784, 710414496656, 6872
710513141674, 710513155234, 13560
710612213995, 710612220955, 6960
710711037779, 710711045177, 7398
710809698514, 710809720780, 22266
710908659811, 710908667095, 7284
711007582246, 711007590805, 8559
711106438121, 711106446674, 8553
711205243807, 711205251496, 7689
711304432893, 711304441560, 8667
711402958705, 711402965860, 7155
711501885025, 711501892414, 7389
711600569824, 711600576304, 6480
711699409548, 711699416976, 7428
711798380680, 711798388237, 7557
711897160023, 711897167532, 7509
711995988835, 711995996353, 7518
712094858755, 712094865862, 7107
712193478658, 712193499094, 20436
712292566285, 712292574583, 8298
712391383617, 712391390787, 7170
712489962551, 712489971875, 9324
712497733751, 712497740705, 6954
712589022013, 712589030275, 8262
712687699365, 712687705575, 6210
712786742651, 712786752431, 9780
712885708903, 712885717753, 8850
712984406624, 712984414919, 8295
713083279306, 713083287787, 8481
713182060405, 713182067587, 7182
713280733098, 713280745506, 12408
713379749574, 713379756483, 6909
713478594561, 713478601959, 7398
713577436329, 713577443268, 6939
713676264413, 713676271616, 7203
713775252931, 713775267688, 14757
713873980358, 713873987609, 7251
713972800721, 713972807840, 7119
714071671144, 714071679106, 7962
714170450456, 714170458988, 8532
714269330618, 714269337698, 7080
714368182441, 714368189746, 7305
714467052150, 714467059359, 7209
714565855020, 714565862964, 7944
714664511440, 714664534018, 22578
714763516366, 714763524985, 8619
714862349445, 714862360245, 10800
714961250280, 714961257045, 6765
715060071470, 715060079885, 8415
715158842632, 715158850021, 7389
715257704367, 715257710379, 6012
715356622759, 715356630253, 7494
715456289736, 715456298625, 8889
715554284350, 715554290620, 6270
715653157636, 715653165511, 7875
715752027406, 715752035047, 7641
715850566738, 715850591890, 25152
715935627408, 715935641322, 13914
715957180509, 715957187697, 7188
716034180049, 716034193456, 13407
716056021733, 716056027559, 5826
716133337837, 716133351037, 13200
716154901345, 716154919240, 17895
716232164241, 716232178404, 14163
716253710467, 716253716101, 5634
716331076442, 716331090350, 13908
716352563265, 716352570837, 7572
716429604767, 716429612378, 7611
716451397888, 716451405097, 7209
716528704473, 716528718264, 13791
716550254519, 716550269420, 14901
716627537414, 716627551232, 13818
716649077623, 716649084556, 6933
716726124112, 716726142517, 18405
716747931529, 716747941627, 10098
716825157895, 716825176681, 18786
716846753118, 716846756376, 3258
716924046040, 716924058232, 12192
716945598762, 716945604876, 6114
717022849994, 717022863596, 13602
717044449306, 717044456077, 6771
717121764760, 717121778296, 13536
717143278233, 717143285724, 7491
717220394815, 717220411063, 16248
717242117132, 717242124623, 7491
717319434260, 717319448384, 14124
717340962599, 717340969142, 6543
717418187956, 717418210729, 22773
717439803222, 717439810155, 6933
717517132843, 717517146853, 14010
717538657845, 717538666944, 9099
717615944320, 717615958072, 13752
717637483708, 717637490848, 7140
717714811918, 717714826075, 14157
717736325388, 717736332750, 7362
717813636121, 717813649471, 13350
717835166096, 717835173365, 7269
717912545651, 717912558575, 12924
717934015465, 717934023223, 7758
718011332083, 718011345817, 13734
718032850383, 718032858165, 7782
718110233826, 718110247308, 13482
718131692387, 718131699296, 6909
718208860020, 718208873505, 13485
718230539984, 718230547385, 7401
718307715556, 718307722399, 6843
718329377756, 718329384545, 6789
718406508997, 718406520862, 11865
718428220544, 718428227198, 6654
718505475744, 718505485860, 10116
718527053700, 718527060501, 6801
718604418532, 718604432581, 14049
718703340815, 718703359964, 19149
718724760726, 718724769324, 8598
718802325562, 718802335657, 10095
718823582604, 718823590113, 7509
718900729132, 718900738285, 9153
718922430081, 718922440590, 10509
719000025180, 719000044509, 19329
719021284571, 719021294777, 10206
719098697067, 719098713930, 16863
719120108586, 719120116584, 7998
719197666768, 719197683304, 16536
719218962176, 719218972049, 9873
719296252297, 719296266025, 13728
719317803949, 719317812496, 8547
719395089570, 719395103397, 13827
719416644801, 719416655553, 10752
719493944018, 719493957788, 13770
719515466766, 719515473588, 6822
719592796881, 719592810765, 13884
719614328954, 719614339769, 10815
719691614699, 719691628940, 14241
719713148971, 719713152043, 3072
719790664978, 719790679288, 14310
719811992163, 719811997818, 5655
719889302075, 719889316367, 14292
719910834564, 719910840438, 5874
719987724552, 719987821148, 96596
720009679482, 720009686541, 7059
720086978553, 720086992803, 14250
720108517028, 720108524027, 6999
720185834833, 720185847757, 12924
720207362822, 720207370097, 7275
720284629067, 720284641712, 12645
720306197595, 720306221706, 24111
720383242275, 720383253600, 11325
720405034548, 720405038916, 4368
720482293431, 720482305434, 12003
720503894720, 720503902208, 7488
720581174726, 720581189213, 14487
720602720653, 720602728330, 7677
720680256324, 720680271252, 14928
720701579880, 720701590512, 10632
720778881059, 720778894169, 13110
720800410960, 720800417818, 6858
720877716119, 720877730126, 14007
720899250489, 720899256981, 6492
720976647705, 720976661085, 13380
720998089410, 720998096220, 6810
721075385589, 721075400652, 15063
721096930140, 721096935978, 5838
721174242076, 721174256203, 14127
721195770799, 721195776985, 6186
721273095801, 721273109838, 14037
721294612132, 721294618735, 6603
721372198668, 721372217068, 18400
721393455305, 721393461743, 6438
721470896771, 721470908597, 11826
721492290953, 721492293908, 2955
721569755772, 721569769872, 14100
721591140239, 721591146830, 6591
721668982185, 721668995439, 13254
721767553964, 721767567122, 13158
721788835908, 721788844608, 8700
721866140590, 721866154336, 13746
721887671129, 721887678431, 7302
721964791428, 721964798241, 6813
721986497301, 721986504534, 7233
722063821157, 722063835458, 14301
722085341220, 722085348177, 6957
722162412177, 722162427885, 15708
722184202732, 722184212953, 10221
722261465147, 722261478767, 13620
722283029067, 722283034791, 5724
722360180360, 722360193353, 12993
722381884498, 722381892718, 8220
722459181053, 722459192591, 11538
722480727190, 722480733433, 6243
722558141482, 722558162701, 21219
722579575328, 722579584628, 9300
722656682155, 722656695769, 13614
722678390690, 722678393573, 2883
722755460776, 722755472053, 11277
722777251527, 722777260908, 9381
722853937453, 722853968896, 31443
722876069956, 722876077099, 7143
722967352345, 722967359677, 7332
723066176800, 723066184609, 7809
723164841986, 723164862104, 20118
723264014263, 723264023176, 8913
723362740881, 723362748477, 7596
723462392398, 723462400228, 7830
723560433284, 723560439191, 5907
723659269182, 723659276394, 7212
723758126920, 723758141875, 14955
723856905189, 723856912449, 7260
723955790619, 723955798599, 7980
724054623862, 724054630951, 7089
724153470013, 724153476994, 6981
724252308902, 724252316456, 7554
724351153748, 724351161215, 7467
724450007012, 724450015412, 8400
724548828632, 724548835265, 6633
724647476519, 724647497792, 21273
724746522643, 724746529978, 7335
724754055763, 724754064097, 8334
724845410976, 724845421047, 10071
724944027507, 724944035433, 7926
725043024489, 725043031383, 6894
725141889112, 725141897419, 8307
725240732280, 725240739801, 7521
725339470774, 725339484793, 14019
725438356533, 725438363448, 6915
725537249855, 725537258372, 8517
725636114438, 725636121932, 7494
725734938487, 725734946494, 8007
725833797969, 725833805862, 7893
725932570389, 725932577961, 7572
726031566199, 726031575172, 8973
726130126421, 726130134410, 7989
726228939700, 726228960604, 20904
726327966911, 726327974069, 7158
726426823531, 726426831067, 7536
726525587901, 726525594927, 7026
726624465452, 726624477716, 12264
726723343304, 726723350783, 7479
726822243223, 726822252187, 8964
726920937737, 726920948252, 10515
727019865839, 727019873525, 7686
727118666476, 727118673958, 7482
727217537562, 727217546952, 9390
727316346989, 727316354117, 7128
727415338821, 727415347476, 8655
727514091794, 727514101682, 9888
727612828311, 727612836192, 7881
727711558423, 727711582264, 23841
727810524684, 727810532223, 7539
727818135387, 727818141930, 6543
727909466226, 727909476390, 10164
728008247049, 728008254576, 7527
728107114940, 728107121582, 6642
728206015615, 728206023439, 7824
728304796595, 728304805118, 8523
728403646080, 728403653334, 7254
728502317407, 728502323584, 6177
728601322431, 728601329829, 7398
728700282023, 728700294479, 12456
728798961115, 728798968696, 7581
728897805229, 728897814619, 9390
728996710349, 728996719022, 8673
729095523082, 729095530672, 7590
729194339418, 729194346876, 7458
729293020121, 729293041871, 21750
729392013938, 729392022317, 8379
729490814900, 729490830203, 15303
729589739396, 729589747142, 7746
729688551652, 729688559527, 7875
729787450090, 729787458454, 8364
729886262934, 729886270407, 7473
729985146505, 729985160728, 14223
730083909252, 730083917655, 8403
730182778486, 730182786616, 8130
730281598283, 730281604613, 6330
730380569337, 730380575973, 6636
730479391488, 730479401199, 9711
730578176511, 730578185562, 9051
730676969560, 730676976775, 7215
730775852019, 730775860626, 8607
730874452299, 730874460999, 8700
730882239722, 730882279943, 40221
730973321548, 730973342194, 20646
731072424139, 731072431855, 7716
731171229339, 731171263947, 34608
731270040148, 731270049931, 9783
731368878607, 731368885648, 7041
731467967255, 731467973282, 6027
731566548478, 731566555273, 6795
731665517081, 731665527269, 10188
731764373540, 731764388273, 14733
731863071482, 731863079222, 7740
731964205752, 731964215202, 9450
732060784325, 732060791363, 7038
732159616797, 732159625164, 8367
732258404985, 732258413469, 8484
732357278571, 732357284712, 6141
732456110564, 732456117443, 6879
732554951652, 732554960190, 8538
732653763995, 732653777048, 13053
732752628886, 732752635909, 7023
732760200862, 732760206910, 6048
732851505447, 732851516328, 10881
732950324650, 732950336953, 12303
733049157053, 733049164520, 7467
733148040008, 733148047478, 7470
733246877987, 733246886294, 8307
733345743099, 733345749063, 5964
733444512356, 733444519265, 6909
733543480804, 733543489774, 8970
733642242265, 733642252312, 10047
733741046631, 733741054416, 7785
733840336508, 733840343975, 7467
733938749030, 733938756374, 7344
733946295962, 733946301791, 5829
734037608288, 734037615716, 7428
734136519805, 734136527248, 7443
734235091082, 734235105941, 14859
734242831238, 734242959328, 128090
734333907309, 734333927049, 19740
734418976262, 734419004789, 28527
734440524762, 734440534401, 9639
734517824292, 734517846825, 22533
734539342377, 734539348755, 6378
734616383847, 734616395958, 12111
734638183674, 734638190556, 6882
734715151007, 734715165365, 14358
734737025143, 734737032016, 6873
734814349173, 734814363654, 14481
734835910035, 734835929769, 19734
734913461828, 734913475514, 13686
734934707460, 734934711621, 4161
735011963060, 735011983088, 20028
735033549045, 735033555372, 6327
735110886999, 735110906751, 19752
735132390515, 735132396365, 5850
735209715037, 735209728102, 13065
735231278993, 735231294488, 15495
735308490850, 735308504449, 13599
735330090781, 735330100303, 9522
735406879397, 735406893905, 14508
735428934422, 735428943896, 9474
735506228734, 735506242240, 13506
735527777019, 735527786160, 9141
735605050246, 735605064046, 13800
735626601200, 735626607656, 6456
735703682018, 735703695542, 13524
735725451869, 735725459801, 7932
735802750086, 735802763634, 13548
735824278888, 735824284498, 5610
735901588078, 735901600459, 12381
735923131214, 735923137907, 6693
736000117899, 736000124814, 6915
736099273490, 736099286954, 13464
736120804080, 736120810725, 6645
736198118698, 736198133290, 14592
736219651332, 736219658196, 6864
736296889552, 736296903490, 13938
736318543577, 736318551098, 7521
736395833831, 736395848057, 14226
736417328686, 736417335532, 6846
736494523406, 736494539852, 16446
736516174256, 736516180757, 6501
736593485581, 736593500044, 14463
736615009106, 736615016750, 7644
736692168201, 736692177798, 9597
736713850115, 736713855632, 5517
736791216384, 736791230046, 13662
736812695506, 736812702841, 7335
736890022185, 736890040121, 17936
736911560458, 736911570235, 9777
736988695238, 736988714546, 19308
737087708045, 737087721902, 13857
737109227187, 737109235377, 8190
737186525764, 737186539444, 13680
737208070765, 737208079459, 8694
737285144441, 737285158460, 14019
737306923537, 737306936164, 12627
737384224894, 737384239621, 14727
737405747501, 737405754665, 7164
737483072884, 737483086465, 13581
737504589844, 737504597689, 7845
737582009597, 737582026163, 16566
737603445946, 737603456971, 11025
737680755482, 737680769633, 14151
737702269013, 737702276402, 7389
737779378675, 737779395175, 16500
737801106221, 737801111567, 5346
737878437571, 737878452037, 14466
737899948465, 737899954456, 5991
737977086215, 737977099844, 13629
737998793060, 737998800338, 7278
738075894385, 738075908563, 14178
738097652978, 738097661903, 8925
738174987154, 738175002022, 14868
738196488174, 738196500081, 11907
738273778569, 738273792378, 13809
738295318052, 738295324982, 6930
738372564566, 738372577403, 12837
738394170895, 738394178998, 8103
738471507519, 738471524424, 16905
738492995000, 738493002095, 7095
738570321215, 738570335615, 14400
738591861277, 738591880138, 18861
738669162705, 738669177207, 14502
738690717857, 738690734177, 16320
738768020470, 738768035023, 14553
738789523704, 738789531396, 7692
738866570541, 738866582943, 12402
738888358873, 738888365767, 6894
738965707938, 738965720970, 13032
738987227324, 738987236432, 9108
739063925551, 739063936144, 10593
739177452325, 739177466140, 13815
739276160706, 739276168464, 7758
739375067618, 739375075817, 8199
739473887845, 739473895189, 7344
739572715188, 739572722280, 7092
739671627021, 739671636894, 9873
739770440872, 739770449059, 8187
739869195570, 739869203418, 7848
739968114802, 739968122491, 7689
740066881649, 740066888450, 6801
740074466768, 740074473197, 6429
740165558259, 740165573043, 14784
740264674527, 740264682402, 7875
740272148943, 740272155183, 6240
740363205471, 740363299194, 93723
740448178044, 740448185175, 7131
740469839241, 740469849465, 10224
740547112560, 740547126333, 13773
740568661436, 740568667721, 6285
740646360985, 740646372985, 12000
740667528725, 740667539123, 10398
740744815336, 740744828758, 13422
740766366814, 740766377686, 10872
740843671707, 740843684781, 13074
740865211682, 740865222236, 10554
740942479622, 740942492972, 13350
740964023266, 740964027340, 4074
741041344758, 741041358741, 13983
741062889587, 741062898206, 8619
741140251354, 741140265451, 14097
741161713748, 741161720171, 6423
741239370278, 741239388251, 17973
741260571241, 741260578942, 7701
741337858440, 741337872552, 14112
741359396617, 741359405017, 8400
741436625570, 741436637921, 12351
741458235468, 741458241474, 6006
741535422793, 741535432819, 10026
741557078474, 741557085581, 7107
741634509142, 741634523623, 14481
741655921137, 741655927632, 6495
741733479252, 741733493178, 13926
741754763112, 741754769442, 6330
741832070800, 741832084927, 14127
741853605298, 741853611631, 6333
741930887287, 741930901099, 13812
741952440515, 741952447637, 7122
742029760419, 742029771921, 11502
742051280909, 742051287476, 6567
742128466363, 742128478927, 12564
742150130406, 742150137864, 7458
742227454043, 742227467978, 13935
742248963314, 742248969239, 5925
742325901199, 742325916751, 15552
742347803695, 742347809578, 5883
742424814176, 742424825972, 11796
742446645203, 742446651905, 6702
742524019857, 742524033201, 13344
742545491475, 742545497691, 6216
742622835915, 742622849523, 13608
742644396335, 742644420284, 23949
742721809794, 742721829477, 19683
742743187221, 742743197001, 9780
742820501328, 742820515695, 14367
742842020971, 742842028888, 7917
742919332390, 742919346448, 14058
742940856215, 742940862719, 6504
743018201275, 743018215084, 13809
743039718278, 743039728721, 10443
743116966371, 743116980741, 14370
743215860994, 743215875052, 14058
743237386238, 743237395385, 9147
743314697530, 743314711597, 14067
743336237642, 743336246150, 8508
743413602878, 743413616828, 13950
743435058835, 743435062849, 4014
743512389188, 743512402775, 13587
743533904484, 743533910058, 5574
743611230203, 743611244369, 14166
743632744567, 743632751398, 6831
743710082955, 743710101447, 18492
743731589342, 743731596335, 6993
743808972559, 743808989605, 17046
743830428766, 743830435153, 6387
743907763355, 743907777941, 14586
743929283984, 743929348214, 64230
744006472437, 744006487503, 15066
744028109749, 744028116655, 6906
744105268755, 744105280308, 11553
744128429231, 744128436749, 7518
744204293175, 744204306108, 12933
744225795318, 744225802086, 6768
744303356135, 744303370094, 13959
744324629108, 744324637376, 8268
744402137772, 744402149850, 12078
744423481957, 744423489259, 7302
744500781757, 744500796223, 14466
744522320694, 744522326874, 6180
744599664702, 744599678415, 13713
744621157953, 744621164187, 6234
744698439563, 744698453792, 14229
744719995174, 744719998483, 3309
744797369852, 744797383361, 13509
744818838394, 744818845138, 6744
744896159856, 744896173518, 13662
744917682820, 744917689657, 6837
744995263821, 744995281806, 17985
745016524878, 745016531058, 6180
745093834446, 745093848303, 13857
745115367267, 745115374944, 7677
745192653679, 745192667122, 13443
745214214015, 745214221245, 7230
745291537230, 745291551429, 14199
745313047560, 745313053575, 6015
745389954836, 745389969434, 14598
745411909022, 745411919417, 10395
745489473693, 745489486413, 12720
745510726740, 745510732938, 6198
745588046502, 745588059906, 13404
745609572014, 745609577726, 5712
745686925423, 745686939844, 14421
745708412962, 745708420075, 7113
745785753316, 745785767581, 14265
745807247613, 745807254516, 6903
745885470313, 745885479022, 8709
745906089868, 745906095784, 5916
745983405512, 745983421994, 16482
746004930631, 746004934366, 3735
746082439512, 746082451344, 11832
746103778540, 746103784852, 6312
746181096336, 746181108009, 11673
746280276443, 746280295376, 18933
746301460757, 746301467921, 7164
746378798453, 746378804147, 5694
746400341923, 746400363457, 21534
746476993991, 746477086759, 92768
746499128248, 746499135100, 6852
746590347180, 746590359429, 12249
746689170245, 746689182824, 12579
746787983976, 746787997308, 13332
746886643623, 746886650790, 7167
746985552530, 746985560474, 7944
747084366154, 747084374035, 7881
747183120355, 747183127789, 7434
747281931045, 747281938413, 7368
747380767908, 747380775474, 7566
747479563798, 747479572279, 8481
747578424353, 747578436737, 12384
747676999073, 747677005697, 6624
747775852472, 747775860437, 7965
747874672398, 747874680501, 8103
747973245439, 747973258087, 12648
748072227817, 748072235500, 7683
748171076246, 748171084970, 8724
748269879820, 748269887149, 7329
748368663631, 748368675772, 12141
748467381952, 748467388885, 6933
748565984271, 748565992327, 8056
748664962328, 748664970353, 8025
748763795140, 748763804632, 9492
748862360222, 748862456651, 96429
748947425318, 748947437948, 12630
748968913761, 748968919971, 6210
749046403961, 749046419609, 15648
749067705487, 749067711877, 6390
749144983359, 749144997642, 14283
749166503861, 749166510836, 6975
749243802836, 749243816210, 13374
749342569442, 749342583035, 13593
749364082306, 749364088807, 6501
749441695438, 749441705218, 9780
749462877297, 749462882736, 5439
749540046498, 749540054085, 7587
749561665929, 749561672811, 6882
749638695111, 749638708149, 13038
749660480040, 749660488971, 8931
749737748747, 749737762595, 13848
749759247413, 749759253923, 6510
749836815128, 749836830360, 15232
749858052259, 749858055565, 3306
749935532237, 749935545965, 13728
749956855308, 749956863330, 8022
750034212347, 750034226567, 14220
750055623856, 750055630609, 6753
750132897454, 750132910681, 13227
750154415926, 750154422826, 6900
750231717180, 750231725937, 8757
750253208524, 750253215226, 6702
750330396208, 750330410077, 13869
750352006824, 750352012800, 5976
750429266138, 750429279854, 13716
750450792061, 750450799372, 7311
750528028775, 750528042635, 13860
750549593893, 750549603124, 9231
750626890315, 750626904844, 14529
750648376383, 750648383016, 6633
750725913903, 750725930567, 16664
750747166945, 750747173896, 6951
750824305407, 750824318853, 13446
750845980428, 750845987868, 7440
750923222146, 750923236207, 14061
750944751651, 750944757204, 5553
751022261786, 751022276285, 14499
751043564209, 751043571502, 7293
751121002848, 751121016096, 13248
751142340133, 751142346703, 6570
751219621020, 751219634589, 13569
751241125639, 751241131336, 5697
751318429796, 751318443809, 14013
751339914949, 751339919290, 4341
751417201167, 751417215162, 13995
751438713375, 751438720560, 7185
751515835458, 751515845022, 9564
751537501308, 751537508373, 7065
751615041165, 751615057743, 16578
751636303562, 751636312634, 9072
751713260213, 751713267578, 7365
751735089208, 751735096210, 7002
751811864871, 751811875831, 10960
751833918519, 751833929193, 10674
751910633463, 751910642543, 9080
751932685257, 751932696732, 11475
752009935084, 752009943043, 7959
752031466032, 752031471834, 5802
752108118488, 752108123900, 5412
752130287703, 752130301134, 13431
752207269223, 752207276054, 6831
752229052763, 752229060785, 8022
752306027096, 752306043230, 16134
752404579088, 752404587821, 8733
752426644529, 752426655119, 10590
752503698859, 752503706818, 7959
752525419305, 752525427486, 8181
752602081432, 752602153141, 71709
752624215509, 752624221461, 5952
752715575561, 752715587759, 12198
752814032717, 752814039896, 7179
752913102051, 752913109803, 7752
753011796678, 753011804307, 7629
753110593745, 753110601659, 7914
753209395078, 753209402365, 7287
753308208331, 753308220451, 12120
753406935725, 753406943354, 7629
753505746958, 753505754533, 7575
753604575737, 753604583441, 7704
753703175879, 753703191086, 15207
753802168527, 753802175433, 6906
753900948090, 753900961296, 13206
753999715336, 753999723397, 8061
754098471332, 754098480185, 8853
754197377487, 754197385383, 7896
754296137999, 754296145208, 7209
754395010738, 754395019744, 9006
754493721533, 754493729282, 7749
754592490153, 754592498211, 8058
754691287901, 754691295821, 7920
754790099193, 754790107137, 7944
754888891837, 754888899772, 7935
754987674418, 754987689769, 15351
755086485458, 755086493558, 8100
755185390578, 755185404489, 13911
755284189090, 755284197316, 8226
755383152962, 755383162475, 9513
755390398505, 755390406962, 8457
755481425874, 755481439485, 13611
755580433195, 755580441466, 8271
755679220320, 755679228897, 8577
755778012489, 755778020652, 8163
755876936476, 755876960194, 23718
755975586749, 755975593862, 7113
756074390992, 756074397442, 6450
756173139213, 756173146434, 7221
756271969092, 756271977324, 8232
756370783758, 756370796871, 13113
756469551583, 756469566025, 14442
756568341824, 756568349171, 7347
756667151404, 756667158700, 7296
756765933531, 756765941205, 7674
756864724394, 756864731864, 7470
756963483273, 756963491595, 8322
757062307757, 757062315197, 7440
757160931104, 757160949677, 18573
757259927657, 757259935751, 8094
757358764052, 757358773874, 9822
757457255656, 757457262157, 6501
757465013662, 757465019719, 6057
757556236676, 757556244503, 7827
757655037638, 757655045432, 7794
757753812657, 757753823952, 11295
757852824641, 757852844144, 19503
757951420367, 757951428194, 7827
758050188499, 758050196644, 8145
758163243378, 758163331935, 88557
758255379020, 758255388746, 9726
758346578534, 758346586151, 7617
758445407655, 758445414936, 7281
758544395200, 758544403936, 8736
758642953372, 758642960656, 7284
758741762783, 758741770571, 7788
758840506770, 758840513133, 6363
758939194478, 758939216384, 21906
759038289676, 759038305534, 15858
759045700300, 759045712456, 12156
759137013660, 759137021154, 7494
759235841585, 759235850726, 9141
759334534672, 759334542802, 8130
759433284048, 759433291917, 7869
759532083063, 759532090299, 7236
759630907964, 759630915398, 7434
759729735423, 759729747948, 12525
759828488266, 759828495538, 7272
759927283044, 759927292071, 9027
760026076898, 760026084011, 7113
760124836950, 760124844504, 7554
760223658454, 760223666320, 7866
760322453167, 760322462197, 9030
760421241263, 760421248643, 7380
760520144666, 760520157674, 13008
760618873395, 760618881177, 7782
760717395854, 760717415480, 19626
760816419023, 760816426838, 7815
760915213600, 760915219885, 6285
761013989766, 761013999069, 9303
761112763093, 761112770896, 7803
761211529324, 761211536092, 6768
761310349503, 761310360726, 11223
761409100801, 761409106573, 5772
761507909668, 761507917939, 8271
761606720595, 761606728569, 7974
761705526278, 761705533190, 6912
761804300235, 761804307300, 7065
761903121218, 761903130113, 8895
762001908848, 762001916702, 7854
762100668942, 762100677354, 8412
762199351476, 762199393221, 41745
762298358548, 762298366009, 7461
762397081996, 762397090393, 8397
762495880594, 762495889507, 8913
762594456639, 762594473061, 16422
762693360887, 762693369494, 8607
762792242816, 762792249941, 7125
762891011349, 762891019359, 8010
762989672896, 762989680762, 7866
763088771974, 763088779216, 7242
763187400952, 763187407480, 6528
763286861712, 763286890872, 29160
763384997926, 763385006176, 8250
763483809453, 763483816101, 6648
763582582069, 763582589581, 7512
763681338161, 763681346447, 8286
763780038313, 763780052989, 14676
763878739428, 763878752685, 13257
763977690070, 763977697075, 7005
764076516329, 764076524648, 8319
764175335857, 764175343627, 7770
764274099026, 764274107315, 8289
764373065676, 764373087150, 21474
764471614980, 764471622279, 7299
764570452430, 764570460296, 7866
764669268893, 764669276711, 7818
764768077322, 764768084414, 7092
764866867060, 764866873738, 6678
764965647388, 764965654330, 6942
765064483884, 765064494495, 10611
765163344297, 765163352868, 8571
765261833822, 765261853232, 19410
765360796084, 765360804397, 8313
765459633115, 765459640024, 6909
765558423946, 765558430951, 7005
765657223021, 765657230083, 7062
765755981327, 765755988629, 7302
765854773818, 765854781003, 7185
765953586904, 765953595289, 8385
766052341314, 766052352090, 10776
766151082070, 766151089993, 7923
766249935411, 766249942662, 7251
766348734545, 766348742090, 7545
766447520009, 766447527800, 7791
766546300934, 766546308602, 7668
766645240429, 766645254310, 13881
766743859895, 766743868718, 8823
766842522979, 766842535192, 12213
766941509291, 766941516644, 7353
767040304569, 767040312543, 7974
767139188101, 767139196219, 8118
767237972491, 767237981224, 8733
767336678620, 767336686357, 7737
767435529245, 767435539745, 10500
767534223447, 767534232039, 8592
767633028288, 767633040621, 12333
767640593420, 767640598157, 4737
767732064653, 767732093090, 28437
767830587089, 767830595612, 8523
767929389645, 767929403190, 13545
767936961466, 767936968141, 6675
768028247685, 768028257216, 9531
768126838878, 768126844986, 6108
768225764827, 768225772345, 7518
768324412609, 768324420649, 8040
768423354161, 768423361931, 7770
768521939728, 768521951692, 11964
768620958314, 768620964575, 6261
768719725019, 768719732279, 7260
768818515370, 768818523182, 7812
768917344160, 768917352038, 7878
769016100083, 769016107535, 7452
769119924308, 769119933470, 9162
769213657008, 769213667223, 10215
769312662274, 769312673404, 11130
769411208305, 769411216450, 8145
769509983761, 769509991255, 7494
769608906188, 769608915152, 8964
769707708771, 769707717486, 8715
769806476360, 769806483011, 6651
769905252175, 769905259738, 7563
770003855275, 770003869867, 14592
770102859661, 770102866624, 6963
770201630897, 770201644022, 13125
770300463889, 770300476552, 12663
770399176606, 770399182942, 6336
770498080314, 770498089212, 8898
770596900968, 770596909152, 8184
770695543358, 770695558547, 15189
770703132695, 770703143699, 11004
770794377939, 770794386444, 8505
770893310865, 770893317717, 6852
770991908375, 770991916769, 8394
771090688005, 771090696222, 8217
771189543492, 771189551937, 8445
771288357558, 771288365802, 8244
771386916050, 771386930309, 14259
771485871758, 771485880095, 8337
771584761409, 771584769896, 8487
771683492875, 771683500513, 7638
771782283238, 771782290813, 7575
771881164152, 771881171772, 7620
771979883323, 771979890949, 7626
772078652216, 772078659932, 7716
772177279542, 772177285017, 5475
772276226365, 772276233673, 7308
772374866609, 772374872537, 5928
772473832699, 772473839719, 7020
772572643338, 772572652335, 8997
772671448169, 772671455771, 7602
772770014646, 772770037272, 22626
772868961874, 772868969047, 7173
772967755105, 772967762923, 7818
773066657706, 773066665782, 8076
773165386113, 773165393439, 7326
773264172400, 773264179180, 6780
773362983145, 773362991512, 8367
773461767226, 773461775065, 7839
773560585126, 773560592173, 7047
773659114370, 773659129256, 14886
773758136101, 773758143040, 6939
773765668819, 773765674489, 5670
773856956914, 773856964648, 7734
773955649613, 773955657809, 8196
774054513536, 774054520382, 6846
774153084682, 774153099220, 14538
774252077791, 774252088093, 10302
774350841091, 774350850028, 8937
774449662950, 774449671083, 8133
774548590033, 774548599150, 9117
774647246216, 774647253749, 7533
774746242639, 774746251588, 8949
774844775985, 774844786815, 10830
774943781960, 774943795187, 13227
775042428875, 775042436195, 7320
775141194343, 775141200757, 6414
775240042554, 775240049355, 6801
775338802487, 775338817973, 15486
775437394399, 775437414664, 20265
775536390779, 775536398978, 8199
775636067360, 775636074857, 7497
775733931862, 775733940121, 8259
775832859596, 775832866367, 6771
775931515386, 775931523477, 8091
776030341202, 776030348531, 7329
776132566188, 776132579070, 12882
776227700732, 776227707104, 6372
776326672846, 776326680400, 7554
776425490609, 776425497785, 7176
776524263690, 776524271616, 7926
776633865340, 776633893615, 28275
776721852043, 776721859507, 7464
776820643701, 776820651681, 7980
776828216184, 776828223177, 6993
776919261786, 776919276699, 14913
777018254045, 777018260753, 6708
777117056787, 777117064782, 7995
777215816556, 777215823849, 7293
777314604783, 777314612286, 7503
777413399626, 777413406631, 7005
777512243668, 777512250349, 6681
777611105712, 777611114628, 8916
777709812518, 777709821086, 8568
777808552846, 777808559911, 7065
777907462798, 777907472740, 9942
778006163097, 778006170177, 7080
778105089922, 778105098067, 8145
778203809725, 778203817654, 7929
778302366175, 778302381712, 15537
778401116200, 778401217143, 100943
778485982757, 778485989891, 7134
778507696672, 778507705624, 8952
778584811724, 778584822326, 10602
778606477550, 778606488659, 11109
778683757952, 778683772037, 14085
778705264084, 778705270180, 6096
778782544503, 778782558861, 14358
778804057618, 778804063645, 6027
778881531288, 778881544221, 12933
778902918881, 778902931841, 12960
778980134662, 778980147877, 13215
779001639013, 779001644989, 5976
779079122818, 779079138319, 15501
779100427410, 779100538703, 111293
779178007976, 779178022022, 14046
779199232218, 779199239082, 6864
779276735239, 779276750719, 15480
779298030658, 779298040627, 9969
779375314566, 779375328348, 13782
779396805372, 779396812380, 7008
779474076642, 779474090883, 14241
779495595645, 779495603421, 7776
779572605653, 779572621061, 15408
779594406799, 779594417080, 10281
779672111871, 779672150820, 38949
779693182137, 779693188101, 5964
779770627272, 779770642916, 15644
779791976901, 779791984965, 8064
779869575286, 779869589317, 14031
779890761975, 779890768998, 7023
779967781515, 779967795360, 13845
779989554223, 779989560754, 6531
780067026964, 780067040884, 13920
780088343981, 780088349045, 5064
780165633904, 780165647860, 13956
780187143275, 780187150298, 7023
780264390413, 780264404318, 13905
780285929275, 780285935815, 6540
780363216705, 780363230928, 14223
780384725431, 780384732214, 6783
780461992069, 780462006292, 14223
780483539856, 780483551712, 11856
780560819487, 780560832657, 13170
780582350566, 780582356953, 6387
780659590580, 780659604443, 13863
780681099202, 780681106591, 7389
780758569892, 780758582363, 12471
780779888626, 780779894554, 5928
780856818935, 780856833113, 14178
780878680942, 780878688025, 7083
780955831743, 780955845732, 13989
780977512131, 780977524731, 12600
781054794014, 781054806851, 12837
781076278983, 781076291415, 12432
781153546257, 781153551717, 5460
781175055885, 781175063037, 7152
781252426311, 781252442411, 16100
781273847026, 781273854580, 7554
781351186676, 781351198406, 11730
781372646768, 781372652861, 6093
781449922967, 781449937160, 14193
781471433126, 781471439504, 6378
781548677514, 781548690696, 13182
781570222991, 781570231097, 8106
781647756003, 781647770199, 14196
781669023249, 781669030527, 7278
781746658865, 781746672956, 14091
781767812277, 781767818574, 6297
781845016003, 781845030463, 14460
781866617014, 781866622717, 5703
781943884953, 781943899170, 14217
781965391708, 781965399673, 7965
782042666360, 782042680712, 14352
782064202099, 782064211195, 9096
782141461672, 782141475559, 13887
782162976413, 782162982983, 6570
782240056643, 782240066732, 10089
782261765998, 782261773609, 7611
782339087147, 782339100587, 13440
782360573814, 782360582466, 8652
782437825816, 782437840111, 14295
782459371105, 782459380357, 9252
782536632753, 782536645881, 13128
782558142010, 782558148661, 6651
782635358251, 782635371271, 13020
782656934307, 782656941954, 7647
782734247419, 782734261048, 13629
782755735091, 782755741373, 6282
782833017271, 782833032025, 14754
782854531730, 782854542824, 11094
782931795968, 782931810668, 14700
782953323665, 782953335374, 11709
783030582380, 783030595307, 12927
783052102175, 783052110029, 7854
783129381695, 783129395498, 13803
783150899129, 783150906605, 7476
783228075811, 783228089791, 13980
783249684775, 783249691207, 6432
783326960058, 783326974596, 14538
783348477631, 783348484264, 6633
783425755754, 783425769623, 13869
783447268240, 783447274516, 6276
783524515181, 783524529557, 14376
783546067111, 783546071485, 4374
783623375163, 783623389776, 14613
783644885641, 783644903962, 18321
783722219693, 783722238173, 18480
783743668699, 783743686705, 18006
783821001905, 783821018744, 16839
783842438074, 783842444224, 6150
783919707918, 783919721349, 13431
783941238135, 783941248506, 10371
784018485381, 784018498947, 13566
784040025193, 784040031838, 6645
784117278281, 784117294141, 15860
784138813813, 784138821673, 7860
784216094241, 784216107519, 13278
784237625524, 784237641259, 15735
784314506831, 784314517190, 10359
784336424440, 784336434424, 9984
784413303712, 784413324619, 20907
784435217463, 784435227117, 9654
784511888021, 784511897636, 9615
784611051942, 784611061155, 9213
784632770000, 784632777839, 7839
784709681692, 784709697133, 15441
784731564123, 784731569904, 5781
784808830534, 784808844442, 13908
784830358367, 784830365708, 7341
784907371759, 784907384968, 13209
784929164965, 784929174079, 9114
785005871249, 785005875815, 4566
785027938972, 785027945632, 6660
785104974352, 785104983457, 9105
785126740459, 785126747755, 7296
785203709876, 785203750164, 40288
785225526062, 785225530781, 4719
785302475987, 785302486812, 10825
785324368440, 785324378472, 10032
785401347297, 785401355613, 8316
785423150186, 785423160446, 10260
785500116583, 785500124809, 8226
785521908201, 785521915533, 7332
785598584711, 785598690449, 105738
785620696835, 785620703972, 7137
785712298805, 785712327365, 28560
785810737199, 785810744891, 7692
785909621479, 785909638459, 16980
785917070179, 785917076821, 6642
786008284553, 786008292920, 8367
786015870752, 786015877415, 6663
786106885513, 786106898068, 12555
786205888715, 786205895816, 7101
786304462534, 786304568640, 106106
786389520559, 786389533972, 13413
786411084523, 786411100111, 15588
786488302426, 786488317234, 14808
786509816899, 786509823298, 6399
786586827461, 786586841999, 14538
786608624197, 786608632099, 7902
786685773773, 786685786736, 12963
786707404288, 786707410465, 6177
786784487473, 786784502095, 14622
786806192814, 786806198847, 6033
786883491644, 786883505906, 14262
786904985290, 786904992712, 7422
786982267884, 786982281744, 13860
787003780499, 787003786850, 6351
787081114589, 787081126862, 12273
787102590482, 787102598573, 8091
787179870331, 787179884308, 13977
787201364998, 787201372231, 7233
787278601747, 787278615793, 14046
787300150477, 787300157083, 6606
787377443587, 787377483304, 39717
787398969038, 787398977237, 8199
787476230864, 787476244520, 13656
787497735682, 787497741646, 5964
787575021668, 787575035546, 13878
787596554228, 787596564977, 10749
787673812219, 787673826334, 14115
787695325251, 787695330987, 5736
787772593373, 787772606721, 13348
787794111351, 787794120090, 8739
787871267801, 787871281415, 13614
787892914830, 787892921907, 7077
787969849585, 787969863466, 13881
787991694532, 787991700667, 6135
788069006910, 788069028771, 21861
788090511582, 788090521803, 10221
788167904970, 788167918233, 13263
788189305059, 788189318262, 13203
788266552284, 788266565076, 12792
788288078796, 788288089377, 10581
788365009195, 788365022695, 13500
788386871441, 788386879073, 7632
788464097191, 788464108180, 10989
788485678954, 788485685956, 7002
788562460378, 788562472591, 12213
788584493668, 788584506736, 13068
788661425715, 788661442293, 16578
788683238305, 788683242742, 4437
788760368485, 788760381934, 13449
788782029834, 788782035957, 6123
788859166849, 788859215825, 48976
788880834675, 788880843720, 9045
788957830590, 788957841015, 10425
788979635020, 788979653305, 18285
789056905909, 789056919421, 13512
789155663016, 789155680302, 17286
789177200141, 789177206918, 6777
789254169501, 789254186181, 16680
789276036912, 789276053091, 16179
789352645354, 789352650727, 5373
789374783022, 789374789946, 6924
789452067800, 789452081270, 13470
789473590817, 789473600105, 9288
789550846372, 789550860739, 14367
789572366399, 789572374427, 8028
789649655683, 789649668997, 13314
789671175526, 789671183929, 8403
789748436100, 789748450404, 14304
789769954295, 789769960526, 6231
789847270707, 789847284657, 13950
789868739114, 789868746326, 7212
789946044358, 789946057327, 12969
789967573885, 789967591252, 17367
790044822460, 790044836821, 14361
790066323652, 790066329859, 6207
790143649447, 790143667823, 18376
790165137178, 790165145629, 8451
790242196733, 790242208028, 11295
790263934082, 790263941399, 7317
790341178284, 790341191922, 13638
790362701841, 790362708534, 6693
790439971797, 790439985399, 13602
790461495366, 790461501171, 5805
790538772961, 790538787028, 14067
790560307177, 790560318031, 10854
790637554741, 790637568622, 13881
790659073780, 790659080206, 6426
790736252686, 790736263717, 11031
790757873771, 790757880647, 6876
790835149896, 790835163540, 13644
790856656923, 790856662797, 5874
790933932149, 790933945529, 13380
790955449354, 790955455852, 6498
791032747299, 791032761546, 14247
791054263266, 791054278257, 14991
791131517389, 791131530463, 13074
791153033017, 791153040511, 7494
791229896145, 791229910254, 14109
791251852927, 791251863961, 11034
791328890806, 791328899650, 8844
791350618870, 791350627144, 8274
791427896654, 791427909692, 13038
791449418030, 791449427723, 9693
791526680652, 791526694242, 13590
791548207668, 791548213716, 6048
791625237193, 791625249143, 11950
791647020354, 791647028919, 8565
791724259820, 791724273215, 13395
791745783394, 791745790006, 6612
791823070652, 791823085037, 14385
791844576540, 791844583410, 6870
791921923116, 791921943969, 20853
791943369908, 791943376808, 6900
792020667815, 792020681105, 13290
792042173077, 792042186703, 13626
792119431145, 792119445656, 14511
792140965648, 792140977351, 11703
792218307798, 792218322051, 14253
792239742441, 792239746311, 3870
792316645525, 792316660702, 15177
792338538483, 792338545812, 7329
792415804052, 792415817675, 13623
792437327781, 792437334549, 6768
792514473115, 792514485586, 12471
792536160295, 792536178418, 18123
792613369050, 792613388187, 19137
792634911039, 792634917261, 6222
792711886923, 792711902851, 15928
792733702458, 792733710153, 7695
792810666146, 792810682814, 16668
792832499873, 792832507985, 8112
792909777850, 792909791584, 13734
792931286036, 792931292771, 6735
793008348100, 793008396204, 48104
793030097153, 793030107509, 10356
793107411806, 793107425498, 13692
793128912981, 793128925932, 12951
793206155710, 793206169798, 14088
793227680918, 793227689210, 8292
793304949370, 793304963332, 13962
793326472445, 793326482498, 10053
793403727507, 793403741082, 13575
793425267159, 793425277452, 10293
793502520606, 793502534382, 13776
793524039747, 793524047544, 7797
793601319144, 793601333490, 14346
793622843630, 793622854094, 10464
793700122391, 793700135615, 13224
793721640397, 793721650621, 10224
793798911358, 793798925467, 14109
793820423771, 793820430677, 6906
793897699774, 793897713736, 13962
793919221507, 793919243509, 22002
793996476695, 793996489847, 13152
794017997955, 794018004351, 6396
794095318102, 794095332454, 14352
794116805177, 794116814897, 9720
794194122505, 794194136974, 14469
794215578090, 794215582773, 4683
794292822729, 794292836673, 13944
794314379380, 794314386229, 6849
794391655740, 794391669489, 13749
794413194480, 794413202187, 7707
794490400015, 794490414031, 14016
794511972814, 794511982597, 9783
794589246270, 794589260355, 14085
794610815585, 794610831131, 15546
794688047790, 794688061677, 13887
794709539101, 794709545674, 6573
794786824941, 794786838306, 13365
794808333231, 794808340122, 6891
794885403325, 794885415124, 11799
794907124483, 794907133171, 8688
794984221701, 794984230194, 8493
795005919375, 795005926422, 7047
795083205764, 795083219888, 14124
795104723829, 795104735235, 11406
795181986389, 795182000240, 13851
795203528129, 795203540936, 12807
795280668261, 795280681605, 13344
795302302367, 795302311067, 8700
795379614069, 795379628001, 13932
795401085220, 795401091892, 6672
795478376651, 795478390130, 13479
795499912555, 795499933909, 21354
795577171023, 795577184247, 13224
795598721372, 795598740233, 18861
795675711446, 795675722006, 10560
795697458265, 795697464859, 6594
795774749347, 795774762166, 12819
795796249530, 795796256556, 7026
795873308015, 795873321302, 13287
795895065171, 795895075491, 10320
795972321402, 795972335919, 14517
795993833115, 795993840660, 7545
796071129493, 796071143290, 13797
796092623682, 796092627645, 3963
796169939730, 796169953524, 13794
796191438927, 796191449163, 10236
796268398474, 796268409629, 11155
796290219676, 796290228076, 8400
796367333580, 796367345121, 11541
796389038179, 796389057643, 19464
796466214442, 796466227642, 13200
796487819257, 796487840617, 21360
796565097538, 796565110057, 12519
796586584508, 796586591198, 6690
796663534069, 796663547593, 13524
796685398771, 796685410861, 12090
796762636039, 796762648540, 12501
796784168432, 796784175749, 7317
796861436373, 796861450134, 13761
796882964438, 796882971641, 7203
796960536275, 796960548269, 11994
796981771021, 796981779658, 8637
797059012391, 797059025846, 13455
797080563557, 797080574390, 10833
797157804820, 797157817891, 13071
797179333811, 797179341560, 7749
797256604328, 797256618050, 13722
797278127076, 797278134519, 7443
797355340886, 797355362420, 21534
797376939744, 797376949560, 9816
797454153570, 797454166671, 13101
797475728675, 797475738653, 9978
797552993507, 797553007007, 13500
797574536311, 797574548905, 12594
797651440463, 797651454800, 14337
797673294578, 797673301457, 6879
797750564461, 797750577526, 13065
797772128986, 797772143764, 14778
797849358092, 797849370953, 12861
797870876923, 797870881159, 4236
797948163774, 797948176656, 12882
797969671439, 797969677988, 6549
798046947168, 798046960500, 13332
798068461802, 798068467688, 5886
798145844410, 798145862110, 17700
798167272975, 798167280643, 7668
798244293733, 798244301974, 8241
798343323813, 798343337853, 14040
798364859891, 798364871222, 11331
798441761851, 798441770941, 9090
798463657223, 798463666853, 9630
798540667624, 798540674497, 6873
798562461452, 798562477934, 16482
798639681068, 798639694667, 13599
798661235871, 798661245762, 9891
798738539371, 798738558667, 19296
798760008915, 798760016157, 7242
798837273187, 798837287980, 14793
798858805128, 798858812463, 7335
798936058524, 798936072168, 13644
798957601966, 798957612727, 10761
799034850186, 799034864745, 14559
799056489034, 799056498115, 9081
799133663681, 799133676452, 12771
799155173071, 799155179032, 5961
799232504516, 799232522201, 17685
799253965448, 799253972960, 7512
799330976863, 799330991971, 15108
799352755212, 799352762385, 7173
799429988202, 799430001753, 13551
799451560545, 799451571951, 11406
799528716147, 799528734429, 18282
799550343008, 799550346221, 3213
799627664759, 799627678778, 14019
799649156844, 799649166675, 9831
799726407170, 799726421306, 14136
799747925221, 799747931110, 5889
799824943366, 799824956794, 13428
799846732161, 799846740267, 8106
799923901302, 799923915069, 13767
799945538127, 799945552497, 14370
800022755968, 800022769348, 13380
800044300028, 800044306523, 6495
800121371563, 800121382579, 11016
800143114865, 800143124825, 9960
800220246591, 800220254058, 7467
800241881973, 800241889068, 7095
800318978410, 800318991091, 12681
800340689561, 800340698921, 9360
800418048560, 800418062228, 13668
800439465109, 800439471955, 6846
800516760989, 800516774177, 13188
800538258549, 800538266004, 7455
800615560092, 800615582139, 22047
800637049589, 800637056267, 6678
800714322114, 800714334513, 12399
800735843618, 800735850125, 6507
800812997181, 800813011596, 14415
800834659222, 800834667610, 8388
800911915701, 800911930005, 14304
800933494629, 800933525406, 30777
801010714933, 801010727239, 12306
801032226613, 801032233315, 6702
801109506503, 801109519775, 13272
801131054842, 801131073361, 18519
801208284731, 801208298318, 13587
801229866843, 801229886328, 19485
801307086423, 801307100178, 13755
801328591651, 801328596400, 4749
801405546269, 801405559196, 12927
801427404227, 801427415801, 11574
801504658637, 801504672491, 13854
801526181822, 801526188017, 6195
801603463043, 801603475670, 12627
801624980384, 801624988190, 7806
801701977704, 801701988459, 10755
801723798459, 801723807195, 8736
801801050497, 801801063877, 13380
801822552135, 801822558978, 6843
801899940990, 801899964657, 23667
801921404385, 801921423243, 18858
801998710837, 801998727619, 16782
802020152716, 802020160543, 7827
802097419965, 802097433636, 13671
802118938282, 802118945845, 7563
802196279037, 802196291463, 12426
802217741088, 802217753559, 12471
802295068624, 802295081653, 13029
802316517899, 802316525015, 7116
802393799032, 802393812019, 12987
802415319652, 802415331358, 11706
802492586594, 802492600601, 14007
802514102557, 802514110027, 7470
802591393371, 802591407099, 13728
802612898202, 802612905516, 7314
802689853491, 802689862646, 9155
802711683930, 802711691823, 7893
802788928110, 802788941319, 13209
802810476435, 802810482924, 6489
802887752880, 802887766884, 14004
802909269488, 802909276796, 7308
802986553032, 802986567432, 14400
803008076144, 803008083905, 7761
803085329816, 803085346551, 16735
803106855354, 803106863762, 8408
803184165721, 803184180559, 14838
803205640084, 803205646459, 6375
803282955713, 803282968421, 12708
803304429345, 803304435546, 6201
803381721537, 803381734698, 13161
803403239177, 803403249629, 10452
803480466879, 803480480874, 13995
803502027630, 803502037719, 10089
803579305973, 803579321186, 15213
803600810820, 803600818917, 8097
803678099688, 803678113509, 13821
803699620742, 803699630135, 9393
803776878304, 803776891555, 13251
803798395197, 803798402856, 7659
803876022841, 803876033989, 11148
803897188343, 803897194370, 6027
803974378764, 803974390215, 11451
803995979365, 803995986478, 7113
804073243081, 804073262296, 19215
804094772847, 804094780368, 7521
804171920578, 804171940960, 20382
804193558225, 804193565038, 6813
804270916771, 804270924331, 7560
804292354996, 804292361449, 6453
804369660794, 804369673634, 12840
804391145536, 804391153300, 7764
804468484552, 804468503824, 19272
804489942322, 804489948703, 6381
804567229295, 804567243965, 14670
804588726913, 804588732670, 5757
804666038811, 804666052233, 13422
804687514895, 804687522359, 7464
804764820405, 804764834121, 13716
804786320118, 804786328050, 7932
804863598599, 804863611505, 12906
804885109509, 804885116193, 6684
804962428701, 804962442489, 13788
804983911275, 804983920062, 8787
805061183487, 805061196993, 13506
805082709891, 805082718381, 8490
805159976933, 805159990256, 13323
805181481061, 805181488504, 7443
805258559731, 805258569100, 9369
805280267855, 805280274257, 6402
805357377564, 805357387971, 10407
805379082475, 805379092504, 10029
805456337074, 805456351078, 14004
805477866208, 805477872817, 6609
805555046617, 805555064707, 18090
805576667963, 805576689599, 21636
805653934906, 805653949111, 14205
805675434243, 805675440990, 6747
805752712889, 805752726719, 13830
805774257971, 805774277921, 19950
805851127515, 805851134295, 6780
805873018930, 805873025953, 7023
805950294692, 805950307547, 12855
805971809735, 805971817277, 7542
806049072671, 806049085967, 13296
806070620183, 806070633653, 13470
806147870957, 806147884592, 13635
806169396368, 806169402764, 6396
806246439052, 806246452717, 13665
806268194451, 806268204756, 10305
806344842384, 806344850514, 8130
806367012613, 806367025120, 12507
806444277952, 806444291197, 13245
806465786862, 806465795676, 8814
806543031322, 806543043922, 12600
806564564911, 806564572609, 7698
806641823519, 806641837877, 14358
806663358229, 806663364463, 6234
806740633240, 806740646413, 13173
806762149128, 806762156055, 6927
806839426352, 806839439561, 13209
806860941662, 806860947614, 5952
806937887082, 806937904437, 17355
806959746183, 806959754796, 8613
807037020075, 807037034442, 14367
807058526808, 807058533519, 6711
807135540285, 807135550110, 9825
807157355541, 807157372251, 16710
807234831887, 807234846302, 14415
807256107820, 807256115017, 7197
807333431801, 807333459131, 27330
807354957279, 807354975693, 18414
807432228124, 807432241255, 13131
807531023948, 807531036905, 12957
807552482346, 807552488883, 6537
807629775757, 807629789368, 13611
807651296624, 807651316499, 19875
807728540699, 807728554673, 13974
807750063190, 807750069910, 6720
807827477937, 807827492469, 14532
807848874642, 807848882136, 7494
807925993978, 807926006923, 12945
807947648120, 807947655527, 7407
808024918595, 808024931150, 12555
808046439069, 808046446152, 7083
808123386422, 808123400093, 13671
808145236465, 808145243560, 7095
808222234520, 808222248860, 14340
808244046788, 808244053973, 7185
808321061977, 808321074799, 12822
808342814240, 808342820921, 6681
808420084998, 808420098798, 13800
808441605307, 808441612915, 7608
808518901453, 808518914641, 13188
808540398001, 808540404499, 6498
808617685021, 808617699028, 14007
808639209111, 808639228749, 19638
808716477362, 808716491234, 13872
808737981430, 808737988519, 7089
808814790800, 808814836392, 45592
808836775456, 808836778882, 3426
808914118476, 808914132225, 13749
808935565575, 808935571968, 6393
809012863016, 809012876876, 13860
809034359388, 809034366099, 6711
809111638860, 809111651520, 12660
809133168631, 809133181702, 13071
809210457768, 809210471508, 13740
809231940689, 809231947997, 7308
809309192698, 809309205673, 12975
809330738069, 809330745944, 7875
809408016686, 809408030570, 13884
809429553819, 809429561913, 8094
809506796288, 809506808798, 12510
809528340147, 809528348064, 7917
809605605287, 809605619360, 14073
809627116637, 809627125298, 8661
809704106128, 809704114828, 8700
809725921446, 809725929594, 8148
809802567133, 809802663403, 96270
809824694161, 809824702135, 7974
809915983549, 809915991616, 8067
810014514161, 810014520695, 6534
810113532283, 810113544427, 12144
810212293150, 810212302816, 9666
810311119839, 810311127600, 7761
810409872246, 810409879260, 7014
810508678843, 810508687000, 8157
810607460910, 810607470042, 9132
810706246429, 810706260937, 14508
810805083721, 810805091611, 7890
810903842743, 810903853483, 10740
811002668328, 811002677181, 8853
811101454765, 811101463093, 8328
811200276997, 811200294199, 17202
811299011125, 811299020209, 9084
811397674285, 811397698879, 24594
811496627477, 811496636429, 8952
811595220683, 811595242808, 22125
811694215421, 811694222885, 7464
811793003539, 811793011204, 7665
811891767907, 811891781410, 13503
811990671592, 811990678582, 6990
812089380583, 812089392121, 11538
812188160071, 812188169695, 9624
812286941362, 812286948226, 6864
812385776923, 812385785278, 8355
812484508346, 812484515666, 7320
812583336850, 812583344422, 7572
812681906809, 812681920810, 14001
812780904558, 812780919513, 14955
812879663840, 812879671436, 7596
812981279645, 812981294141, 14496
813077291631, 813077299986, 8355
813176092066, 813176099296, 7230
813274880901, 813274889307, 8406
813373644412, 813373651399, 6987
813472468627, 813472476088, 7461
813571043805, 813571063479, 19674
813670157097, 813670163577, 6480
813768812138, 813768820379, 8241
813867609043, 813867618871, 9828
813966404488, 813966411121, 6633
814065185515, 814065193156, 7641
814163989039, 814163997587, 8548
814262620828, 814262627428, 6600
814361592063, 814361599800, 7737
814460376755, 814460384678, 7923
814559140176, 814559148558, 8382
814657956210, 814657966836, 10626
814757640511, 814757672200, 31689
814855521831, 814855530513, 8682
814954345433, 814954353347, 7914
815053129327, 815053137562, 8235
815151901055, 815151911261, 10206
815250857720, 815250870035, 12315
815349678958, 815349692539, 13581
815448317331, 815448325221, 7890
815546893281, 815546915442, 22161
815645780418, 815645787972, 7554
815744706749, 815744715797, 9048
815843407048, 815843414611, 7563
815942231051, 815942239037, 7986
816041294367, 816041312763, 18396
816140004547, 816140011768, 7221
816238607647, 816238616821, 9174
816337380400, 816337387918, 7518
816436203478, 816436212133, 8655
816535000165, 816535007578, 7413
816633755591, 816633761987, 6396
816641403083, 816641420918, 17835
816732625513, 816732632572, 7059
816831311584, 816831322720, 11136
816930173632, 816930181555, 7923
817028798133, 817028804976, 6843
817127789548, 817127799238, 9690
817226578130, 817226588546, 10416
817325342940, 817325351937, 8997
817424135643, 817424143206, 7563
817522701317, 817522714595, 13278
817621682768, 817621692335, 9567
817720501257, 817720507881, 6624
817819302566, 817819309325, 6759
817918914941, 817918942301, 27360
818016891877, 818016901480, 9603
818115829565, 818115837017, 7452
818214444069, 818214451272, 7203
818313229965, 818313237261, 7296
818412051085, 818412058216, 7131
818510808188, 818510814716, 6528
818609642489, 818609651681, 9192
818708433004, 818708441287, 8283
818807222434, 818807229874, 7440
818905965300, 818905971768, 6468
819004773231, 819004780221, 6990
819103557421, 819103564915, 7494
819202374765, 819202385667, 10902
819308491929, 819308508987, 17058
819399765824, 819399778292, 12468
819498746478, 819498753822, 7344
819597522370, 819597529492, 7122
819696289859, 819696295913, 6054
819795194614, 819795200836, 6222
819893924794, 819893932198, 7404
819992769904, 819992776963, 7059
820091515014, 820091523213, 8199
820190261867, 820190269625, 7758
820289147421, 820289157102, 9681
820387887908, 820387895696, 7788
820486749783, 820486763985, 14202
820585536203, 820585549190, 12987
820684235901, 820684243485, 7584
820783089485, 820783099130, 9645
820881953432, 820881965702, 12270
820981481974, 820981491487, 9513
821079429850, 821079438103, 8253
821178291110, 821178300236, 9126
821277027615, 821277034605, 6990
821375609282, 821375626142, 16860
821474598894, 821474606766, 7872
821573392136, 821573400647, 8511
821672203354, 821672210209, 6855
821770907096, 821770917842, 10746
821869729325, 821869737494, 8169
821968558678, 821968569583, 10905
822067346472, 822067355169, 8697
822166096355, 822166104560, 8205
822264929671, 822264938053, 8382
822363719413, 822363728578, 9165
822462511544, 822462518054, 6510
822561304991, 822561313805, 8814
822660094707, 822660104112, 9405
822758850222, 822758856675, 6453
822766436331, 822766443117, 6786
822857770763, 822857783252, 12489
822956446166, 822956454827, 8661
823055221983, 823055227830, 5847
823154053290, 823154063253, 9963
823252767521, 823252774196, 6675
823351442420, 823351456985, 14565
823450433739, 823450442751, 9012
823549222988, 823549230272, 7284
823648000950, 823648010421, 9471
823746799578, 823746807648, 8070
823845686039, 823845697421, 11382
823944439571, 823944446654, 7083
824043128375, 824043135677, 7302
824141951134, 824141960971, 9837
824240732358, 824240738664, 6306
824339659583, 824339670944, 11361
824438312042, 824438321504, 9462
824537009379, 824537016654, 7275
824635906645, 824635920160, 13515
824734721926, 824734729147, 7221
824833825869, 824833837173, 11304
824932270312, 824932277587, 7275
825031012209, 825031019610, 7401
825129916026, 825129923529, 7503
825228684965, 825228693647, 8682
825327286145, 825327306659, 20514
825426316816, 825426326080, 9264
825525005326, 825525012850, 7524
825623804932, 825623813350, 8418
825722641818, 825722649462, 7644
825821415854, 825821424246, 8392
825920190259, 825920199250, 8991
826019023547, 826019030516, 6969
826117783411, 826117790740, 7329
826216593331, 826216601590, 8259
826315402388, 826315410134, 7746
826414137838, 826414144954, 7116
826512938681, 826512945629, 6948
826611724221, 826611731760, 7539
826710564633, 826710571962, 7329
826809377185, 826809384421, 7236
826908115917, 826908123381, 7464
827006721476, 827006735279, 13803
827105754336, 827105761912, 7576
827204470603, 827204478787, 8184
827314193630, 827314278385, 84755
827409648360, 827409654726, 6366
827501163681, 827501171532, 7851
827599681269, 827599688481, 7212
827698516346, 827698524089, 7743
827797280863, 827797288201, 7338
827896037064, 827896043670, 6606
827994628316, 827994637211, 8895
828093471128, 828093476942, 5814
828192214456, 828192223621, 9165
828291567335, 828291579071, 11736
828389978107, 828389985031, 6924
828488647661, 828488653460, 5799
828587416041, 828587438655, 22614
828686370958, 828686378743, 7785
828785198187, 828785206023, 7836
828883994088, 828884001393, 7305
828982811521, 828982819609, 8088
829081746197, 829081757042, 10845
829180317168, 829180323888, 6720
829279154130, 829279161522, 7392
829377920165, 829377927191, 7026
829476713283, 829476721605, 8322
829575540158, 829575548204, 8046
829674353885, 829674361310, 7425
829773257717, 829773280061, 22344
829871902412, 829871909468, 7056
829970533506, 829970541561, 8055
830069532862, 830069542333, 9471
830168263848, 830168271750, 7902
830267029686, 830267036352, 6666
830365663458, 830365676772, 13314
830464626358, 830464633234, 6876
830563476634, 830563483726, 7092
830662255927, 830662263214, 7287
830761023394, 830761033630, 10236
830859798039, 830859805560, 7521
830958620797, 830958629206, 8409
831057432615, 831057439536, 6921
831156177465, 831156184713, 7248
831254971736, 831254978951, 7215
831353785910, 831353791757, 5847
831452528419, 831452535787, 7368
831551358361, 831551366518, 8157
831650162517, 831650177136, 14619
831748742374, 831748750159, 7785
831847537476, 831847557402, 19926
831946573230, 831946580391, 7161
831954067929, 831954074181, 6252
832045260727, 832045267825, 7098
832144193835, 832144201956, 8121
832242999317, 832243006751, 7434
832341709855, 832341716692, 6837
832440497901, 832440505824, 7923
832539340629, 832539348306, 7677
832638106887, 832638114729, 7842
832736849802, 832736856114, 6312
832835665420, 832835673022, 7602
832934443459, 832934449534, 6075
833033196784, 833033204263, 7479
833132035692, 833132043621, 7929
833230628215, 833230648738, 20523
833329587594, 833329601055, 13461
833428373462, 833428380251, 6789
833527204569, 833527211796, 7227
833625994574, 833626002014, 7440
833724784891, 833724791560, 6669
833823544412, 833823551588, 7176
833922366930, 833922374142, 7212
834021127793, 834021134420, 6627
834119967665, 834119974226, 6561
834218733429, 834218742042, 8613
834317545915, 834317552323, 6408
834416334549, 834416341980, 7431
834514920893, 834514943711, 22818
834613930442, 834613937987, 7545
834712706755, 834712714543, 7788
834811512996, 834811520346, 7350
834910311381, 834910317990, 6609
835009179451, 835009187719, 8268
835016626717, 835016633077, 6360
835107880688, 835107888407, 7719
835206608808, 835206615906, 7098
835305425416, 835305432295, 6879
835404277697, 835404285305, 7608
835502937175, 835502945386, 8211
835601806901, 835601813483, 6582
835700631904, 835700638402, 6498
835799434827, 835799442021, 7194
835897998556, 835898017258, 18702
835996997678, 835997004719, 7041
836095653799, 836095661965, 8166
836194542675, 836194551663, 8988
836293342088, 836293349300, 7212
836392154834, 836392162076, 7242
836490916384, 836490923401, 7017
836589753111, 836589761661, 8550
836688498233, 836688505613, 7380
836787335955, 836787344169, 8214
836886117146, 836886124868, 7722
836984918578, 836984925781, 7203
837083678654, 837083688917, 10263
837182423326, 837182430004, 6678
837281301183, 837281308851, 7668
837379880246, 837379898720, 18474
837478876572, 837478883985, 7413
837577675605, 837577681734, 6129
837676449039, 837676457112, 8073
837775174732, 837775182529, 7797
837873977663, 837873984773, 7110
837972846457, 837972854455, 7998
838071651203, 838071659207, 8004
838170550815, 838170570438, 19623
838268969499, 838268975376, 5877
838368005369, 838368011528, 6159
838466855723, 838466863358, 7635
838565388687, 838565410302, 21615
838664407605, 838664416249, 8644
838763157547, 838763165881, 8334
838861993595, 838862002787, 9192
838960750934, 838960757768, 6834
839059547939, 839059556063, 8124
839158366932, 839158374561, 7629
839257157221, 839257172686, 15465
839355981103, 839355991219, 10116
839454716679, 839454724236, 7557
839553653225, 839553668864, 15639
839652266044, 839652274474, 8430
839751151757, 839751158900, 7143
839849842619, 839849849912, 7293
839948633750, 839948641358, 7608
840047346866, 840047353340, 6474
840146213993, 840146221235, 7242
840245053906, 840245061934, 8028
840343636840, 840343649692, 12852
840442615829, 840442623620, 7791
840541445260, 840541452712, 7452
840640221420, 840640229115, 7695
840739012221, 840739019808, 7587
840837805937, 840837813080, 7143
840936616815, 840936623103, 6288
841035386817, 841035394722, 7905
841134368105, 841134390422, 22317
841141743278, 841141752167, 8889
841232790754, 841232796376, 5622
841331744014, 841331750716, 6702
841430513476, 841430521099, 7623
841529345963, 841529354501, 8538
841628102460, 841628109645, 7185
841726901408, 841726910429, 9021
841825685846, 841825693337, 7491
841924714729, 841924729864, 15135
842023302975, 842023311264, 8289
842122104567, 842122111206, 6639
842220951460, 842220967903, 16443
842319626561, 842319636641, 10080
842418520270, 842418533836, 13566
842517065584, 842517085372, 19788
842616036728, 842616044543, 7815
842714931465, 842714959419, 27954
842813642408, 842813652953, 10545
842912422347, 842912429502, 7155
843011216910, 843011225115, 8205
843109976655, 843109983342, 6687
843208895796, 843208909527, 13731
843307601700, 843307609005, 7305
843407082262, 843407092384, 10122
843505128240, 843505136499, 8259
843603978151, 843603985522, 7371
843702807230, 843702820286, 13056
843801507019, 843801514828, 7809
843900354058, 843900361645, 7587
843999194271, 843999202833, 8562
844097882477, 844097891558, 9081
844196734180, 844196741713, 7533
844295499997, 844295506885, 6888
844394314533, 844394322348, 7815
844493192038, 844493199991, 7953
844591846661, 844591854266, 7605
844690646041, 844690653250, 7209
844789371474, 844789395210, 23736
844888268332, 844888275553, 7221
844987062312, 844987070103, 7791
845085856643, 845085863750, 7107
845184616889, 845184624230, 7341
845283403987, 845283412903, 8916
845382277345, 845382284815, 7470
845480990445, 845480997747, 7302
845579873736, 845579888118, 14382
845678610433, 845678620270, 9837
845777401119, 845777408466, 7347
845876226091, 845876233564, 7473
845974984836, 845974994058, 9222
846073775825, 846073789154, 13329
845883730300, 845883743425, 13125
845961005873, 845961020801, 14928
845982507948, 845982515265, 7317
846059613461, 846059624600, 11139
846081310214, 846081320204, 9990
846158588866, 846158603071, 14205
846180092470, 846180099289, 6819
846256913738, 846256925612, 11874
846278883448, 846278890015, 6567
846355974068, 846355987871, 13803
846377696562, 846377706051, 9489
846454915527, 846454928370, 12843
846476468924, 846476475764, 6840
846553761596, 846553778399, 16803
846575280172, 846575288101, 7929
846652796659, 846652811362, 14703
846674070366, 846674079450, 9084
846751345782, 846751360119, 14337
846772853725, 846772860352, 6627
846850125571, 846850140175, 14604
846871658602, 846871668919, 10317
846948921260, 846948934811, 13551
846970424622, 846970431084, 6462
847047346401, 847047360363, 13962
847069221838, 847069228591, 6753
847146504638, 847146519188, 14550
847168040349, 847168050414, 10065
847245290544, 847245304098, 13554
847344080266, 847344093943, 13677
847365594337, 847365601906, 7569
847442888595, 847442903634, 15039
847464429431, 847464443705, 14274
847541659092, 847541672880, 13788
847563178974, 847563185505, 6531
847640466476, 847640480408, 13932
847661982409, 847661990125, 7716
847739255460, 847739269179, 13719
847760787936, 847760806698, 18762
847838044818, 847838057862, 13044
847859553997, 847859560894, 6897
847936829590, 847936843651, 14061
847958346671, 847958356250, 9579
848035639182, 848035653195, 14013
848057137351, 848057143792, 6441
848134418471, 848134432430, 13959
848155949143, 848155959583, 10440
848233601649, 848233614960, 13311
848254746058, 848254754488, 8430
848332000126, 848332014664, 14538
848353512215, 848353519526, 7311
848430789346, 848430802441, 13095
848452344993, 848452363365, 18372
848529711049, 848529731941, 20892
848551095375, 848551103190, 7815
848628373458, 848628387552, 14094
848649888113, 848649895397, 7284
848727163382, 848727177389, 14007
848748731657, 848748752459, 20802
848825978607, 848825992146, 13539
848847478338, 848847486141, 7803
848924744964, 848924758785, 13821
848946305683, 848946319579, 13896
849023547921, 849023562597, 14676
849045086328, 849045095853, 9525
849122160446, 849122176126, 15680
849143846273, 849143852156, 5883
849220719105, 849220732653, 13548
849242637706, 849242644771, 7065
849319906443, 849319920267, 13824
849341433093, 849341439054, 5961
849418722192, 849418735608, 13416
849440225014, 849440231233, 6219
849517590570, 849517607382, 16812
849539036474, 849539046074, 9600
849616341521, 849616363118, 21597
849637808975, 849637815257, 6282
849715069716, 849715083999, 14283
849736602806, 849736608827, 6021
849813924255, 849813938286, 14031
849835392460, 849835401178, 8718
849912681216, 849912694323, 13107
849934182176, 849934189508, 7332
850011290672, 850011303875, 13203
850032972294, 850032976581, 4287
850110235778, 850110261413, 25635
850131777017, 850131785180, 8163
850208983638, 850208997384, 13746
850230557492, 850230564548, 7056
850307493822, 850307508645, 14823
850329353007, 850329359445, 6438
850406625071, 850406638028, 12957
850428141832, 850428149362, 7530
850505044091, 850505059256, 15165
850526972428, 850526984056, 11628
850603623257, 850603697432, 74175
850625725512, 850625732760, 7248
850716756737, 850716770546, 13809
850815958692, 850815972360, 13668
850914446087, 850914459521, 13434
851013331079, 851013339251, 8172
851112176031, 851112183279, 7248
851210944342, 851210951806, 7464
851309505834, 851309518335, 12501
851408718355, 851408726965, 8610
851507116703, 851507121767, 5064
851606060527, 851606067412, 6885
851704864935, 851704872261, 7326
851804690462, 851804700383, 9921
851902441037, 851902448288, 7251
852001335948, 852001343271, 7323
852100031768, 852100038527, 6759
852206435738, 852206441885, 6147
852297449850, 852297469911, 20061
852396409841, 852396416597, 6756
852495212883, 852495227088, 14205
852593961492, 852593968332, 6840
852692853602, 852692861470, 7868
852791569198, 852791576263, 7065
852891708907, 852891716110, 7203
852989129396, 852989137295, 7899
853087961267, 853087968791, 7524
853187137548, 853187144496, 6948
853286373536, 853286399309, 25773
853384544840, 853384553084, 8244
853483011283, 853483021858, 10575
853581840821, 853581853067, 12246
853680501409, 853680563873, 62464
853765335492, 853765344216, 8724
853787066613, 853787072385, 5772
853864198328, 853864209168, 10840
853885869358, 853885880014, 10656
853963166953, 853963180030, 13077
853984648236, 853984656696, 8460
854061743992, 854061757264, 13272
854083443535, 854083449619, 6084
854160513165, 854160527742, 14577
854182233572, 854182240409, 6837
854259328876, 854259341416, 12540
854281026230, 854281032320, 6090
854358051882, 854358064569, 12687
854379814125, 854379820086, 5961
854456813380, 854456825866, 12486
854478605756, 854478612176, 6420
854556155557, 854556170719, 15162
854577419443, 854577446059, 26616
854654771965, 854654785390, 13425
854676202993, 854676213487, 10494
854753292711, 854753304630, 11919
854775000173, 854775008429, 8256
854852278802, 854852293469, 14667
854873773933, 854873870446, 96513
854951256008, 854951269058, 13050
854972564897, 854972572472, 7575
855049863024, 855049877427, 14403
855071774837, 855071798612, 23775
855148639775, 855148652993, 13218
855170157703, 855170165593, 7890
855247644601, 855247659922, 15321
855268958425, 855268969945, 11520
855346380916, 855346393792, 12876
855367749616, 855367759072, 9456
855445008157, 855445022368, 14211
855466525736, 855466533233, 7497
855543802816, 855543816829, 14013
855565340851, 855565350322, 9471
855642611399, 855642624950, 13551
855664109013, 855664115442, 6429
855741735194, 855741750407, 15213
855762921006, 855762932880, 11874
855839756108, 855839768747, 12639
855861712103, 855861728738, 16635
855938963300, 855938977248, 13948
855960510292, 855960519196, 8904
856038061014, 856038074277, 13263
856059277237, 856059284410, 7173
856136381715, 856136393589, 11874
856158081538, 856158089203, 7665
856235447071, 856235459311, 12240
856256866263, 856256872794, 6531
856334164663, 856334179129, 14466
856355671935, 856355680794, 8859
856433047077, 856433059905, 12828
856454460878, 856454631068, 170190
856531309091, 856531317908, 8817
856553293952, 856553303012, 9060
856630529013, 856630541982, 12969
856652028399, 856652036499, 8100
856729087709, 856729094510, 6801
856750846798, 856750856689, 9891
856827670749, 856827681129, 10380
856849616086, 856849624423, 8337
856926878008, 856926891256, 13248
856948403658, 856948410093, 6435
857025644582, 857025658475, 13893
857047219026, 857047233192, 14166
857124478243, 857124498376, 20133
857145990211, 857145996901, 6690
857222940151, 857222947678, 7527
857244832702, 857244852643, 19941
857321806420, 857321812555, 6135
857343592264, 857343600367, 8103
857420574452, 857420585798, 11346
857442397873, 857442411247, 13374
857519502972, 857519523786, 20814
857541180668, 857541192173, 11505
857618305958, 857618313401, 7443
857639948155, 857639954311, 6156
857716977267, 857716991400, 14133
857738754552, 857738765244, 10692
857815737736, 857815749622, 11886
857837548406, 857837557643, 9237
857914837736, 857914851935, 14199
857936322069, 857936329098, 7029
858013460117, 858013480481, 20364
858035203705, 858035225491, 21786
858112481697, 858112494888, 13191
858133922676, 858133931097, 8421
858211221528, 858211235457, 13929
858232721516, 858232731440, 9924
858309980059, 858309993403, 13344
858331495042, 858331498924, 3882
858408775541, 858408790064, 14523
858430280673, 858430287213, 6540
858507571467, 858507584802, 13335
858529096714, 858529105708, 8994
858606367951, 858606382015, 14064
858627864980, 858627872495, 7515
858705155642, 858705169994, 14352
858726657455, 858726664682, 7227
858803890495, 858803904439, 13944
858825454067, 858825461030, 6963
858902454909, 858902469342, 14433
858924243033, 858924250419, 7386
859001564071, 859001579695, 15624
859023051789, 859023070866, 19077
859100313769, 859100327533, 13764
859121852260, 859121872894, 20634
859199053571, 859199066813, 13242
859220621379, 859220628087, 6708
859297468173, 859297483527, 15354
859319407408, 859319414170, 6762
859396704162, 859396716414, 12252
859418198851, 859418204788, 5937
859495622107, 859495644952, 22845
859594275436, 859594288216, 12780
859615798753, 859615809388, 10635
859693080517, 859693093174, 12657
859714588537, 859714598617, 10080
859791905415, 859791919644, 14229
859813369796, 859813376327, 6531
859890660418, 859890674305, 13887
859912158245, 859912165133, 6888
859988817129, 859988822508, 5379
860010964922, 860010973154, 8232
860087953006, 860087961856, 8850
860109761428, 860109770401, 8973
860186762945, 860186773455, 10510
860208539503, 860208546448, 6945
860285838700, 860285853007, 14307
860307329533, 860307336400, 6867
860384147710, 860384157262, 9552
860406118541, 860406125666, 7125
860483421462, 860483435082, 13620
860504906187, 860504909328, 3141
860582219274, 860582232720, 13446
860603702537, 860603708876, 6339
860680973857, 860680988521, 14664
860702527843, 860702542984, 15141
860779794464, 860779808501, 14037
860801286475, 860801293687, 7212
860878570766, 860878585571, 14805
860900077531, 860900084575, 7044
860977379474, 860977393124, 13650
860998879827, 860998890615, 10788
861076194999, 861076208367, 13368
861097660480, 861097666813, 6333
861175017264, 861175030611, 13347
861196457308, 861196465681, 8373
861273815231, 861273836465, 21234
861295247870, 861295254413, 6543
861372579967, 861372595822, 15855
861394061146, 861394070101, 8955
861471355232, 861471368960, 13728
861492848797, 861492855757, 6960
861570147965, 861570161363, 13398
861591621017, 861591628835, 7818
861668908721, 861668921714, 12993
861690427269, 861690435789, 8520
861767341249, 861767359948, 18699
861789205823, 861789209195, 3372
861866364064, 861866379025, 14961
861887994844, 861888001420, 6576
861965446167, 861965467455, 21288
861986793636, 861986800860, 7224
862064070332, 862064083673, 13341
862085596408, 862085606524, 10116
862162876611, 862162890531, 13920
862184391692, 862184399093, 7401
862261705036, 862261718005, 12969
862283178585, 862283188017, 9432
862360448807, 862360462856, 14049
862381955240, 862381962221, 6981
862459240504, 862459254469, 13965
862480748898, 862480757007, 8109
862557840597, 862557855459, 14862
862656822749, 862656837302, 14553
862678354177, 862678362943, 8766
862755608664, 862755622530, 13866
862777125609, 862777132146, 6537
862854418776, 862854432834, 14058
862875970908, 862875986076, 15168
862953203722, 862953217537, 13815
862974705699, 862974712044, 6345
863051986617, 863052000171, 13554
863073505262, 863073509342, 4080
863150153600, 863150160707, 7107
863172303864, 863172311820, 7956
863249583730, 863249597629, 13899
863271081093, 863271087630, 6537
863348199436, 863348213713, 14277
863370429078, 863370437883, 8805
863447290647, 863447304351, 13704
863468666414, 863468674202, 7788
863545917087, 863545930692, 13605
863567458090, 863567464600, 6510
863644532947, 863644539517, 6570
863666261511, 863666269221, 7710
863743538446, 863743552243, 13797
863765052576, 863765061486, 8910
863842508157, 863842522779, 14622
863863851598, 863863860349, 8751
863941165220, 863941179146, 13926
863962624316, 863962631057, 6741
864039978921, 864039993999, 15078
864061416819, 864061423791, 6972
864138684630, 864138699069, 14439
864160211719, 864160219081, 7362
864237790264, 864237806380, 16116
864258999272, 864259005068, 5796
864336305386, 864336317875, 12489
864357795616, 864357802747, 7131
864435221212, 864435236011, 14799
864456583169, 864456586733, 3564
864534037432, 864534050674, 13242
864555381902, 864555389462, 7560
864632650942, 864632663701, 12759
864654190077, 864654198417, 8340
864731436880, 864731450101, 13221
864752973207, 864752980776, 7569
864830238155, 864830252921, 14766
864851755022, 864851763743, 8721
864929029129, 864929041345, 12216
864950542842, 864950548824, 5982
865027840728, 865027854285, 13557
865049335701, 865049341683, 5982
865126619062, 865126633096, 14034
865148222092, 865148244439, 22347
865225727027, 865225740977, 13950
865246941685, 865246957507, 15822
865324197815, 865324211840, 14025
865345716544, 865345724239, 7695
865423030151, 865423043759, 13608
865444529730, 865444550832, 21102
865521791056, 865521804421, 13365
865543292878, 865543297384, 4506
865621077214, 865621086145, 8931
865642098415, 865642105282, 6867
865719114065, 865719128297, 14232
865740875886, 865740883662, 7776
865817733476, 865817807524, 74048
865839693691, 865839704902, 11211
865916744203, 865916751058, 6855
865938461108, 865938467804, 6696
866015731777, 866015744923, 13146
866037255495, 866037262434, 6939
866114485631, 866114500079, 14448
866136064585, 866136075526, 10941
866213351428, 866213365477, 14049
866234859478, 866234868757, 9279
866312135666, 866312149943, 14277
866333630546, 866333637182, 6636
866410886306, 866410898321, 12015
866432420662, 866432428474, 7812
866509699338, 866509713672, 14334
866531214622, 866531221717, 7095
866608694556, 866608706943, 12387
866630027835, 866630037723, 9888
866707439135, 866707454465, 15330
866728827135, 866728840161, 13026
866805906472, 866805913093, 6621
866827590396, 866827596174, 5778
866905080376, 866905095571, 15195
866926383172, 866926388932, 5760
867003900879, 867003914247, 13368
867025176581, 867025182845, 6264
867102079877, 867102088477, 8600
867123970038, 867123976935, 6897
867201259942, 867201274516, 14574
867222791943, 867222803832, 11889
867300039235, 867300053362, 14127
867321572788, 867321582505, 9717
867398839626, 867398851851, 12225
867420357732, 867420368619, 10887
867497363683, 867497373987, 10304
867519147545, 867519220853, 73308
867595909053, 867595915793, 6740
867617922335, 867617929061, 6726
867695170154, 867695184410, 14256
867716740101, 867716752011, 11910
867794024576, 867794038985, 14409
867815506035, 867815513334, 7299
867892797130, 867892810231, 13101
867914323882, 867914333761, 9879
867991487316, 867991499712, 12396
868013088815, 868013095418, 6603
868090194666, 868090205652, 10986
868111895956, 868111903573, 7617
868189175430, 868189192465, 17035
868210675440, 868210681636, 6196
868287951880, 868287966523, 14643
868309464647, 868309469792, 5145
868386782685, 868386797409, 14724
868408259259, 868408265784, 6525
868485560347, 868485574207, 13860
868507071099, 868507078347, 7248
868584339912, 868584352992, 13080
868605852139, 868605861304, 9165
868683151597, 868683165256, 13659
868781927854, 868781942020, 14166
868803442686, 868803451587, 8901
868880716063, 868880730553, 14490
868902222103, 868902228280, 6177
868979592543, 868979612472, 19929
869001026999, 869001034904, 7905
869078431140, 869078455245, 24105
869099810443, 869099819326, 8883
869176457816, 869176463438, 5622
869198591577, 869198600049, 8472
869275897339, 869275910029, 12690
869297384042, 869297391212, 7170
869374675154, 869374688951, 13797
869396187710, 869396197184, 9474
869473467793, 869473482178, 14385
869494989176, 869495000561, 11385
869572096553, 869572111379, 14826
869593773757, 869593784302, 10545
869671076435, 869671089284, 12849
869692552681, 869692559047, 6366
869769837994, 869769852496, 14502
869791342208, 869791348415, 6207
869868461511, 869868470601, 9090
869890139236, 869890146400, 7164
869967320134, 869967328891, 8757
869988959161, 869988968401, 9240
870065875020, 870066180828, 305808
870087730521, 870087738732, 8211
870165096486, 870165117318, 20832
870186517702, 870186524338, 6636
870263709532, 870263725963, 16431
870285310591, 870285321922, 11331
870362808962, 870362821616, 12654
870384103510, 870384115627, 12117
870461367017, 870461381012, 13995
870482886924, 870482893893, 6969
870560237647, 870560259355, 21708
870581678731, 870581686009, 7278
870659116909, 870659139127, 22218
870680474491, 870680480428, 5937
870757753981, 870757768507, 14526
870779301340, 870779318479, 17139
870856541883, 870856554867, 12984
870878076410, 870878084597, 8187
870955370357, 870955383845, 13488
870976853607, 870976860990, 7383
871054135241, 871054149584, 14343
871075648161, 871075658196, 10035
871152919495, 871152936967, 17472
871174428952, 871174435579, 6627
871251614075, 871251626846, 12771
871273514469, 871273523151, 8682
871350924700, 871350943564, 18864
871372016741, 871372023218, 6477
871449334030, 871449354853, 20823
871470824325, 871470833094, 8769
871548034812, 871548047289, 12477
871569642957, 871569653730, 10773
871646874742, 871646888392, 13650
871668388409, 871668395327, 6918
871745674834, 871745688814, 13980
871767187342, 871767194071, 6729
871844456489, 871844471273, 14784
871865973016, 871865979427, 6411
871943259865, 871943272546, 12681
871964764731, 871964771892, 7161
872042047820, 872042061935, 14115
872063563215, 872063571585, 8370
872140843396, 872140855888, 12492
872162348245, 872162354389, 6144
872239457038, 872239471057, 14019
872261139841, 872261146585, 6744
872338416023, 872338430369, 14346
872360106179, 872360125457, 19278
872437205843, 872437220030, 14187
872458730780, 872458736807, 6027
872535992304, 872536006392, 14088
872557551935, 872557568324, 16389
872634798854, 872634812204, 13350
872656346541, 872656355220, 8679
872733589981, 872733603175, 13194
872755100805, 872755108485, 7680
872832427596, 872832442068, 14472
872853891372, 872853898152, 6780
872931188103, 872931202188, 14085
872952681434, 872952687134, 5700
873030040320, 873030059565, 19245
873051498539, 873051508148, 9609
873128481784, 873128495761, 13977
873150278744, 873150289025, 10281
873227281837, 873227294761, 12924
873249073592, 873249084722, 11130
873325990254, 873325998252, 7998
873347853381, 873347860032, 6651
873424942378, 873424952968, 10590
873446662127, 873446671292, 9165
873523644379, 873523655309, 10930
873545440113, 873545447910, 7797
873622666928, 873622679876, 12948
873644225850, 873644233086, 7236
873721516368, 873721531458, 15090
873743063403, 873743072622, 9219
873820401948, 873820417623, 15675
873841835594, 873841846598, 11004
873919093375, 873919107433, 14058
873940599142, 873940606756, 7614
874017888867, 874017902400, 13533
874039392016, 874039396759, 4743
874116676763, 874116690257, 13494
874138202374, 874138213270, 10896
874215305392, 874215317470, 12078
874236988610, 874236996470, 7860
874314238509, 874314251187, 12678
874335770382, 874335779544, 9162
874413052321, 874413065866, 13545
874434579963, 874434597663, 17700
874511470024, 874511481937, 11913
874533374160, 874533382464, 8304
874610653806, 874610672622, 18816
874632154455, 874632161949, 7494
874709423481, 874709436555, 13074
874730953829, 874730964515, 10686
874808213549, 874808227202, 13653
874829739731, 874829745857, 6126
874907009210, 874907021561, 12351
874928555002, 874928570407, 15405
875005790543, 875005803848, 13305
875027339000, 875027349449, 10449
875104579140, 875104592304, 13164
875126109928, 875126116381, 6453
875203402729, 875203417612, 14883
875224907107, 875224914130, 7023
875302182373, 875302195936, 13563
875323687379, 875323693784, 6405
875400948621, 875400961185, 12564
875422499815, 875422509124, 9309
875499750648, 875499764421, 13773
875521283791, 875521293016, 9225
875598548315, 875598562232, 13917
875620062008, 875620068377, 6369
875697343190, 875697356639, 13449
875718872239, 875718881848, 9609
875796149000, 875796162944, 13944
875817646421, 875817653336, 6915
875894963391, 875894977170, 13779
875916438827, 875916446012, 7185
875993728183, 875993742934, 14751
876015232112, 876015242123, 10011
876092495888, 876092509811, 13923
876114020352, 876114026058, 5706
876191224130, 876191258303, 34173
876212833752, 876212844372, 10620
876290087596, 876290102551, 14955
876311608182, 876311614746, 6564
876388892354, 876388905653, 13299
876410396980, 876410404114, 7134
876487690604, 876487704125, 13521
876509211374, 876509222624, 11250
876586451212, 876586464742, 13530
876607999561, 876608012125, 12564
876685260734, 876685274381, 13647
876706774212, 876706781031, 6819
876784055230, 876784069945, 14715
876805593891, 876805617954, 24063
876882847138, 876882861304, 14166
876904363862, 876904371782, 7920
876981369248, 876981383099, 13851
877003173164, 877003180820, 7656
877080130111, 877080142551, 12440
877101955041, 877101965691, 10650
877178994225, 877179002880, 8655
877200731751, 877200737928, 6177
877277701910, 877277714363, 12453
877299536559, 877299545403, 8844
877376833514, 877376846465, 12951
877398319152, 877398327423, 8271
877475588433, 877475602155, 13722
877497111136, 877497117457, 6321
877574677639, 877574695342, 17703
877596500957, 877596516197, 15240
877673210557, 877673229007, 18450
877694695316, 877694702309, 6993
877771863566, 877771883357, 19791
877793519629, 877793533708, 14079
877870685373, 877870698345, 12972
877969579620, 877969593816, 14196
877991066854, 877991073085, 6231
878068210834, 878068223650, 12816
878089861361, 878089867943, 6582
878167123485, 878167137258, 13773
878188649842, 878188657135, 7293
878265971445, 878265986073, 14628
878287463095, 878287479943, 16848
878364732976, 878364745735, 12759
878386234036, 878386240222, 6186
878463329016, 878463350907, 21891
878485028015, 878485035221, 7206
878562313887, 878562330677, 16790
878583826256, 878583832688, 6432
878661093522, 878661108288, 14766
878682610344, 878682617859, 7515
878759884829, 878759899133, 14304
878781427947, 878781438984, 11037
878858698341, 878858711976, 13635
878880215115, 878880224094, 8979
878957490698, 878957504129, 13431
878978989904, 878978996291, 6387
879056260352, 879056274236, 13884
879077783375, 879077858488, 75113
879155070145, 879155084734, 14589
879176615551, 879176629837, 14286
879253848343, 879253862203, 13860
879275404756, 879275421142, 16386
879352648905, 879352663398, 14493
879374165522, 879374174891, 9369
879451550486, 879451571807, 21321
879472961570, 879472971659, 10089
879549878235, 879549890853, 12618
879571753436, 879571762613, 9177
879649082491, 879649096132, 13641
879670528925, 879670535429, 6504
879747477014, 879747494345, 17331
879769340158, 879769351573, 11415
879846610780, 879846624061, 13281
879868155007, 879868169821, 14814
879944814142, 879944827177, 13035
879966903672, 879966909663, 5991
880044255470, 880044271292, 15822
880065720240, 880065729678, 9438
880142986280, 880143000275, 13995
880164485957, 880164489515, 3558
880241766339, 880241780268, 13929
880263279525, 880263286845, 7320
880340272003, 880340286865, 14862
880362086592, 880362095403, 8811
880439099917, 880439134389, 34472
880460862124, 880460869381, 7257
880538152528, 880538166733, 14205
880559654418, 880559661654, 7236
880636749520, 880636766105, 16585
880658460609, 880658467461, 6852
880735804021, 880735822939, 18918
880757247224, 880757253773, 6549
880834550160, 880834564338, 14178
880856075078, 880856091788, 16710
880933173938, 880933188224, 14286
880954829067, 880954836054, 6987
881031995108, 881032015518, 20410
881053627976, 881053634832, 6856
881130761276, 881130781310, 20034
881152423209, 881152432383, 9174
881229728502, 881229741033, 12531
881251231719, 881251239729, 8010
881328350875, 881328365227, 14352
881350153253, 881350160915, 7662
881427343319, 881427357116, 13797
881448804781, 881448816136, 11355
881526069233, 881526083090, 13857
881547590232, 881547598194, 7962
881624854604, 881624867675, 13071
881646386888, 881646399356, 12468
881723705191, 881723729923, 24732
881745177550, 881745187819, 10269
881822446583, 881822459768, 13185
881843947836, 881843954637, 6801
881921135774, 881921149583, 13809
881942764062, 881942780988, 16926
882020034732, 882020048385, 13653
882041555954, 882041565908, 9954
882118870507, 882118892440, 21933
882140327560, 882140334493, 6933
882217655449, 882217669183, 13734
882239133411, 882239143851, 10440
882316386636, 882316400205, 13569
882337907556, 882337912095, 4539
882415178021, 882415191440, 13419
882436724844, 882436733484, 8640
882513983619, 882513997338, 13719
882535511702, 882535531391, 19689
882612772830, 882612786458, 13628
882634287363, 882634296072, 8709
882711285856, 882711370871, 85015
882733100295, 882733109688, 9393
882810345053, 882810359003, 13950
882831890169, 882831897999, 7830
882908993887, 882909008251, 14364
882930683186, 882930689900, 6714
883007932594, 883007946211, 13617
883029505642, 883029526960, 21318
883106724017, 883106738000, 13983
883128266281, 883128275080, 8799
883205525290, 883205539189, 13899
883227065726, 883227076769, 11043
883304317031, 883304331245, 14214
883325843198, 883325858768, 15570
883403099105, 883403113346, 14241
883424618494, 883424626057, 7563
883501922021, 883501935224, 13203
883523415308, 883523421599, 6291
883600676996, 883600691189, 14193
883622210795, 883622221430, 10635
883699477268, 883699491188, 13920
883720992625, 883720999360, 6735
883798234182, 883798246500, 12318
883819787483, 883819794698, 7215
883897047027, 883897060869, 13842
883918578181, 883918584832, 6651
883995853614, 883995867666, 14052
884017395088, 884017403977, 8889
884094632363, 884094645848, 13485
884116170915, 884116179669, 8754
884193422446, 884193434644, 12198
884214960125, 884214967109, 6984
884292232250, 884292245939, 13689
884313761174, 884314431530, 670356
884391019818, 884391032541, 12723
884412538422, 884412541860, 3438
884489810229, 884489823093, 12864
884511329479, 884511337843, 8364
884588657235, 884588671182, 13947
884610132784, 884610141514, 8730
884687431234, 884687445049, 13815
884708918775, 884708925228, 6453
884786009772, 884786021103, 11331
884807736988, 884807752771, 15783
884884829564, 884884843082, 13518
884906518482, 884906528010, 9528
884983671070, 884983683805, 12735
885005288819, 885005295293, 6474
885082567301, 885082579853, 12552
885104079116, 885104088182, 9066
885181366981, 885181380238, 13257
885202889275, 885202898839, 9564
885279932877, 885279948552, 15675
885301662121, 885301669108, 6987
885378934337, 885378949565, 15228
885400454953, 885400462084, 7131
885477750841, 885477764560, 13719
885499247908, 885499255582, 7674
885576585463, 885576599227, 13764
885598051637, 885598063022, 11385
885675328285, 885675341269, 12984
885696841987, 885696851500, 9513
885774120919, 885774133798, 12879
885795622281, 885795629223, 6942
885872959496, 885872980790, 21294
885894418601, 885894424943, 6342
885971749031, 885971769677, 20646
885993231282, 885993239004, 7722
886070572774, 886070590510, 17736
886092027649, 886092038656, 11007
886169302178, 886169323340, 21162
886190790851, 886190797247, 6396
886268114782, 886268129584, 14802
886289581723, 886289588071, 6348
886366707471, 886366721499, 14028
886388373103, 886388380963, 7860
886465393172, 886465406828, 13656
886487163520, 886487168749, 5229
886564502818, 886564516309, 13491
886585977173, 886585986875, 9702
886663249065, 886663262682, 13617
886684772380, 886685272192, 499812
886762023336, 886762036758, 13422
886783611489, 886783618986, 7497
886860818055, 886860831222, 13167
886882390073, 886882406939, 16866
886959605978, 886959619619, 13641
886981126694, 886981133045, 6351
887058395692, 887058408826, 13134
887079940985, 887079950621, 9636
887157228402, 887157241986, 13584
887178708353, 887178715646, 7293
887255985570, 887255999634, 14064
887277500959, 887277507427, 6468
887354778126, 887354792496, 14370
887376306905, 887376315344, 8439
887453335942, 887453350348, 14406
887475097835, 887475110837, 13002
887552361592, 887552374936, 13344
887573877173, 887573883608, 6435
887651090178, 887651103759, 13581
887672667364, 887672674093, 6729
887749944218, 887749957283, 13065
887771458257, 887771464785, 6528
887848739576, 887848752629, 13053
887870264427, 887870271462, 7035
887947543103, 887947556570, 13467
887969071899, 887969084337, 12438
888046341330, 888046354863, 13533
888067836258, 888067843107, 6849
888145117360, 888145130974, 13614
888166644973, 888166664305, 19332
888243901750, 888243915274, 13524
888265420657, 888265427956, 7299
888342490066, 888342504712, 14646
888364213239, 888364220811, 7572
888441498778, 888441512524, 13746
888463002457, 888463010110, 7653
888540235086, 888540249498, 14412
888561796955, 888561804974, 8019
888638800458, 888638815194, 14736
888660607677, 888660619818, 12141
888737769349, 888737782312, 12963
888759382160, 888759386639, 4479
888836726751, 888836739792, 13041
888858170941, 888858176668, 5727
888935445607, 888935458705, 13098
888956980082, 888956987936, 7854
889034288179, 889034302894, 14715
889055755539, 889055763408, 7869
889133036176, 889133053597, 17421
889154551924, 889154560309, 8385
889231772877, 889231786413, 13536
889253338066, 889253346001, 7935
889330606573, 889330620127, 13554
889352147904, 889352161179, 13275
889429421005, 889429434409, 13404
889450926507, 889450932648, 6141
889528129978, 889528143769, 13791
889549713982, 889549720387, 6405
889627013081, 889627027244, 14163
889652485319, 889652497046, 11727
889725782450, 889725795041, 12591
889747298241, 889747306377, 8136
889824595017, 889824611313, 16296
889846122137, 889846140650, 18513
889923196599, 889923207894, 11295
889944892914, 889944899685, 6771
890022150991, 890022164722, 13731
890043672124, 890043678154, 6030
890120560575, 890120573427, 12852
890142478257, 890142494640, 16383
890219752282, 890219765581, 13299
890241257494, 890241263335, 5841
890318505815, 890318519015, 13200
890340061590, 890340072549, 10959
890417420336, 890417438420, 18084
890438866105, 890438911552, 45447
890516123979, 890516137698, 13719
890537639987, 890537646977, 6990
890615116704, 890615130891, 14187
890636424109, 890636429941, 5832
890713847880, 890713863288, 15408
890735213946, 890735221287, 7341
890812803130, 890812815892, 12762
890834007765, 890834013717, 5952
890911311641, 890911324751, 13110
890932804782, 890932811592, 6810
891010100802, 891010115118, 14316
891031590887, 891031598825, 7938
891108896425, 891108909958, 13533
891130381281, 891130386150, 4869
891207389441, 891207405239, 15798
891229180265, 891229187861, 7596
891306297159, 891306309528, 12369
891327964365, 891327990210, 25845
891405237080, 891405249977, 12897
891418985949, 891419069244, 83295
891503971288, 891503985331, 14043
891525555850, 891525558952, 3102
891603039157, 891603053590, 14433
891624347240, 891624354671, 7431
891701615236, 891701628040, 12804
891723155340, 891723175167, 19827
891800668880, 891800685635, 16755
891821924732, 891821931940, 7208
891899459347, 891899473945, 14598
891920716267, 891920721967, 5700
891998001610, 891998015158, 13548
892019527725, 892019534001, 6276
892096794948, 892096808988, 14040
892118305875, 892118314179, 8304
892195832582, 892195845230, 12648
892217139426, 892217155548, 16122
892294381457, 892294395311, 13854
892315890518, 892315896992, 6474
892393299958, 892393315330, 15372
892414700569, 892414709914, 9345
892492163708, 892492179515, 15807
892513467321, 892513475274, 7953
892590798566, 892590812888, 14322
892612292278, 892612307209, 14931
892689259510, 892689272254, 12744
892711057795, 892711064557, 6762
892788572399, 892788591470, 19071
892809845213, 892809852542, 7329
892887293018, 892887305816, 12798
892908662568, 892908672030, 9462
892985909225, 892985923136, 13911
893007430583, 893007437375, 6792
893084689525, 893084701792, 12267
893106219473, 893106225704, 6231
893183500683, 893183514117, 13434
893205045151, 893205057913, 12762
893282284747, 893282298049, 13302
893303808992, 893303816510, 7518
893381048682, 893381062773, 14091
893402613731, 893402621219, 7488
893479876592, 893479889621, 13029
893501397883, 893501404129, 6246
893578658983, 893578672861, 13878
893600184416, 893600191613, 7197
893677473159, 893677485930, 12771
893698982176, 893698995040, 12864
893776245743, 893776258667, 12924
893797770524, 893797779041, 8517
893875040964, 893875054329, 13365
893896554388, 893896560958, 6570
893973833972, 893973852230, 18258
893995372759, 893995379596, 6837
894072639602, 894072653276, 13674
894094137509, 894094143902, 6393
894171409216, 894171422185, 12969
894192950135, 894192962024, 11889
894270223794, 894270237006, 13212
894291726853, 894291734383, 7530
894369001045, 894369015028, 13983
894390564494, 894390581414, 16920
894467785091, 894467799188, 14097
894489305792, 894489313793, 8001
894566574607, 894566588965, 14358
894588118142, 894588128705, 10563
894665124139, 894665138293, 14154
894686911526, 894686920568, 9042
894764169635, 894764182592, 12957
894785680842, 894785686761, 5919
894862916972, 894862930799, 13827
894884478071, 894884484875, 6804
894961757746, 894961772509, 14763
894983289869, 894983298572, 8703
895060533048, 895060547169, 14121
895082062385, 895082069801, 7416
895159343122, 895159357327, 14205
895180851762, 895180859250, 7488
895258143311, 895258156526, 13215
895279637629, 895279645570, 7941
895356953301, 895356967941, 14640
895378433846, 895378441043, 7197
895455369028, 895455377806, 8778
895477250371, 895477259272, 8901
895554499916, 895554514550, 14634
895576038768, 895576058313, 19545
895653297239, 895653310703, 13464
895674805086, 895674809178, 4092
895752121568, 895752134624, 13056
895773599898, 895773605754, 5856
895850952925, 895850967457, 14532
895872391468, 895872397993, 6525
895949690068, 895949703154, 13086
895971191034, 895971197505, 6471
896048457763, 896048472049, 14286
896069997302, 896070008441, 11139
896147255620, 896147269870, 14250
896168766048, 896168774337, 8289
896246060418, 896246071476, 11058
896344841034, 896344854534, 13500
896366356660, 896366367145, 10485
896443482120, 896443495887, 13767
896465144680, 896465152612, 7932
896542173487, 896542195177, 21690
896563952892, 896563964265, 11373
896640592656, 896640599919, 7263
896662727062, 896662735393, 8331
896739795272, 896739809825, 14553
896761537746, 896761548000, 10254
896838525514, 896838532408, 6894
896860338367, 896860348699, 10332
896937867162, 896937881712, 14550
896959121028, 896959129578, 8550
897036333625, 897036347032, 13407
897057916188, 897057927276, 11088
897134957493, 897134968613, 11120
897156699391, 897156707464, 8073
897233975044, 897233988220, 13176
897255477740, 897255484520, 6780
897332817035, 897332829527, 12492
897354296114, 897354303407, 7293
897431373892, 897431386960, 13068
897453076210, 897453082210, 6000
897530339618, 897530352329, 12711
897551872164, 897551882865, 10701
897629117663, 897629130311, 12648
897650647972, 897650654536, 6564
897727414169, 897727427897, 13728
897749434779, 897749442054, 7275
897826721101, 897826736488, 15387
897848231340, 897848239482, 8142
897925509485, 897925523987, 14502
897947023532, 897947030030, 6498
898024203529, 898024217401, 13872
898045834237, 898045843915, 9678
898123080693, 898123094520, 13827
898144619273, 898144628144, 8871
898221863494, 898221877399, 13905
898243402125, 898243409064, 6939
898320677623, 898320692008, 14385
898342247084, 898342256546, 9462
898419470628, 898419483615, 12987
898441026698, 898441067483, 40785
898539789158, 898539809474, 20316
898638688025, 898638702797, 14772
872056103658, 872056118886, 15228
872154763792, 872154770962, 7170
872253614797, 872253622648, 7851
872352411059, 872352417752, 6693
872451198413, 872451206555, 8142
872549987417, 872550001160, 13743
872648684317, 872648690683, 6366
872747573940, 872747582235, 8295
872846366445, 872846373939, 7494
872945119727, 872945126573, 6846
873043917518, 873043924079, 6561
873142716082, 873142723609, 7527
873241300322, 873241312613, 12291
873340273455, 873340284282, 10827
873439301003, 873439314038, 13035
873537959010, 873537971373, 12363
873636744294, 873636752310, 8016
873735474777, 873735481782, 7005
873834299576, 873834309926, 10350
873933011500, 873933021124, 9624
874031863561, 874031871178, 7617
874130638507, 874130648410, 9903
874230066095, 874230075734, 9639
874328259546, 874328267526, 7980
874427299809, 874427327934, 28125
874525789341, 874525798056, 8715
874624732461, 874624740093, 7632
874723441148, 874723448414, 7266
874822200021, 874822206747, 6726
874920977326, 874920986818, 9492
875019697229, 875019710942, 13713
875118570157, 875118578785, 8628
875217171118, 875217192439, 21321
875316152429, 875316161057, 8628
875414914747, 875414922421, 7674
875513774614, 875513783566, 8952
875612531207, 875612540030, 8823
875711361175, 875711373037, 11862
875810105411, 875810112182, 6771
875909162627, 875909170679, 8052
876007847346, 876007861056, 13710
876106494396, 876106502679, 8283
876205275636, 876205289217, 13581
876304047369, 876304054869, 7500
876402876922, 876402886579, 9657
876501628538, 876501635555, 7017
876600426289, 876600433807, 7518
876699249777, 876699260694, 10917
876798208569, 876798228423, 19854
876896800220, 876896809541, 9321
876995585210, 876995593238, 8028
877094527227, 877094536470, 9243
877193102100, 877193109708, 7608
877291797348, 877291819521, 22173
877390720902, 877390728303, 7401
877489576186, 877489583209, 7023
877588346687, 877588354070, 7383
877687146485, 877687156532, 10047
877785960304, 877785969193, 8889
877884730694, 877884739994, 9300
877892283626, 877892290133, 6507
877983513175, 877983520846, 7671
878082527204, 878082540911, 13707
878181109120, 878181119131, 10011
878280099583, 878280130132, 30549
878378723971, 878378731603, 7632
878477377208, 878477385794, 8586
878576275232, 878576283520, 8288
878675092017, 878675099466, 7449
878773851009, 878773858494, 7485
878872675845, 878872685235, 9390
878971466483, 878971476422, 9939
879070253972, 879070264439, 10467
879169022152, 879169032967, 10815
879267810268, 879267822130, 11862
879366422864, 879366442982, 20118
879465426965, 879465433991, 7026
879564202976, 879564209204, 6228
879663018389, 879663028148, 9759
879761805424, 879761812675, 7251
879860547133, 879860554972, 7839
879959386557, 879959393679, 7122
880058171952, 880058187444, 15492
880156913324, 880156920158, 6834
880255758447, 880255765281, 6834
880354498635, 880354504950, 6315
880453412671, 880453421965, 9294
880552100583, 880552108218, 7635
880650905130, 880650911577, 6447
880749714881, 880749723137, 8256
880848458015, 880848471038, 13023
880947283347, 880947289794, 6447
881046124208, 881046132460, 8252
881144846145, 881144853213, 7068
881243682904, 881243694064, 11160
881342430020, 881342439146, 9126
881441087095, 881441093107, 6012
881539844154, 881539866357, 22203
881638825715, 881638834151, 8436
881737581931, 881737592968, 11037
881836422960, 881836430217, 7257
881935381128, 881935489611, 108483
882034028977, 882034040632, 11655
882132824569, 882132832510, 7941
882231561030, 882231569316, 8286
882330413685, 882330422553, 8868
882429307997, 882429320486, 12489
882527945627, 882527960030, 14403
882626723040, 882626733117, 10077
882725600268, 882725607981, 7713
882824314644, 882824321235, 6591
882922991018, 882923002709, 11691
883021928519, 883021935530, 7011
883120719433, 883120727713, 8280
883219464778, 883219474879, 10101
883318208777, 883318215431, 6654
883417093847, 883417101344, 7497
883515903371, 883515914354, 10983
883614492245, 883614516317, 24072
883713420442, 883713428680, 8238
883812219752, 883812226316, 6564
883911047506, 883911055843, 8337
884009827162, 884009835052, 7890
884108576928, 884108584170, 7242
884207422445, 884207431244, 8799
884306309879, 884306324534, 14655
884404988763, 884404996893, 8130
884503795543, 884503803430, 7887
884602499434, 884602505686, 6252
884701338129, 884701344441, 6312
884800167217, 884800180513, 13296
884898967536, 884898979050, 11514
884997731219, 884997738962, 7743
885096533507, 885096539966, 6459
885195326620, 885195334564, 7944
885294187606, 885294195061, 7455
885392827330, 885392833888, 6558
885491718769, 885491727052, 8283
885590496455, 885590505155, 8700
885689079928, 885689094379, 14451
885788082681, 885788090961, 8280
885886845386, 885886855172, 9786
885985680231, 885985687200, 6969
886084959931, 886084967128, 7197
886183275869, 886183282274, 6405
886282053214, 886282060702, 7488
886380804871, 886380818713, 13842
886479725601, 886479737976, 12375
886578399834, 886578410370, 10536
886677224992, 886677232327, 7335
886775986704, 886775996280, 9576
886874802275, 886874815253, 12978
886973601716, 886973608715, 6999
887072331887, 887072340644, 8757
887171179913, 887171190455, 10542
887269971874, 887269979899, 8025
887368890977, 887368902044, 11067
887467662728, 887467677254, 14526
887566347719, 887566355471, 7752
887665106644, 887665113733, 7089
887763955542, 887763965817, 10275
887862696000, 887862703329, 7329
887961309456, 887961320796, 11340
888060224637, 888060231651, 7014
888159253579, 888159266710, 13131
888257917717, 888257924728, 7011
888356663403, 888356671005, 7602
888455475334, 888455486524, 11190
888554099327, 888554106617, 7290
888653046615, 888653054658, 8043
888751851398, 888751858844, 7446
888850655821, 888850662664, 6843
888949402574, 888949412282, 9708
889048229139, 889048237563, 8424
889147067971, 889147075453, 7482
889245809740, 889245818587, 8847
889344376017, 889344387699, 11682
889443391314, 889443398970, 7656
889542181927, 889542191776, 9849
889640945064, 889640953263, 8199
889739770959, 889739780241, 9282
889838346434, 889838356949, 10515
889937334987, 889937388585, 53598
890036123626, 890036132929, 9303
890134971039, 890134984080, 13041
890233711297, 890233718659, 7362
890332321800, 890332346475, 24675
890439628424, 890439666434, 38010
890530099932, 890530106697, 6765
890628862834, 890628872446, 9612
890727693126, 890727704886, 11760
890826429468, 890826435921, 6453
890925237213, 890925247335, 10122
891024031895, 891024043319, 11424
891122768124, 891122775435, 7311
891221614904, 891221626877, 11973
891330979444, 891331068897, 89453
891426759780, 891426765771, 5991
891524725867, 891524736709, 10842
891616700948, 891616712066, 11118
891716151470, 891716213147, 61677
891814373440, 891814383032, 9592
891913193083, 891913203691, 10608
892018876890, 892018898865, 21975
892110744621, 892110753537, 8916
892209722754, 892209736743, 13989
892308327800, 892308339692, 11892
892407092731, 892407100003, 7272
892505955336, 892505963343, 8007
892604856757, 892604871301, 14544
892703282773, 892703288923, 6150
892802259932, 892802266679, 6747
892901117028, 892901125347, 8319
892999989287, 893000000687, 11400
893098703765, 893098715651, 11886
893197435564, 893197444054, 8490
893296277102, 893296284869, 7767
893395004102, 893395011212, 7110
893493823649, 893493832031, 8382
893592642391, 893592650764, 8373
893691390034, 893691397243, 7209
893790386744, 893790396011, 9267
893889147274, 893889154102, 6828
893987803318, 893987810812, 7494
894086567672, 894086575520, 7848
894185337482, 894185343842, 6360
894284187771, 894284196000, 8229
894383009677, 894383024644, 14967
894481770719, 894481780811, 10092
894580572254, 894580580411, 8157
894679335164, 894679342709, 7545
894778164822, 894778173702, 8880
894876736280, 894876758468, 22188
894975733265, 894975741053, 7788
895074514082, 895074521189, 7107
895173294003, 895173301110, 7107
895272000721, 895272007453, 6732
895370873129, 895370880479, 7350
895469713945, 895469722891, 8946
895568442939, 895568456259, 13320
895667274522, 895667282181, 7659
895766028084, 895766034582, 6498
895864787041, 895864794793, 7752
895963643382, 895963650816, 7434
896062410221, 896062417568, 7347
896161237338, 896161249692, 12354
896260112885, 896260125806, 12921
896267561408, 896267567408, 6000
896358641191, 896358661318, 20127
896457591715, 896457600721, 9006
896556308985, 896556316017, 7032
896655190417, 896655197683, 7266
896753896770, 896753905089, 8319
896852550745, 896852564689, 13944
896951339748, 896951353689, 13941
897050129364, 897050142591, 13227
897149129263, 897149137075, 7812
897247926158, 897247932578, 6420
897346668851, 897346676822, 7971
897445529716, 897445537504, 7788
897544258677, 897544267071, 8394
897643122931, 897643130755, 7824
897741984660, 897741992187, 7527
897840632607, 897840643470, 10863
897939498995, 897939506159, 7164
898038238483, 898038246448, 7965
898137073441, 898137081355, 7914
898235848164, 898235855349, 7185
898334619979, 898334627182, 7203
898433412716, 898433418212, 5496
898532324960, 898532332607, 7647
898630794661, 898630806073, 11412
898729584619, 898729591519, 6900
898828972352, 898828985330, 12978
898927762899, 898927776591, 13692
899026370812, 899026383976, 13164
899125161961, 899125219465, 57504
899224220175, 899224235019, 14844
539063374193, 539063390810, 16617
539162494811, 539162508032, 13221
539450636768, 539450641760, 4992
542174526212, 542174532260, 6048
542251287736, 542251300996, 13260
542058074079, 542058090156, 16077
542115787691, 542115799757, 12066
542152440763, 542152468567, 27804
542372372842, 542372382328, 9486
542661588456, 542661595827, 7371
542760488684, 542760502136, 13452
542859588873, 542859602844, 13971
542958330244, 542958336934, 6690
543057245374, 543057253633, 8259
543156164541, 543156171744, 7203
543255086649, 543255093756, 7107
543354010703, 543354017993, 7290
543452917897, 543452925079, 7182
543551943179, 543551955194, 12015
543650749140, 543650756697, 7557
543658359966, 543658369251, 9285
543749677037, 543749684039, 7002
543848645783, 543848660081, 14298
543947495458, 543947502319, 6861
544046451731, 544046459555, 7824
544145395804, 544145584774, 188970
544244283574, 544244291335, 7761
544343246625, 544343253150, 6525
544442134328, 544442142059, 7731
544540960942, 544540968235, 7293
544639763116, 544639777132, 14016
544738698833, 544738719410, 20577
544837824640, 544837832920, 8280
544936658348, 544936665065, 6717
545035707990, 545035716168, 8178
545134603339, 545134610641, 7302
545233498899, 545233511142, 12243
545332425267, 545332432662, 7395
545431337907, 545431346043, 8136
545530228528, 545530240030, 11502
545629196002, 545629202323, 6321
545728141654, 545728150330, 8676
545827021754, 545827029035, 7281
545926010916, 545926017828, 6912
546024650612, 546024663332, 12720
546123785521, 546123792691, 7170
546222733632, 546222740466, 6834
546321690530, 546321700136, 9606
546420488997, 546420495594, 6597
546519491324, 546519498587, 7263
546505790139, 546505810881, 20742
546527036840, 546527046410, 9570
546604242263, 546604257011, 14748
546625955737, 546625962379, 6642
546703296601, 546703309849, 13248
546724880441, 546724888601, 8160
546802252387, 546802266109, 13722
546823802908, 546823817110, 14202
546900847723, 546900857515, 9792
546922730288, 546922737449, 7161
547000068592, 547000082293, 13701
547099012285, 547099025611, 13326
547120574319, 547120584729, 10410
547197923870, 547197937076, 13206
547219475307, 547219482897, 7590
547296297307, 547296392436, 95129
547318397961, 547318404147, 6186
547409539011, 547409564544, 25533
547494641912, 547494655916, 14004
547516236537, 547516244409, 7872
547593614054, 547593627602, 13548
547615160373, 547615167537, 7164
547692531131, 547692544871, 13740
547714435029, 547714442994, 7965
547791614988, 547791627249, 12261
547812998927, 547813004918, 5991
547890376266, 547890389094, 12828
547911939988, 547911950761, 10773
547989388815, 547989401724, 12909
548010839978, 548010847586, 7608
548088199837, 548088213706, 13869
548109768729, 548109776874, 8145
548187363871, 548187381391, 17520
548208750236, 548208764249, 14013
548286062061, 548286074709, 12648
548307601461, 548307606993, 5532
548384898735, 548384911023, 12288
548406567214, 548406570295, 3081
548483886557, 548483900831, 14274
548505441281, 548505448001, 6720
548582791807, 548582804395, 12588
548604366062, 548604372398, 6336
548681756067, 548681769588, 13521
548703289306, 548703875443, 586137
548780042809, 548780137880, 95071
548802205726, 548802211922, 6196
548893635664, 548893647049, 11385
548992269334, 548992281556, 12222
549091432312, 549091445314, 13002
549190270875, 549190277862, 6987
549289029298, 549289043548, 14250
549388256988, 549388266555, 9567
549486870289, 549486884755, 14466
549586141807, 549586148884, 7077
549593585989, 549593596231, 10242
549670951659, 549670965288, 13629
549692506051, 549692516038, 9987
549769871719, 549769886056, 14337
549791427342, 549791436672, 9330
549868796820, 549868810821, 14001
549890349961, 549890361895, 11934
549967724365, 549967739781, 15416
549989244581, 549989251988, 7407
550066609449, 550066623969, 14520
550165565762, 550165579958, 14196
550187107238, 550187117201, 9963
550264534103, 550264556453, 22350
550286013300, 550286020752, 7452
550362804786, 550362885978, 81192
550384972940, 550384980515, 7575
550476351822, 550476365430, 13608
550575307631, 550575321263, 13632
550674271221, 550674285234, 14013
550773070250, 550773077159, 6909
550872006570, 550872013059, 6489
550970746707, 550970755524, 8817
551072864714, 551072873903, 9189
551168699739, 551168708679, 8940
551267448629, 551267463029, 14400
551366352660, 551366368998, 16338
551451323888, 551451335360, 11472
551473053632, 551473061672, 8040
551550637453, 551550651115, 13662
551571978318, 551571984540, 6222
551649723430, 551649762031, 38601
551670900594, 551670906873, 6279
551748528868, 551748543316, 14448
551769814446, 551769821439, 6993
551847216639, 551847230037, 13398
551868739694, 551868746222, 6528
551945975331, 551945990265, 14934
551967658072, 551967664009, 5937
552044980289, 552044993825, 13536
552066573525, 552066576540, 3015
552143927505, 552143941359, 13854
552165495977, 552165503216, 7239
552242842903, 552242857021, 14118
552264418742, 552264424829, 6087
552341823117, 552341837016, 13899
552363339899, 552363346988, 7089
552440765738, 552440778245, 12507
552462290716, 552462306871, 16155
552539630233, 552539644003, 13770
552561182835, 552561189366, 6531
552638591099, 552638606372, 15273
552660248813, 552660261785, 12972
552737482370, 552737499134, 16764
552759048768, 552759058038, 9270
552836396167, 552836410660, 14493
552857961153, 552857968740, 7587
552934706670, 552934728198, 21528
552966652405, 552966660487, 8082
553048178755, 553048186840, 8085
553147182494, 553147195142, 12648
553154701529, 553154709095, 7566
553245875937, 553245882864, 6927
553330805750, 553330818782, 13032
553352568971, 553352588435, 19464
553430027481, 553430041236, 13755
553451465546, 553451470583, 5037
553528482587, 553528533503, 50916
553550382335, 553550388860, 6525
553627828343, 553627850666, 22323
553649312763, 553649321418, 8655
553726686659, 553726699661, 13002
553748225789, 553748232395, 6606
553825600617, 553825613484, 12867
553847144223, 553847150718, 6495
553924493219, 553924506947, 13728
553946064645, 553946070762, 6117
554023455176, 554023469435, 14259
554044988081, 554044993958, 5877
554122376229, 554122390401, 14172
554143907571, 554143914348, 6777
554221312112, 554221325699, 13587
554242848779, 554242870232, 21453
554320233038, 554320247327, 14289
554341750363, 554341756873, 6510
554419186632, 554419199586, 12954
554440671221, 554440678106, 6885
554517853970, 554517865817, 11847
554539587788, 554539594748, 6960
554616974716, 554616989623, 14907
554638534357, 554638553578, 19221
554715928635, 554715942210, 13575
554737430021, 554737435238, 5217
554814873534, 554814887865, 14331
554836363642, 554836375156, 11514
554913733395, 554913747039, 13644
554935295133, 554935306530, 11397
555012664675, 555012679603, 14928
555034194799, 555034200943, 6144
555111607389, 555111622248, 14859
555133118840, 555133127192, 8352
555210561614, 555210580487, 18873
555232062346, 555232072087, 9741
555309414823, 555309429091, 14268
555330957635, 555330964895, 7260
555408327107, 555408339938, 12831
555429889431, 555429899814, 10383
555507248806, 555507262195, 13389
555528799847, 555528806312, 6465
555606174814, 555606188611, 13797
555627740386, 555627752356, 11970
555705089900, 555705104015, 14115
555726632851, 555726639913, 7062
555804010887, 555804024873, 13986
555825554560, 555825562357, 7797
555902933308, 555902947237, 13929
555924497104, 555924505411, 8307
556001856125, 556001870243, 14118
556023401017, 556023408541, 7524
556100771964, 556100786103, 14139
556122373128, 556122394227, 21099
556199734736, 556199749043, 14307
556298594404, 556298606815, 12411
556320157004, 556320163430, 6426
556397567817, 556397581812, 13995
556419075957, 556419081423, 5466
556496380469, 556496393600, 13131
556518000748, 556518008146, 7398
556595320483, 556595340181, 19698
556616917523, 556616924312, 6789
556694303469, 556694317629, 14160
556715876488, 556715893759, 17271
556793167246, 556793180677, 13431
556814767804, 556814774374, 6570
556892150245, 556892163940, 13695
556913679325, 556913686288, 6963
556991039548, 556991053459, 13911
557012601171, 557012607918, 6747
557090003055, 557090022333, 19278
557111538231, 557111547849, 9618
557189124644, 557189145377, 20733
557210456060, 557210463923, 7863
557287832806, 557287846315, 13509
557309368065, 557309374209, 6144
557386724298, 557386741393, 17095
557408284185, 557408290897, 6712
557485535056, 557485549522, 14466
557507208258, 557507214840, 6582
557584522479, 557584535433, 12954
557606122774, 557606130046, 7272
557683801721, 557683813772, 12051
557705045624, 557705052065, 6441
557782673261, 557782687190, 13929
557803969267, 557803976773, 7506
557881160002, 557881175164, 15162
557902900727, 557902909598, 8871
557980454567, 557980467929, 13362
558001804617, 558001807998, 3381
558079459975, 558079474939, 14964
558100725671, 558100732772, 7101
558178140587, 558178153649, 13062
558199665588, 558199675419, 9831
558277060246, 558277074454, 14208
558298571367, 558298578102, 6735
558375961161, 558375975015, 13854
558397487666, 558397494518, 6852
558474892169, 558474905108, 12939
558496420972, 558496431169, 10197
558573775141, 558573789442, 14301
558595335358, 558595342603, 7245
558673219962, 558673229988, 10026
558694252087, 558694258588, 6501
558771013518, 558771091872, 78354
558793174779, 558793181175, 6396
558884524175, 558884530961, 6786
558983583548, 558983589479, 5931
559082592680, 559082604077, 11397
559089950123, 559089960119, 9996
559181250557, 559181258873, 8316
559280156594, 559280165225, 8631
559287791428, 559287806029, 14601
559379172076, 559379178886, 6810
559478077654, 559478084461, 6807
559577016632, 559577024054, 7422
559675900300, 559675907950, 7650
559774813239, 559774820727, 7488
559873821729, 559873830369, 8640
559972696672, 559972704946, 8274
560071385851, 560071402378, 16527
560170531005, 560170539429, 8424
560178058185, 560178064464, 6279
560269415516, 560269423547, 8031
560368478979, 560368486935, 7956
560467330205, 560467337549, 7344
560566240224, 560566247196, 6972
560665055619, 560665063635, 8016
560764044470, 560764051163, 6693
560862973410, 560862980763, 7353
560961964333, 560961972514, 8181
561060757044, 561060765153, 8109
561159704238, 561159716934, 12696
561258599508, 561258605937, 6429
561357363364, 561357376028, 12664
561456380410, 561456387679, 7269
561555372339, 561555380949, 8610
561654234155, 561654241076, 6921
561753136307, 561753143822, 7515
561851931910, 561851945128, 13218
561951152220, 561951160605, 8385
562050010939, 562050019381, 8442
562148909516, 562148916641, 7125
562247878366, 562247886901, 8535
562346753165, 562346760707, 7542
562354306055, 562354312751, 6696
562445687898, 562445695101, 7203
562544430741, 562544452134, 21393
562643284302, 562643290206, 5904
562727825227, 562727830846, 5619
562749992030, 562749997472, 5442
562827269926, 562827283453, 13527
562848911248, 562848919567, 8319
562926597540, 562926610686, 13146
562947843061, 562947852406, 9345
563025398854, 563025412669, 13815
563046749809, 563046756610, 6801
563124331629, 563124345033, 13404
563145690267, 563145700332, 10065
563222930889, 563222944866, 13977
563244600545, 563244610589, 10044
563322019069, 563322058225, 39156
563343511714, 563343516535, 4821
563420279406, 563420287155, 7749
563442436620, 563442443715, 7095
563519808085, 563519821216, 13131
563541367260, 563541376557, 9297
563618904963, 563618918274, 13311
563640278817, 563640285162, 6345
563718257310, 563718270846, 13536
563739200913, 563739207375, 6462
563816430564, 563816439375, 8811
563838120309, 563838127158, 6849
563915245071, 563915258133, 13062
563937043560, 563937049728, 6168
564014239617, 564014252877, 13260
564035966570, 564035973332, 6762
564113535641, 564113548502, 12861
564134879380, 564134886913, 7533
564211957702, 564211994725, 37023
564233795479, 564233801248, 5769
564311188438, 564311202094, 13656
564332716635, 564332720031, 3396
564409832675, 564409841621, 8946
564431636190, 564431643900, 7710
564508997360, 564509010875, 13515
564530562332, 564530568329, 5997
564607815581, 564607828847, 13266
564629479427, 564629485391, 5964
564706793970, 564706809546, 15576
564728400465, 564728406216, 5751
564806016244, 564806030461, 14217
564827325238, 564827331361, 6123
564904702451, 564904716455, 14004
564926252578, 564926260441, 7863
565003109448, 565003116072, 6624
565025166909, 565025173770, 6861
565102656699, 565102671300, 14601
565124084959, 565124092621, 7662
565201462438, 565201476757, 14319
565223001328, 565223007781, 6453
565300355070, 565300368870, 13800
565321929264, 565321935939, 6675
565399180505, 565399193843, 13338
565498405441, 565498420510, 15069
565519764192, 565519770699, 6507
565597266498, 565597279893, 13395
565618688297, 565618694456, 6159
565696325017, 565696338469, 13452
565717601655, 565717605423, 3768
565795396482, 565795409715, 13233
565816537800, 565816545006, 7206
565894065946, 565894080361, 14415
565915448263, 565915454155, 5892
565992832895, 565992846071, 13176
566014371684, 566014378797, 7113
566092013681, 566092026218, 12537
566113288371, 566113294530, 6159
566190652616, 566190666416, 13800
566212210986, 566212217130, 6144
566289812148, 566289824664, 12516
566311132493, 566311138070, 5577
566388912241, 566388924223, 11982
566410055699, 566410066580, 10881
566487436513, 566487449965, 13452
566508968671, 566508975052, 6381
566586588514, 566586605554, 17040
566607894567, 566607901317, 6750
566685294988, 566685307861, 12873
566706831013, 566706842725, 11712
566784169628, 566784183908, 14280
566805678401, 566805684446, 6045
566883003613, 566883017428, 13815
566904517271, 566904523541, 6270
566981838709, 566981852242, 13533
567003359318, 567003365528, 6210
567080673899, 567080687744, 13845
567102202438, 567102208177, 5739
567179526376, 567179539576, 13200
567201046647, 567201054975, 8328
567278362396, 567278376346, 13950
567299911624, 567299922610, 10986
567377261458, 567377275174, 13716
567398727971, 567398735303, 7332
567476079711, 567476092263, 12552
567497570954, 567497577848, 6894
567574890230, 567574910696, 20466
567596406492, 567596414778, 8286
567673743759, 567673757895, 14136
567695271423, 567695284194, 12771
567772550132, 567772562585, 12453
567794108213, 567794118710, 10497
567871410714, 567871424103, 13389
567892934202, 567892940943, 6741
567970258418, 567970272038, 13620
567991792610, 567991810628, 18018
568069114484, 568069128725, 14241
568090622870, 568090633307, 10437
568167958468, 568167973348, 14880
568189460294, 568189468133, 7839
568266793342, 568266808648, 15306
568288316211, 568288323384, 7173
568365612544, 568365624787, 12243
568387141155, 568387147515, 6360
568464341717, 568464351383, 9666
568563298872, 568563312546, 13674
568584825034, 568584831400, 6366
568662124635, 568662137877, 13242
568683663449, 568683670238, 6789
568760656311, 568760669244, 12933
568782555644, 568782575864, 20220
568859812127, 568859825414, 13287
568881372434, 568881379187, 6753
568958444046, 568958463381, 19335
568980213434, 568980535148, 321714
569057510640, 569057524056, 13416
569079051009, 569079064008, 12999
569156366744, 569156381684, 14940
569177869968, 569177876919, 6951
569254733742, 569254745562, 11820
569276708359, 569276715358, 6999
569354030030, 569354043416, 13386
569375576628, 569375586585, 9957
569452900889, 569452914113, 13224
569474488092, 569474513406, 25314
569551741229, 569551754486, 13257
569573253754, 569573262871, 9117
569650372164, 569650384059, 11895
569672075534, 569672081573, 6039
569749235268, 569749247916, 12648
569770938557, 569770948697, 10140
569848201626, 569848216074, 14448
569869781605, 569869794385, 12780
569947077416, 569947090844, 13428
569968650655, 569968667221, 16566
570045945811, 570045959119, 13308
570067469436, 570067480407, 10971
570144604364, 570144619250, 14886
570166282418, 570166289255, 6837
570243437887, 570243456448, 18561
570265126240, 570265133074, 6834
570342686672, 570342706715, 20043
570363965981, 570363973457, 7476
570441320101, 570441342052, 21951
570462807539, 570462813701, 6162
570540120058, 570540134059, 14001
570561656967, 570561665388, 8421
570638954114, 570638967023, 12909
570660490091, 570660496694, 6603
570737804223, 570737817285, 13062
570759331090, 570759333934, 2844
570836626206, 570836639691, 13485
570858175212, 570858182370, 7158
570935485528, 570935498662, 13134
570957029854, 570957037909, 8055
571034334208, 571034347624, 13416
571055857121, 571055863670, 6549
571133182933, 571133196826, 13893
571154712918, 571154722638, 9720
571232005758, 571232019384, 13626
571253544497, 571253551328, 6831
571330855605, 571330869306, 13701
571352382636, 571352389209, 6573
571429695597, 571429709529, 13932
571451225056, 571451231596, 6540
571528318527, 571528336515, 17988
571627397614, 571627410613, 12999
571648905562, 571648912684, 7122
571726212445, 571726225312, 12867
571747757910, 571747767939, 10029
571825026760, 571825040620, 13860
571846584186, 571846591254, 7068
571923894731, 571923908738, 14007
571945426022, 571945430159, 4137
572022729968, 572022744008, 14040
572044282960, 572044301548, 18588
572121571418, 572121584357, 12939
572143112656, 572143120447, 7791
572220407006, 572220420671, 13665
572241952667, 572241959567, 6900
572319302618, 572319316229, 13611
572340814205, 572340822635, 8430
572418094344, 572418107028, 12684
572439633641, 572439640868, 7227
572516949697, 572516963215, 13518
572538475232, 572538482327, 7095
572615564036, 572615576522, 12486
572637318504, 572637325518, 7014
572714646170, 572714659421, 13251
572736171800, 572736181205, 9405
572813476354, 572813489878, 13524
572835004771, 572835015460, 10689
572911928791, 572911934926, 6135
572933841133, 572933848795, 7662
573011145744, 573011158566, 12822
573032676339, 573032682900, 6561
573110075251, 573110089459, 14208
573131544269, 573131554871, 10602
573208788377, 573208802837, 14460
573230364709, 573230371885, 7176
573307672641, 573307685943, 13302
573329222859, 573329233104, 10245
573406585868, 573406599809, 13941
573428072252, 573428082473, 10221
573505322064, 573505336698, 14634
573526895582, 573526903649, 8067
573604197410, 573604211540, 14130
573625729209, 573625732986, 3777
573702976765, 573702989950, 13185
573724569117, 573724576236, 7119
573801914622, 573801927888, 13266
573823410973, 573823418149, 7176
573900416630, 573900424190, 7560
573922254014, 573922260176, 6162
573999517961, 573999532253, 14292
574021090857, 574021098336, 7479
574097951435, 574097965904, 14469
574119940056, 574119946734, 6678
574197138008, 574197151424, 13416
574218772133, 574218779408, 7275
574296145451, 574296158165, 12714
574317660425, 574317683102, 22677
574394953774, 574394968642, 14868
574416456611, 574416462854, 6243
574493781219, 574493795562, 14343
574515303245, 574515309824, 6579
574592668349, 574592689388, 21039
574691455327, 574691468671, 13344
574713003635, 574713012581, 8946
574790253844, 574790268778, 14934
574811845018, 574811855542, 10524
574889116716, 574889129916, 13200
574910661093, 574910668497, 7404
574987931372, 574987945799, 14427
575009507311, 575009514616, 7305
575086817999, 575086832072, 14073
575108348259, 575108355486, 7227
575185663061, 575185674926, 11865
575207190385, 575207198842, 8457
575284510880, 575284523816, 12936
575306312786, 575306321780, 8994
575383337166, 575383350333, 13167
575404868993, 575404876550, 7557
575482190050, 575482203832, 13782
575503734893, 575503743518, 8625
575581028522, 575581043207, 14685
575602556548, 575602563868, 7320
575679927559, 575679946033, 18474
575701415777, 575701426943, 11166
575778851742, 575778872391, 20649
575800233516, 575800240506, 6990
575877587286, 575877601746, 14460
575899103728, 575899114567, 10839
575976472269, 575976490653, 18384
575997935984, 575997947540, 11556
576074775428, 576074790572, 15144
576096765534, 576096772218, 6684
576174050618, 576174064481, 13863
576195619063, 576195628333, 9270
576272632937, 576272640677, 7740
576294452933, 576294460520, 7587
576371402856, 576371408424, 5568
576393308089, 576393319624, 11535
576470472134, 576470508140, 36006
576495082311, 576495094584, 12273
576568831636, 576568964045, 132409
576590964797, 576590972135, 7338
576682058520, 576682071630, 13110
576781139934, 576781152813, 12879
576881163305, 576881174006, 10701
576887494385, 576887500856, 6471
576978570158, 576978576833, 6675
577077604765, 577077612787, 8022
577176264903, 577176279495, 14592
577275093411, 577275106794, 13383
577374124944, 577374132456, 7512
577472958789, 577472966751, 7962
577571840980, 577571853517, 12537
577671141493, 577671167356, 25863
577678233341, 577678241195, 7854
577769311901, 577769333984, 22083
577868369166, 577868375865, 6699
577967333699, 577967341334, 7635
578066049664, 578066057686, 8022
578164947277, 578164954963, 7686
578263692058, 578263699726, 7668
578363903284, 578363923609, 20325
578462102276, 578462125748, 23472
578560220997, 578560228797, 7800
578659197607, 578659205398, 7791
578757899296, 578757907135, 7839
578856547281, 578856560799, 13518
578955587994, 578955594966, 6972
579054263525, 579054284237, 20712
579153620147, 579153627350, 7203
579160858337, 579160868054, 9717
579252025444, 579252032245, 6801
579350762057, 579350780906, 18849
579436181561, 579436190855, 9294
579457363764, 579457369353, 5589
579534649653, 579534663633, 13980
579556203620, 579556209980, 6360
579633552382, 579633566188, 13806
579655055740, 579655065055, 9315
579732345198, 579732359715, 14517
579753890920, 579753898084, 7164
579831173261, 579831188858, 15597
579852731048, 579852733778, 2730
579929429570, 579929451689, 22119
579951571901, 579951578204, 6303
580042847740, 580042856740, 9000
580141686262, 580141700731, 14469
580240550737, 580240557661, 6924
580339205593, 580339220263, 14670
580437997847, 580438006040, 8193
580536863916, 580536888342, 24426
580635680815, 580635695779, 14964
580721064782, 580721079467, 14685
580742299109, 580742306027, 6918
580819699336, 580819721818, 22482
580841163650, 580841172509, 8859
580918464306, 580918482180, 17874
580939997364, 580940005860, 8496
581016703145, 581016708242, 5097
581038831712, 581038837670, 5958
581116183324, 581116196308, 12984
581137661501, 581137667294, 5793
581214959231, 581214972548, 13317
581236505814, 581236513803, 7989
581313824263, 581313837010, 12747
581335347753, 581335354950, 7197
581412661033, 581412674569, 13536
581434192676, 581434201328, 8652
581511378706, 581511422389, 43683
581533034512, 581533041532, 7020
581610369508, 581610382270, 12762
581631884865, 581631893487, 8622
581709248372, 581709497471, 249099
581730713115, 581730721674, 8559
581808051461, 581808064628, 13167
581829558217, 581829566341, 8124
581906901365, 581906914634, 13269
581928395522, 581928401549, 6027
582005635464, 582005648577, 13113
582027236422, 582027244021, 7599
582104058562, 582104114486, 55924
582126096264, 582126107568, 11304
582203152192, 582203163385, 11193
582224918985, 582224924976, 5991
582301832473, 582301845931, 13458
582323758337, 582323765186, 6849
582401344599, 582401357544, 12945
582422601021, 582422604798, 3777
582500311751, 582500324933, 13182
582521440096, 582521447122, 7026
582599025094, 582599037469, 12375
582620285636, 582620293094, 7458
582697489000, 582697501201, 12201
582719146636, 582719156569, 9933
582795925420, 582795931957, 6537
582817964761, 582817972501, 7740
582895270858, 582895283371, 12513
582916806917, 582916813421, 6504
582994103708, 582994117409, 13701
583015668078, 583015676103, 8025
583093007205, 583093020177, 12972
583114487794, 583114494016, 6222
583191956824, 583191979123, 22299
583213331173, 583213338136, 6963
583290640802, 583290654764, 13962
583312177179, 583312185033, 7854
583389511948, 583389524557, 12609
583411031814, 583411050714, 18900
583488300524, 583488314243, 13719
583509857082, 583509862620, 5538
583586894152, 583586907544, 13392
583608695029, 583608702160, 7131
583685813815, 583685831992, 18177
583707549163, 583707556885, 7722
583784758737, 583784767194, 8457
583883696965, 583883711398, 14433
583905282369, 583905304749, 22380
583982539533, 583982553918, 14385
584004066507, 584004073254, 6747
584081369517, 584081382480, 12963
584102929255, 584102939500, 10245
584179821468, 584179828884, 7416
584201743911, 584201750496, 6585
584279043851, 584279057735, 13884
584300584560, 584300590599, 6039
584377901056, 584377914619, 13563
584399444290, 584399453932, 9642
584476725657, 584476738935, 13278
584498269480, 584498275345, 5865
584575560843, 584575573911, 13068
584597108735, 584597114897, 6162
584674441481, 584674456358, 14877
584695955926, 584695963375, 7449
584773538640, 584773555713, 17073
584794795406, 584794802654, 7248
584872094111, 584872107656, 13545
584893635928, 584893639651, 3723
584970984679, 584970997762, 13083
584992480580, 584992487663, 7083
585070004217, 585070020150, 15933
585091313639, 585091423748, 110109
585168749866, 585168790474, 40608
585182383722, 585182479242, 95520
585267464308, 585267476791, 12483
585289002356, 585289009946, 7590
585366087139, 585366103498, 16359
585387869859, 585387986818, 116959
585481354431, 585481364085, 9654
585486697161, 585486704628, 7467
585585526454, 585585554531, 28077
585662228480, 585662235710, 7230
585684417164, 585684429770, 12606
585761063918, 585761145644, 81726
585783210392, 585783219974, 9582
585874281512, 585874295465, 13953
585973315812, 585973328952, 13140
586072161723, 586072170415, 8692
586170993912, 586171004511, 10599
586269836962, 586269845110, 8148
586368687701, 586368694115, 6414
586467520544, 586467528161, 7617
586566430861, 586566437860, 6999
586665406802, 586665415640, 8838
586764053359, 586764060166, 6807
586862772135, 586862778759, 6624
586870500116, 586870513652, 13536
586961761784, 586961768741, 6957
587060584131, 587060597652, 13521
587159442406, 587159451298, 8892
587258230545, 587258237883, 7338
587357442689, 587357456624, 13935
587455973276, 587455980710, 7434
587554816946, 587554825472, 8526
587653449993, 587653468575, 18582
587752475887, 587752483087, 7200
587851283124, 587851291656, 8532
587950259282, 587950268021, 8739
588049007988, 588049017249, 9261
588147839195, 588147846419, 7224
588246649271, 588246655484, 6213
588345518503, 588345525955, 7452
588444362765, 588444369908, 7143
588543210174, 588543218571, 8397
588642044751, 588642052791, 8040
588740916119, 588740924306, 8187
588839725440, 588839733621, 8181
588938560037, 588938568224, 8187
589037512723, 589037526307, 13584
589136045082, 589136053440, 8358
589235105126, 589235112071, 6945
589334017368, 589334025675, 8307
589432601490, 589432622004, 20514
589531641778, 589531648984, 7206
589630339593, 589630346997, 7404
589729327542, 589729334886, 7344
589828131654, 589828139301, 7647
589926955727, 589926963566, 7839
590025855817, 590025862216, 6399
590124655563, 590124663999, 8436
590223602510, 590223609989, 7479
590322375888, 590322384270, 8382
590421227863, 590421235642, 7779
590520003437, 590520011027, 7590
590618936361, 590618943987, 7626
590717779350, 590717786127, 6777
590816547656, 590816554517, 6861
590915387725, 590915396824, 9099
591014247195, 591014254299, 7104
591113062263, 591113068278, 6015
591211727494, 591211741690, 14196
591310751129, 591310758797, 7668
591409623119, 591409630727, 7608
591508463261, 591508470872, 7611
591607396698, 591607408011, 11313
591706153055, 591706160726, 7671
591804967737, 591804975996, 8259
591903812210, 591903823715, 11505
592002711311, 592002792768, 81457
592101570168, 592101578337, 8169
592200335930, 592200343568, 7638
592299192625, 592299200347, 7722
592398046806, 592398054615, 7809
592496852835, 592496859633, 6798
592595701342, 592595708974, 7632
592694573431, 592694582587, 9156
592793422014, 592793428809, 6795
592892304250, 592892311570, 7320
592991060872, 592991068501, 7629
592998616900, 592998625642, 8742
593089711820, 593089726703, 14883
593188807398, 593188816536, 9138
593287611009, 593287618572, 7563
593386460247, 593386468251, 8004
593485301181, 593485308840, 7659
593584113380, 593584119929, 6549
593682756198, 593682762996, 6798
593781844690, 593781856372, 11682
593880604224, 593880611886, 7662
593979504691, 593979519322, 14631
594078230903, 594078237410, 6507
594177161816, 594177171842, 10026
594275996714, 594276005888, 9174
594374875507, 594374882737, 7230
594473788648, 594473798839, 10191
594572521086, 594572528289, 7203
594671450692, 594671459722, 9030
594770019756, 594770034033, 14277
594869071913, 594869084063, 12150
594967958117, 594967964585, 6468
595066867711, 595066877539, 9828
595165537097, 595165543574, 6477
595264515890, 595264531631, 15741
595363353559, 595363360387, 6828
595462103411, 595462112513, 9102
595561055738, 595561062950, 7212
595659793309, 595659801496, 8187
595758720438, 595758730731, 10293
595857467416, 595857474649, 7233
595956170233, 595956177487, 7254
596055184682, 596055191708, 7026
596062714133, 596062723310, 9177
596153970988, 596153977798, 6810
596252842810, 596252849563, 6753
596351760586, 596351774764, 14178
596450314743, 596450330283, 15540
596549323105, 596549330578, 7473
596648229812, 596648239700, 9888
596747026932, 596747034714, 7782
596845856164, 596845863427, 7263
596944701642, 596944708725, 7083
597043569218, 597043576937, 7719
597142447292, 597142460855, 13563
597241263815, 597241271576, 7761
597340096211, 597340103186, 6975
597438944526, 597438951852, 7326
597537752046, 597537758259, 6213
597636535517, 597636541952, 6435
597735441264, 597735448731, 7467
597834217638, 597834224460, 6822
597933143972, 597933153194, 9222
598032004021, 598032010798, 6777
598130634380, 598130656100, 21720
598229673082, 598229680330, 7248
598328493869, 598328501306, 7437
598427352826, 598427360062, 7236
598526096998, 598526104360, 7362
598625001848, 598625009411, 7563
598723831929, 598723839249, 7320
598822752467, 598822761305, 8838
598921571548, 598921578484, 6936
599020432468, 599020440020, 7552
599119208228, 599119215731, 7503
599126779529, 599126788496, 8967
599218144479, 599218151520, 7041
599316901515, 599316914982, 13467
599415772511, 599415780962, 8451
599514738260, 599514749102, 10842
599613409457, 599613416186, 6729
599712326730, 599712337524, 10794
599811251593, 599811265144, 13551
599909762194, 599909776492, 14298
600008750758, 600008758126, 7368
600107657142, 600107664096, 6954
600206489368, 600206496529, 7161
600305296915, 600305306080, 9165
600404114832, 600404121477, 6645
600503010384, 600503024556, 14172
600601624158, 600601638399, 14241
600700708297, 600700717097, 8800
600799482766, 600799491556, 8790
600898339968, 600898347078, 7110
600997231812, 600997241928, 10116
601096204699, 601096217236, 12537
601194918521, 601194927884, 9363
601293581410, 601293618598, 37188
601392599818, 601392606895, 7077
601491398509, 601491406570, 8061
601590253099, 601590261724, 8625
601689054533, 601689061616, 7083
601787922704, 601787929781, 7077
601886827631, 601886834105, 6474
601985579763, 601985587038, 7275
602084449253, 602084455742, 6489
602183166156, 602183171610, 5454
602282120017, 602282127067, 7050
602381009710, 602381023216, 13506
602479819702, 602479826797, 7095
602578687748, 602578695716, 7968
602677691668, 602677701766, 10098
602776332864, 602776340652, 7788
602875157437, 602875168957, 11520
602974009987, 602974017196, 7209
603072684971, 603072702665, 17694
603171899512, 603171911242, 11730
603270531891, 603270539190, 7299
603369424077, 603369431643, 7566
603468500357, 603468507995, 7638
603567128034, 603567137409, 9375
603665963909, 603665971949, 8040
603764745736, 603764752732, 6996
603863614212, 603863623389, 9177
603962423815, 603962430643, 6828
604061298162, 604061306022, 7860
604160109166, 604160117848, 8682
604258961428, 604258969570, 8142
604357811845, 604357821205, 9360
604456560605, 604456574966, 14361
604555496047, 604555503019, 6972
604654326605, 604654333145, 6540
604753181353, 604753189288, 7935
604852135715, 604852148891, 13176
604950890472, 604950897336, 6864
604958437521, 604958448411, 10890
605049706210, 605049713188, 6978
605148473558, 605148487613, 14055
605247449533, 605247457735, 8202
605254950151, 605254956289, 6138
605346237974, 605346245471, 7497
605445093222, 605445101244, 8022
605543938366, 605543946727, 8361
605642801787, 605642811510, 9723
605741594667, 605741603511, 8844
605840457612, 605840465634, 8022
605939334751, 605939344948, 10197
606038143393, 606038151583, 8190
606137009277, 606137016678, 7401
606235825927, 606235834303, 8376
606334687094, 606334694654, 7560
606433463737, 606433469506, 5769
606532353200, 606532360634, 7434
606631193755, 606631208068, 14313
606729964314, 606729972390, 8076
606828828138, 606828834711, 6573
606927491896, 606927505756, 13860
607026546853, 607026555082, 8229
607125400215, 607125408726, 8511
607224204722, 607224213902, 9180
607323173532, 607323182250, 8718
607421894686, 607421902969, 8283
607520734813, 607520742664, 7851
607620383237, 607620390992, 7755
607718451999, 607718462445, 10446
607817356811, 607817365199, 8388
607916002457, 607916013611, 11154
608014897045, 608015074495, 177450
608113783540, 608113793368, 9828
608212692590, 608212710194, 17604
608311495609, 608311505341, 9732
608410302713, 608410309928, 7215
608509118302, 608509130254, 11952
608608016953, 608608024558, 7605
608706837714, 608706848880, 11166
608805713138, 608805722918, 9780
608904545508, 608904561774, 16266
609003347865, 609003358521, 10656
609102237669, 609102247857, 10188
609200862758, 609200886932, 24174
609299873420, 609299881499, 8079
609398747804, 609398756849, 9045
609497530552, 609497536888, 6336
609596401609, 609596411398, 9789
609695423602, 609695450644, 27042
609794122483, 609794132038, 9555
609892961429, 609892972277, 10848
609991767142, 609991778455, 11313
610090585201, 610090592113, 6912
610189691669, 610189718900, 27231
610288317078, 610288324182, 7104
610386991262, 610386998033, 6771
610486020598, 610486033510, 12912
610584802810, 610584810937, 8127
610683712651, 610683723658, 11007
610782516013, 610782523597, 7584
610881234220, 610881240283, 6063
610980209793, 610980218592, 8799
610669679938, 610669693288, 13350
610691217715, 610691224837, 7122
610768257794, 610768267562, 9768
610790050018, 610790056036, 6018
610867369238, 610867383059, 13821
610888937623, 610888952011, 14388
610966210994, 610966224074, 13080
610987749990, 610987760895, 10905
611065051077, 611065065093, 14016
611086599656, 611086610105, 10449
611163874256, 611163887888, 13632
611185437485, 611185458959, 21474
611262731636, 611262745946, 14310
611284279535, 611284291376, 11841
611361580624, 611361594298, 13674
611460401088, 611460414144, 13056
611481956039, 611481964847, 8808
611559247405, 611559261481, 14076
611580786987, 611580793674, 6687
611658110304, 611658123810, 13506
611679647228, 611679656672, 9444
611756639788, 611756655012, 15224
611778481754, 611778490724, 8970
611855787234, 611855799915, 12681
611877312518, 611877319190, 6672
611954419094, 611954429453, 10359
611976154112, 611976161783, 7671
612053469512, 612053482898, 13386
612074993691, 612074999193, 5502
612152317336, 612152330998, 13662
612173827943, 612173835692, 7749
612250880426, 612250898099, 17673
612272697614, 612272710712, 13098
612350000543, 612350013155, 12612
612371522950, 612371533417, 10467
612448760202, 612448773243, 13041
612470352054, 612470359017, 6963
612547675617, 612547688910, 13293
612569212709, 612569233955, 21246
612646518197, 612646532738, 14541
612668034897, 612668041236, 6339
612745362208, 612745376836, 14628
612766900979, 612766911080, 10101
612844030851, 612844042635, 11784
612865743142, 612865750318, 7176
612943027466, 612943041866, 14400
612964579555, 612964591759, 12204
613041876934, 613041891331, 14397
613063416741, 613063425711, 8970
613140710700, 613140723336, 12636
613162263457, 613162275850, 12393
613239547749, 613239562263, 14514
613261101259, 613261112497, 11238
613337781638, 613337787263, 5625
613359922821, 613359929577, 6756
613437267394, 613437281182, 13788
613458772874, 613458779567, 6693
613536076810, 613536089737, 12927
613557608468, 613557611777, 3309
613635034655, 613635054500, 19845
613656451032, 613656459150, 8118
613733740455, 613733753883, 13428
613755287981, 613755295403, 7422
613832600385, 613832614242, 13857
613854136571, 613854144380, 7809
613931460852, 613931474931, 14079
613952987106, 613952996502, 9396
614030257764, 614030271075, 13311
614051813060, 614051819699, 6639
614129060642, 614129088452, 27810
614150677236, 614150686653, 9417
614227861088, 614227874957, 13869
614249494786, 614249501272, 6486
614326748420, 614326761872, 13452
614348352271, 614348364253, 11982
614425643680, 614425657015, 13335
614524432122, 614524445124, 13002
614546020382, 614546025983, 5601
614623346767, 614623360345, 13578
614644866013, 614644873510, 7497
614722181377, 614722194796, 13419
614743701317, 614743706699, 5382
614821040109, 614821054077, 13968
614842564539, 614842574832, 10293
614919879179, 614919893072, 13893
614941388125, 614941394716, 6591
615018765394, 615018785176, 19782
615040224567, 615040231590, 7023
615117548244, 615117562833, 14589
615139066267, 615139073581, 7314
615216377259, 615216391038, 13779
615237912060, 615237919755, 7695
615315225497, 615315239837, 14340
615336754615, 615336762457, 7842
615414075689, 615414088892, 13203
615435605691, 615435614712, 9021
615512906324, 615512919362, 13038
615534432952, 615534438910, 5958
615611768400, 615611782902, 14502
615633278909, 615633286028, 7119
615710868554, 615710887604, 19050
615732117284, 615732123908, 6624
615809418137, 615809433254, 15117
615830958255, 615830965182, 6927
615907657781, 615907666223, 8442
615929833757, 615929843438, 9681
616006899621, 616006912851, 13230
616028647227, 616028653422, 6195
616105957823, 616105972388, 14565
616127526566, 616127533973, 7407
616204793239, 616204807063, 13824
616226327753, 616226341478, 13725
616303636244, 616303649102, 12858
616325162482, 616325169238, 6756
616402484515, 616402498171, 13656
616424020956, 616424030355, 9399
616501291624, 616501304602, 12978
616522863915, 616522874256, 10341
616600165085, 616600179422, 14337
616621712175, 616621723989, 11814
616698997122, 616699010706, 13584
616720578167, 616720593497, 15330
616798059348, 616798072551, 13203
616819393660, 616819404193, 10533
616896677522, 616896691865, 14343
616918211791, 616918218109, 6318
616995266879, 616995276002, 9123
617017057838, 617017066406, 8568
617094254574, 617094268128, 13554
617115891269, 617115898370, 7101
617193253090, 617193266254, 13164
617214733240, 617214738988, 5748
617292253388, 617292266702, 13314
617313592193, 617313600020, 7827
617390893156, 617390906983, 13827
617412417966, 617412424761, 6795
617489955692, 617489969099, 13407
617511258814, 617511264577, 5763
617588551285, 617588564950, 13665
617610100030, 617610106924, 6894
617687249469, 617687262042, 12573
617708938649, 617708943014, 4365
617785670260, 617785729759, 59499
617807782387, 617807789245, 6858
617900372741, 617900384171, 11430
617997982003, 617998003435, 21432
618096751073, 618096763604, 12531
618195517758, 618195524838, 7080
618294388167, 618294395463, 7296
618393065644, 618393081180, 15536
618492063845, 618492070763, 6918
618590984128, 618590992126, 7998
618689855466, 618689861973, 6507
618788633899, 618788641039, 7140
618887488507, 618887495641, 7134
618986368574, 618986384690, 16116
619085220429, 619085228469, 8040
619183974166, 619183980646, 6480
619282844251, 619282851727, 7476
619381490455, 619381503616, 13161
619480540710, 619480547913, 7203
619579444516, 619579452343, 7827
619678325043, 619678332903, 7860
619777062400, 619777070332, 7932
619875951722, 619875958289, 6567
619974817486, 619974824110, 6624
620073595991, 620073602594, 6603
620172441276, 620172448803, 7527
620271350151, 620271359826, 9675
620370168325, 620370175849, 7524
620468975149, 620468981908, 6759
620567882717, 620567891951, 9234
620575449473, 620575462265, 12792
620666435723, 620666457896, 22173
620765428013, 620765434586, 6573
620864307146, 620864314097, 6951
620963177374, 620963183992, 6618
621062019521, 621062026061, 6540
621160868858, 621160876892, 8034
621259703721, 621259710426, 6705
621358509933, 621358517112, 7179
621457349957, 621457357325, 7368
621556220566, 621556227949, 7383
621655061026, 621655068511, 7485
621753875757, 621753884100, 8343
621852715537, 621852722764, 7227
621951536859, 621951544572, 7713
622050404871, 622050412647, 7776
622149251530, 622149258376, 6846
622248081839, 622248089342, 7503
622346727835, 622346747581, 19746
622445555955, 622445561367, 5412
622544686977, 622544696163, 9186
622643490908, 622643498288, 7380
622742315666, 622742325584, 9918
622841069613, 622841076936, 7323
622939991955, 622940003118, 11163
623038837979, 623038850297, 12318
623137762079, 623137775162, 13083
623236591079, 623236604147, 13068
623335416352, 623335424389, 8037
623434255815, 623434266144, 10329
623533042562, 623533049798, 7236
623631659685, 623631665238, 5553
623730692835, 623730700158, 7323
623829568271, 623829576494, 8223
623928413147, 623928420266, 7119
624027217908, 624027226203, 8295
624126090132, 624126096990, 6858
624224732763, 624224755020, 22257
624323743156, 624323750245, 7089
624422585330, 624422593763, 8433
624112011645, 624112024086, 12441
624133624110, 624133631532, 7422
624210947646, 624210961899, 14253
624232476285, 624232484373, 8088
624309793880, 624309807875, 13995
624331337305, 624331348054, 10749
624408636221, 624408649355, 13134
624430158644, 624430164176, 5532
624507480181, 624507493897, 13716
624528989199, 624528995904, 6705
624606304552, 624606318391, 13839
624627832381, 624627838021, 5640
624704796003, 624704808789, 12786
624726680411, 624726687272, 6861
624804005688, 624804020082, 14394
624825793921, 624825801358, 7437
624902690588, 624902705201, 14613
624924354014, 624924360152, 6138
625001672068, 625001685481, 13413
625029500907, 625029511233, 10326
625100520224, 625100535146, 14922
625122059544, 625122070971, 11427
625199420355, 625199441811, 21456
625220879401, 625220886892, 7491
625298199060, 625298213652, 14592
625319722010, 625319730746, 8736
625396820376, 625396833840, 13464
625418561513, 625418568929, 7416
625495712993, 625495719116, 6123
625517401105, 625517406676, 5571
625594731168, 625594745400, 14232
625616244166, 625616250916, 6750
625693562019, 625693576662, 14643
625715118396, 625715136939, 18543
625792394147, 625792407950, 13803
625813926015, 625813932873, 6858
625891083684, 625891097439, 13755
625912766978, 625912773404, 6426
625989862998, 625989877671, 14673
626011632238, 626011640890, 8652
626088939794, 626088954266, 14472
626110450718, 626110456805, 6087
626187888434, 626187902192, 13758
626209291248, 626209297167, 5919
626286472661, 626286490281, 17620
626308157209, 626308166698, 9489
626385149623, 626385161059, 11436
626484527348, 626484542495, 15147
626505817906, 626505824158, 6252
626582919029, 626582930486, 11457
626604657161, 626604663563, 6402
626682245981, 626682259136, 13155
626703498573, 626703505776, 7203
626780678798, 626780692970, 14172
626802386947, 626802403201, 16254
626879386690, 626879400760, 14070
626901180812, 626901187580, 6768
626978534222, 626978548559, 14337
627000037496, 627000045896, 8400
627077346834, 627077361417, 14583
627098860135, 627098864833, 4698
627176185451, 627176199110, 13659
627197706583, 627197713126, 6543
627274904408, 627274916801, 12393
627296551793, 627296558897, 7104
627373837350, 627373850880, 13530
627395387018, 627395393384, 6366
627472879065, 627472894617, 15552
627494237740, 627494244610, 6870
627571500751, 627571514398, 13647
627593087729, 627593096348, 8619
627670470726, 627670486344, 15618
627691914221, 627691921490, 7269
627769237548, 627769252461, 14913
627790751288, 627790757180, 5892
627868095617, 627868111253, 15636
627889611086, 627889620542, 9456
627966936770, 627966948446, 11676
627988822300, 627988829170, 6870
628065759029, 628065772592, 13563
628087275341, 628087281935, 6594
628164659172, 628164673989, 14817
628186131605, 628186141403, 9798
628263444743, 628263459203, 14460
628284961935, 628284968856, 6921
628362270374, 628362285092, 14718
628383800194, 628383807055, 6861
628461107374, 628461120817, 13443
628482660186, 628482670080, 9894
628559962290, 628559975562, 13272
628581481762, 628581489040, 7278
628658792754, 628658807154, 14400
628680341246, 628680348245, 6999
628757621113, 628757634832, 13719
628779185052, 628779193719, 8667
628856472320, 628856487122, 14802
628878015349, 628878022540, 7191
628955384940, 628955405097, 20157
628976846709, 628976851929, 5220
629054249676, 629054271765, 22089
629075707276, 629075717248, 9972
629152984368, 629152999257, 14889
629174531318, 629174537009, 5691
629251566788, 629251577693, 10905
629273384042, 629273391935, 7893
629350682338, 629350695535, 13197
629372219964, 629372231496, 11532
629449523452, 629449539068, 15616
629471054074, 629471061673, 7599
629548417480, 629548435804, 18324
629569914939, 629569926870, 11931
629646896342, 629646902843, 6501
629668738373, 629668746425, 8052
629746060765, 629746074094, 13329
629844898385, 629844912845, 14460
629866418882, 629866425995, 7113
629943564742, 629943578749, 14007
629965280807, 629965289546, 8739
630042586927, 630042600883, 13956
630064122139, 630064130080, 7941
630141427550, 630141441260, 13710
630162941306, 630162948896, 7590
630240136321, 630240149950, 13629
630261805925, 630261814772, 8847
630338513474, 630338520203, 6729
630360638363, 630360648419, 10056
630437996346, 630438009582, 13236
630459493311, 630459513111, 19800
630536668411, 630536682244, 13833
630558310711, 630558317326, 6615
630635908573, 630635921473, 12900
630657168666, 630657178290, 9624
630734581056, 630734601426, 20370
630755991260, 630755999096, 7836
630833573203, 630833587354, 14151
630854857645, 630854865040, 7395
630932158752, 630932172870, 14118
630953671945, 630953678518, 6573
631031003071, 631031016997, 13926
631052513994, 631052520333, 6339
631129840288, 631129854559, 14271
631151381761, 631151398618, 16857
631228677437, 631228691459, 14022
631250199317, 631250206409, 7092
631327526902, 631327541068, 14166
631349047669, 631349054491, 6822
631426213561, 631426227286, 13725
631525195674, 631525208712, 13038
631546720516, 631546727566, 7050
631624032888, 631624046178, 13290
631645562088, 631645568874, 6786
631723246638, 631723263732, 17094
631744439732, 631744461914, 22182
631821729010, 631821742720, 13710
631843246071, 631843252695, 6624
631920584953, 631920598753, 13800
631942090063, 631942097542, 7479
632019545740, 632019570523, 24783
632040935237, 632040944012, 8775
632118254583, 632118268812, 14229
632139773726, 632139779021, 5295
632217156491, 632217169862, 13371
632238616949, 632238623000, 6051
632315930816, 632315945090, 14274
632337456306, 632337463440, 7134
632414772128, 632414786099, 13971
632436337636, 632436361930, 24294
632513614578, 632513628816, 14238
632535140117, 632535146315, 6198
632612486960, 632612500085, 13125
632633975306, 632633982353, 7047
632711514810, 632711529033, 14223
632732834762, 632732843639, 8877
632810158165, 632810172742, 14577
632831657204, 632831664284, 7080
632909003309, 632909017232, 13923
632930500529, 632930507927, 7398
633007828152, 633007841349, 13197
633029384853, 633029397048, 12195
633106698508, 633106712734, 14226
633128180408, 633128187455, 7047
633205499038, 633205513102, 14064
633227023587, 633227030439, 6852
633304337487, 633304350255, 12768
633325871829, 633325878171, 6342
633403090630, 633403101142, 10512
633424707494, 633424716179, 8685
633502032507, 633502046328, 13821
633523560963, 633523568523, 7560
633600882252, 633600896445, 14193
633622394657, 633622403504, 8847
633700139996, 633700157461, 17465
633721229887, 633721236719, 6832
633798541572, 633798555048, 13476
633820096413, 633820105557, 9144
633897601856, 633897642036, 40180
633918912350, 633918918683, 6333
633996140091, 633996156582, 16491
634017752287, 634017759571, 7284
634094795114, 634094809064, 13950
634116774641, 634116782105, 7464
634193838045, 634193860275, 22230
634215435962, 634215442694, 6732
634292559703, 634292574010, 14307
634314324786, 634314342882, 18096
634391610636, 634391623791, 13155
634413126345, 634413133560, 7215
634490467924, 634490482360, 14436
634511979545, 634511988323, 8778
634589282897, 634589297621, 14724
634610809120, 634610815579, 6459
634688131072, 634688425063, 293991
634709667019, 634709678275, 11256
634786973016, 634787014242, 41226
634808493515, 634808500283, 6768
634885820352, 634885833597, 13245
634907333770, 634907340316, 6546
634984657351, 634984670185, 12834
635006187305, 635006198567, 11262
635083505124, 635083519212, 14088
635105006937, 635105013489, 6552
635182323943, 635182337587, 13644
635203848116, 635203854335, 6219
635281426236, 635281439256, 13020
635302746552, 635302761363, 14811
635380008177, 635380022133, 13956
635401541258, 635401549133, 7875
635478855598, 635478869005, 13407
635500382648, 635500393610, 10962
635577683529, 635577696456, 12927
635599263258, 635599272540, 9282
635676544034, 635676558257, 14223
635698061903, 635698068269, 6366
635775376096, 635775390517, 14421
635796948890, 635796969017, 20127
635874196453, 635874209968, 13515
635895790097, 635895806783, 16686
635973045671, 635973060149, 14478
635994579242, 635994587456, 8214
636071729065, 636071744326, 15261
636095511926, 636095520758, 8832
636170754471, 636170772498, 18027
636192281025, 636192290124, 9099
636269574906, 636269588511, 13605
636291108655, 636291112558, 3903
636368421239, 636368433719, 12480
636389945882, 636389955041, 9159
636467264240, 636467277377, 13137
636488835685, 636488855296, 19611
636566110495, 636566124109, 13614
636587657404, 636587675041, 17637
636664942402, 636664955599, 13197
636686495794, 636686515624, 19830
636763712905, 636763726975, 14070
636785309561, 636785316674, 7113
636862348437, 636862361415, 12978
636884172210, 636884181636, 9426
636961344667, 636961365124, 20457
636983013296, 636983022518, 9222
637060325910, 637060339791, 13881
637081852827, 637081864302, 11475
637158908312, 637158924428, 16116
637180786845, 637180805928, 19083
637258005466, 637258020430, 14964
637279522669, 637279528291, 5622
637356827048, 637356840479, 13431
637378357442, 637378364489, 7047
637455679562, 637455692315, 12753
637477197457, 637477204237, 6780
637554530123, 637554543971, 13848
637576038957, 637576045068, 6111
637653383051, 637653395513, 12462
637674897970, 637674906910, 8940
637752212059, 637752226624, 14565
637773807212, 637773829106, 21894
637851061145, 637851074573, 13428
637872577088, 637872586220, 9132
637949808230, 637949823041, 14811
637971407556, 637971415662, 8106
638048776653, 638048789976, 13323
638070253085, 638070258782, 5697
638147563514, 638147577242, 13728
638169088245, 638169094155, 5910
638246267475, 638246281026, 13551
638267950614, 638267959182, 8568
638345259284, 638345271602, 12318
638366771389, 638366777485, 6096
638443991255, 638444010746, 19491
638465611380, 638465617584, 6204
638542835238, 638542849791, 14553
638564482452, 638564502267, 19815
638641775489, 638641789469, 13980
638663315939, 638663327861, 11922
638740867854, 638740889451, 21597
638762157164, 638762166383, 9219
638839536181, 638839558237, 22056
638860976415, 638860982997, 6582
638938362811, 638938379428, 16617
639037177523, 639037190942, 13419
639058670322, 639058682340, 12018
639135999205, 639136012291, 13086
639157499967, 639157505976, 6009
639234836759, 639234850208, 13449
639256368537, 639256386603, 18066
639333678984, 639333692841, 13857
639355183454, 639355190621, 7167
639432517964, 639432531734, 13770
639454024057, 639454030594, 6537
639530902742, 639530916587, 13845
639552866633, 639552875171, 8538
639629884593, 639629893224, 8631
639651713498, 639651721772, 8274
639729072480, 639729085791, 13311
639750548342, 639750556295, 7953
639827876982, 639827891403, 14421
639849471941, 639849499901, 27960
639926736458, 639926749916, 13458
639948230162, 639948237560, 7398
640025574002, 640025587667, 13665
640047082653, 640047089883, 7230
640124426389, 640124440084, 13695
640145913436, 640145921299, 7863
640223240981, 640223254769, 13788
640244753535, 640244760720, 7185
640322278337, 640322292812, 14475
640343596718, 640343602880, 6162
640420774983, 640420788744, 13761
640442436327, 640442442573, 6246
640519969136, 640519982960, 13824
640541278488, 640541285175, 6687
640618409761, 640618422610, 12849
640640117439, 640640122023, 4584
640717605558, 640717618227, 12669
640738986375, 640738997778, 11403
640816455257, 640816467746, 12489
640837801032, 640837808148, 7116
640915111795, 640915125370, 13575
640936643922, 640936650318, 6396
641014167045, 641014180110, 13065
641038901824, 641038912777, 10953
641112363448, 641112373162, 9714
641134325284, 641134332514, 7230
641211695498, 641211709748, 14250
641233168494, 641233174539, 6045
641310524409, 641310538335, 13926
641332009941, 641332016493, 6552
641409350849, 641409365114, 14265
641430850516, 641430856144, 5628
641508185011, 641508198343, 13332
641529692017, 641529698851, 6834
641606927956, 641606941471, 13515
641628576668, 641628594536, 17868
641705812271, 641705825999, 13728
641727385282, 641727395743, 10461
641804903730, 641804917041, 13311
641826233961, 641826242604, 8643
641903404404, 641903419239, 14835
641925058981, 641925066355, 7374
642002385389, 642002400074, 14685
642023897930, 642023904740, 6810
642100981875, 642101008115, 26240
642122737654, 642122744926, 7272
642200347816, 642200360635, 12819
642221585109, 642221592816, 7707
642298487299, 642298498513, 11214
642320419543, 642320425759, 6216
642397742010, 642397755186, 13176
642419262126, 642419269644, 7518
642496757094, 642496769784, 12690
642518102350, 642518107123, 4773
642595678467, 642595693401, 14934
642616966048, 642616983844, 17796
642694273236, 642694287567, 14331
642715789618, 642715796056, 6438
642793238180, 642793252304, 14124
642814660200, 642814678047, 17847
642891962320, 642891975574, 13254
642913468217, 642913474526, 6309
642990616780, 642990629473, 12693
643012314628, 643012321648, 7020
643089383909, 643089394334, 10425
643111164750, 643111174965, 10215
643188482987, 643188497213, 14226
643209993484, 643209999931, 6447
643287253428, 643287265956, 12528
643308835092, 643308840972, 5880
643386143215, 643386157642, 14427
643407695189, 643407706574, 11385
643484984670, 643484996856, 12186
643506517141, 643506524512, 7371
643583824823, 643583838971, 14148
643605376106, 643605386474, 10368
643682654031, 643682667801, 13770
643704200405, 643704207185, 6780
643781362420, 643781375674, 13254
643803106273, 643803113581, 7308
643879742794, 643879828623, 85829
643901931904, 643901947636, 15732
643993189904, 643993196915, 7011
644092190551, 644092205311, 14760
644190887498, 644190894734, 7236
644289707499, 644289713823, 6324
644388477721, 644388484816, 7095
644487329542, 644487336166, 6624
644586203075, 644586210605, 7530
644685105416, 644685115325, 9909
644783918593, 644783927485, 8892
644882873291, 644882884520, 11229
644981605898, 644981617574, 11676
645080407242, 645080415051, 7809
645179253243, 645179260224, 6981
645278147389, 645278155066, 7677
645376933007, 645376942085, 9078
645475805605, 645475812592, 6987
645574654267, 645574661116, 6849
645673489737, 645673498821, 9084
645772304507, 645772312187, 7680
645871140216, 645871146618, 6402
645969863360, 645969894656, 31296
646068816009, 646068825777, 9768
646076392446, 646076398926, 6480
646167663645, 646167670971, 7326
646266509294, 646266517037, 7743
646365378572, 646365385523, 6951
646464216294, 646464225048, 8754
646562971168, 646562977891, 6723
646661839577, 646661852345, 12768
646760773167, 646760788314, 15147
646859358833, 646859372849, 14016
646958400165, 646958408370, 8205
647057262302, 647057269226, 6924
647156139735, 647156153148, 13413
647254935090, 647254944132, 9042
647353767225, 647353775664, 8439
647452598359, 647452606075, 7716
647551681760, 647551688255, 6495
647650310878, 647650318618, 7740
647749136852, 647749144961, 8109
647847978247, 647847985732, 7485
647946797815, 647946809554, 11739
648045672321, 648045681735, 9414
648144628796, 648144640913, 12117
648243287738, 648243295967, 8229
648250896611, 648250902953, 6342
648342161656, 648342168247, 6591
648440805441, 648440900943, 95502
648525791850, 648525799194, 7344
648547422062, 648547428911, 6849
648624441353, 648624454910, 13557
648646264064, 648646392361, 128297
648723563458, 648723577314, 13856
648737331113, 648737409229, 78116
648822316736, 648822331037, 14301
648843967534, 648843977866, 10332
648921275372, 648921289040, 13668
648942799451, 648942805505, 6054
649020257642, 649020272546, 14904
649041629814, 649041637707, 7893
649118959939, 649118973136, 13197
649140503430, 649140512475, 9045
649217791049, 649217805698, 14649
649239320539, 649239328306, 7767
649316637987, 649316652432, 14445
649338152156, 649338158543, 6387
649415245452, 649415259447, 13995
649436993267, 649437000314, 7047
649514296344, 649514308686, 12342
649535837119, 649535844367, 7248
649612971470, 649612982876, 11406
649634687630, 649634696411, 8781
649711656397, 649711671715, 15318
649733537590, 649733548951, 11361
649810888150, 649810901944, 13794
649832373696, 649832381553, 7857
649909520701, 649909532707, 12006
649931220773, 649931231165, 10392
650008590342, 650008603437, 13095
650030044833, 650030052012, 7179
650107112017, 650107122754, 10737
650128880894, 650128887782, 6888
650205991827, 650206005303, 13476
650227754958, 650227765590, 10632
650304796796, 650304809330, 12534
650326566152, 650326573367, 7215
650404121611, 650404139029, 17418
650425411427, 650425417784, 6357
650502858543, 650502872766, 14223
650524246684, 650524253167, 6483
650601585439, 650601598981, 13542
650623085689, 650623089208, 3519
650700440161, 650700453331, 13170
650721935026, 650721941833, 6807
650799309963, 650799332523, 22560
650820801457, 650820812437, 10980
650898029080, 650898043054, 13974
650919631394, 650919642032, 10638
650996932297, 650996945314, 13017
651018454726, 651018461173, 6447
651095288019, 651095297751, 9732
651117318200, 651117328733, 10533
651194538098, 651194552288, 14190
651216141027, 651216148881, 7854
651293414623, 651293428543, 13920
651314987200, 651314993818, 6618
651392647064, 651392662205, 15141
651413839424, 651413850356, 10932
651490536313, 651490613214, 76901
651512675696, 651512682212, 6516
651603942205, 651603949579, 7374
651702652708, 651702659374, 6666
651801611623, 651801624163, 12540
651900468837, 651900476328, 7491
651999301930, 651999308824, 6894
652097938812, 652097946906, 8094
652197012302, 652197018743, 6441
652295642794, 652295662858, 20064
652394471907, 652394478633, 6726
652493502358, 652493509489, 7131
652592341409, 652592349089, 7680
652691202369, 652691210508, 8139
652790074797, 652790082240, 7443
652888923001, 652888936873, 13872
652987761751, 652987770640, 8889
653086569833, 653086579154, 9321
653185411374, 653185421079, 9705
653284251002, 653284258016, 7014
653383062720, 653383069992, 7272
653481909574, 653481919921, 10347
653580778388, 653580785729, 7341
653679609751, 653679616999, 7248
653778464079, 653778472824, 8745
653877304762, 653877312589, 7827
653976392698, 653976413794, 21096
654074984992, 654074992330, 7338
654173641698, 654173661057, 19359
654272679802, 654272688166, 8364
654280220623, 654280228810, 8187
654371497190, 654371504486, 7296
654470380609, 654470388871, 8262
654569213245, 654569221504, 8259
654668017307, 654668024393, 7086
654766766278, 654766772758, 6480
654865705272, 654865712166, 6894
654964640823, 654964647846, 7023
655063478574, 655063486059, 7485
655162263279, 655162270548, 7269
655261118077, 655261125472, 7395
655359918153, 655359924912, 6759
655458774499, 655458781699, 7200
655557498130, 655557505897, 7767
655656592287, 655656605397, 13110
655755524804, 655755539393, 14589
655853966791, 655853973553, 6762
655952988944, 655952995730, 6786
655960525712, 655960531811, 6099
656051801244, 656051809527, 8283
656150491582, 656150497327, 5745
656249592780, 656249600265, 7485
656348355213, 656348363136, 7923
656450199753, 656450208882, 9129
656549337517, 656549352022, 14505
656644841891, 656644849019, 7128
656743694934, 656743702056, 7122
656842562516, 656842570109, 7593
656941377325, 656941386895, 9570
657040290323, 657040296563, 6240
657139031586, 657139040367, 8781
657237894826, 657237903853, 9027
657336761038, 657336772045, 11007
657435610536, 657435618363, 7827
657534576657, 657534591339, 14682
657633261898, 657633269266, 7368
657732135539, 657732144986, 9447
657830939021, 657830946065, 7044
657929743066, 657929751265, 8199
658028638441, 658028646085, 7644
658127500260, 658127507388, 7128
658226317744, 658226324974, 7230
658325162125, 658325169154, 7029
658424005002, 658424013309, 8307
658522882248, 658522889133, 6885
658621674348, 658621681347, 6999
658720529072, 658720536137, 7065
658819151049, 658819165800, 14751
658918238772, 658918248027, 9255
659017118817, 659017125576, 6759
659115899759, 659115906806, 7047
659214740833, 659214748123, 7290
659313465729, 659313473094, 7365
659412392179, 659412398962, 6783
659511772035, 659511782016, 9981
659610070325, 659610080987, 10662
659708927623, 659708934745, 7122
659807890263, 659807899362, 9099
659906399274, 659906413614, 14340
660005589347, 660005596769, 7422
660104286453, 660104294919, 8466
660203124419, 660203131703, 7284
660301924074, 660301930920, 6846
660400851018, 660400859187, 8169
660499659761, 660499666799, 7038
660598510282, 660598517284, 7002
660697332393, 660697340271, 7878
660796180341, 660796191045, 10704
660894988367, 660894996461, 8094
660993906192, 660993912966, 6774
661092730815, 661092738129, 7314
661191605116, 661191614530, 9414
661290367771, 661290374128, 6357
661389052875, 661389074427, 21552
661488110024, 661488117866, 7842
661586972126, 661586987369, 15243
661685781291, 661685788209, 6918
661784581094, 661784588693, 7599
661883450787, 661883460129, 9342
661982298588, 661982305287, 6699
662081128566, 662081137395, 8829
662179985593, 662179992325, 6732
662278775693, 662278782068, 6375
662377677358, 662377685815, 8457
662476514897, 662476522223, 7326
662575327104, 662575337667, 10563
662674165551, 662674172538, 6987
662773064691, 662773072602, 7911
662871851323, 662871858793, 7470
662970665049, 662970673389, 8340
663069517310, 663069523835, 6525
663168336206, 663168344336, 8130
663267303646, 663267318136, 14490
663366153216, 663366160161, 6945
663464705996, 663464724203, 18207
663563770623, 663563777400, 6777
663662598875, 663662611316, 12441
663761416598, 663761424017, 7419
663860299672, 663860307187, 7515
663959105901, 663959113521, 7620
664057981364, 664057988786, 7422
664156859259, 664156865919, 6660
664255662879, 664255670703, 7824
664354466267, 664354473851, 7584
664453421097, 664453434471, 13374
664551947336, 664551960686, 13350
664651026056, 664651034168, 8112
664749870314, 664749877817, 7503
664848466399, 664848477217, 10818
664950367040, 664950390419, 23379
665046349181, 665046357116, 7935
665145187741, 665145195832, 8091
665243861234, 665243879987, 18753
665342846743, 665342853955, 7212
665441753877, 665441760630, 6753
664955075573, 664955082146, 6573
665032403147, 665032416365, 13218
665053916534, 665053922561, 6027
665131216406, 665131230299, 13893
665152759390, 665152766101, 6711
665229928830, 665229939288, 10458
665251611611, 665251617776, 6165
665328908888, 665328923204, 14316
665350445077, 665350451404, 6327
665427750383, 665427763073, 12690
665449284174, 665449290435, 6261
665529637014, 665529652023, 15009
665548123141, 665548129180, 6039
665625741883, 665625755404, 13521
665646967176, 665646975231, 8055
665724280565, 665724294623, 14058
665745810871, 665745817600, 6729
665823083829, 665823098442, 14613
665844649058, 665844655085, 6027
665921383601, 665921395808, 12207
665943490134, 665943495963, 5829
666020781943, 666020796535, 14592
666042329582, 666042353741, 24159
666119459196, 666119471346, 12150
666133396202, 666133476497, 80295
666218140706, 666218153423, 12717
666240035493, 666240053829, 18336
666317563705, 666317700191, 136486
666338854176, 666338860758, 6582
666416481895, 666416495119, 13224
666437695038, 666437701023, 5985
666515154367, 666515168356, 13989
666613820989, 666613834192, 13203
666635378419, 666635385985, 7566
666712647464, 666712659356, 11892
666734219501, 666734225612, 6111
666811528373, 666811542188, 13815
666833066829, 666833075244, 8415
666910380322, 666910394482, 14160
666931926726, 666931935735, 9009
667009216995, 667009230840, 13845
667030754005, 667030761826, 7821
667108062694, 667108077418, 14724
667129594747, 667129604017, 9270
667206892865, 667206906842, 13977
667228434365, 667228446284, 11919
667305691578, 667305705531, 13953
667327270240, 667327278127, 7887
667404566653, 667404580234, 13581
667426109966, 667426116590, 6624
667503453918, 667503467625, 13707
667524969081, 667524977928, 8847
667602161127, 667602174069, 12942
667623790718, 667623796592, 5874
667701130088, 667701142781, 12693
667722637333, 667722644113, 6780
667799730737, 667799739902, 9165
667821498090, 667821507396, 9306
667898810729, 667898824532, 13803
667920313928, 667920321446, 7518
667997641571, 667997654924, 13353
668021117373, 668021141727, 24354
668096467371, 668096480787, 13416
668118000170, 668118005282, 5112
668195473718, 668195494049, 20331
668216884066, 668216894512, 10446
668294161823, 668294176202, 14379
668315707206, 668315716107, 8901
668393204072, 668393217965, 13893
668414528145, 668414535471, 7326
668491842653, 668491856678, 14025
668513362479, 668513368728, 6249
668590690042, 668590702912, 12870
668612204157, 668612210388, 6231
668689539626, 668689553300, 13674
668711045810, 668711052584, 6774
668788534342, 668788549414, 15072
668809905251, 668809917287, 12036
668887207224, 668887220451, 13227
668908732248, 668908739172, 6924
668986237805, 668986252649, 14844
669007572982, 669007579762, 6780
669084859829, 669084873509, 13680
669106411018, 669106417609, 6591
669183906436, 669183918583, 12147
669205272752, 669205281131, 8379
669282454324, 669282467044, 12720
669304117337, 669304125989, 8652
669381419560, 669381432760, 13200
669402934525, 669402941434, 6909
669480547002, 669480560697, 13695
669501774684, 669501881306, 106622
669579071854, 669579083977, 12123
669600622861, 669600629272, 6411
669677947134, 669677961378, 14244
669699459333, 669699465555, 6222
669776972656, 669776986534, 13878
669798301346, 669798307454, 6108
669875638037, 669875652005, 13968
669897142431, 669897149415, 6984
669974821338, 669974835420, 14082
669995984751, 669995988312, 3561
670073380748, 670073390855, 10107
670094849438, 670094860043, 10605
670171913569, 670171926514, 12945
670193664258, 670193761959, 97701
670270713132, 670270726605, 13473
670292524841, 670292533073, 8232
670369393174, 670369404877, 11703
670391345482, 670391351977, 6495
670468640289, 670468653324, 13035
670490188353, 670490194689, 6336
670567957702, 670567971340, 13638
670589034228, 670589040768, 6540
670666327871, 670666340720, 12849
670687922979, 670687941576, 18597
670765236192, 670765248645, 12453
670786740963, 670786752633, 11670
670864049138, 670864062662, 13524
670885569991, 670885578979, 8988
670962864000, 670962877248, 13248
670984396280, 670984403852, 7572
671061717504, 671061731295, 13791
671083240651, 671083247728, 7077
671160452520, 671160459828, 7308
671182081852, 671182088764, 6912
671259313102, 671259327290, 14188
671280920550, 671280927351, 6801
671358224237, 671358236942, 12705
671379761501, 671379766004, 4503
671457078601, 671457091924, 13323
671478613823, 671478620003, 6180
671555568066, 671555574918, 6852
671577454728, 671577462039, 7311
671654641009, 671654654545, 13536
671676287305, 671676295972, 8667
671753623049, 671753636546, 13497
671775126304, 671775132967, 6663
671852469177, 671852483118, 13941
671873975050, 671873983909, 8859
671951284005, 671951298051, 14046
671972822204, 671972832167, 9963
672050135982, 672050150355, 14373
672071648813, 672071654732, 5919
672148997170, 672149010424, 13254
672170531345, 672170537564, 6219
672247822695, 672247835502, 12807
672269332514, 672269339309, 6795
672346689895, 672346703596, 13701
672368177333, 672368183381, 6048
672445469632, 672445483675, 14043
672467019772, 672467026921, 7149
672544322407, 672544335451, 13044
672565860240, 672565866909, 6669
672643047812, 672643057187, 9375
672664723497, 672664735584, 12087
672742232008, 672742251028, 19020
672763541554, 672763544521, 2967
672840957357, 672840979314, 21957
672862395504, 672862404984, 9480
672939397753, 672939407401, 9648
672961225307, 672961231232, 5925
673038181593, 673038199686, 18093
673060081254, 673060092579, 11325
673137441557, 673137456236, 14679
673158935859, 673158947604, 11745
673236219271, 673236232141, 12870
673257744536, 673257751139, 6603
673335064715, 673335079115, 14400
673356594235, 673356600895, 6660
673433911602, 673433924853, 13251
673455432899, 673455439046, 6147
673532787909, 673532801787, 13878
673554268376, 673554274919, 6543
673631576610, 673631590431, 13821
673653109303, 673653117022, 7719
673730438092, 673730451550, 13458
673751963226, 673751974074, 10848
673829319859, 673829334061, 14202
673850811519, 673850822775, 11256
673928220535, 673928233666, 13131
673949654405, 673949665517, 11112
674026929944, 674026947499, 17555
674048474553, 674048481558, 7005
674125819117, 674125833061, 13944
674147325891, 674147334042, 8151
674224640442, 674224653687, 13245
674246168403, 674246176317, 7914
674323377765, 674323390575, 12810
674345011114, 674345020921, 9807
674422024781, 674422038476, 13695
674443849185, 674443855995, 6810
674521149721, 674521163752, 14031
674542680497, 674542686338, 5841
674619988533, 674620001934, 13401
674641522554, 674641528998, 6444
674718859781, 674718873647, 13866
674740422551, 674740442156, 19605
674817698687, 674817712586, 13899
674839207399, 674839214293, 6894
674916625004, 674916645491, 20487
674938064032, 674938074175, 10143
675015359592, 675015372855, 13263
675036904197, 675036911940, 7743
675114197546, 675114211472, 13926
675135728064, 675135732261, 4197
675213046741, 675213059929, 13188
675234570024, 675234576012, 5988
675311872604, 675311886677, 14073
675333409560, 675333416781, 7221
675410669689, 675410682343, 12654
675432252258, 675432258597, 6339
675509564589, 675509577930, 13341
675531129630, 675531141546, 11916
675608231064, 675608245482, 14418
675629946932, 675629954651, 7719
675707243076, 675707257194, 14118
675806083690, 675806097685, 13995
675827635765, 675827654239, 18474
675904937768, 675904952081, 14313
675926457897, 675926464818, 6921
676003761308, 676003776050, 14742
676025320546, 676025328394, 7848
676102601052, 676102616085, 15033
676124160452, 676124168336, 7884
676201465023, 676201479177, 14154
676222994138, 676223000654, 6516
676300529258, 676300543880, 14622
676321830217, 676321836760, 6543
676399353302, 676399366697, 13395
676420667015, 676420674215, 7200
676497982781, 676497997697, 14916
676519529306, 676519538879, 9573
676597006478, 676597027283, 20805
676618374310, 676618383208, 8898
676695676946, 676695691109, 14163
676717188427, 676717195939, 7512
676794485154, 676794499221, 14067
676816031554, 676816037800, 6246
676893377718, 676893392007, 14289
676914872980, 676914880660, 7680
676992192372, 676992206331, 13959
677013712412, 677013719894, 7482
677091028668, 677091042138, 13470
677112565411, 677112579220, 13809
677189854799, 677189868671, 13872
677211396269, 677211402395, 6126
677288729989, 677288743882, 13893
677310242343, 677310249009, 6666
677387535785, 677387549585, 13800
677409080565, 677409087537, 6972
677486470608, 677486512416, 41808
677507940336, 677507951115, 10779
677585449254, 677585470671, 21417
677606765558, 677606772143, 6585
677683582991, 677683591706, 8715
677705618204, 677705627585, 9381
677782579247, 677782592684, 13437
677804461669, 677804471797, 10128
677881703745, 677881719861, 16116
677903316053, 677903330669, 14616
677980621866, 677980634526, 12660
678002128119, 678002134011, 5892
678079271085, 678079284504, 13419
678100980167, 678100993463, 13296
678178305511, 678178319653, 14142
678199808868, 678199815324, 6456
678276972474, 678276985767, 13293
678298668992, 678298678511, 9519
678376065781, 678376080613, 14832
678397512169, 678397523155, 10986
678474552039, 678474560544, 8505
678496338401, 678496344929, 6528
678573713283, 678573727014, 13731
678595191464, 678595199939, 8475
678672209972, 678672216779, 6807
678694041436, 678694050100, 8664
678771343806, 678771357117, 13311
678870223458, 678870233124, 9666
678891721412, 678891731612, 10200
678969204632, 678969217865, 13233
678990541336, 678990548518, 7182
679067842966, 679067856175, 13209
679089396544, 679089405646, 9102
679166741782, 679166754001, 12219
679188241493, 679188250919, 9426
679265371722, 679265387016, 15294
679287062839, 679287069388, 6549
679364413460, 679364426675, 13215
679385942521, 679385956972, 14451
679463379468, 679463394855, 15387
679484762883, 679484771187, 8304
679561736010, 679561749129, 13119
679583617447, 679583636743, 19296
679660929107, 679660943603, 14496
679682442927, 679682453208, 10281
679759774124, 679759788767, 14643
679781268468, 679781275380, 6912
679858447433, 679858462457, 15024
679880158330, 679880177866, 19536
679957754319, 679957770291, 15972
679978961806, 679978970569, 8763
680056665912, 680056680159, 14247
680077796413, 680077802905, 6492
680155126157, 680155139672, 13515
680176693816, 680176704271, 10455
680253960422, 680253973637, 13215
680275489183, 680275499149, 9966
680352790980, 680352805599, 14619
680374317109, 680374322764, 5655
680451496609, 680451511387, 14778
680473162333, 680473168966, 6633
680550485661, 680550500445, 14784
680571998580, 680572006134, 7554
680649220000, 680649234385, 14385
680670841148, 680670847796, 6648
680748391612, 680748404284, 12672
680769684955, 680769691855, 6900
680847236482, 680847250204, 13722
680868523412, 680868529943, 6531
680946441702, 680946452211, 10509
680967369666, 680967376014, 6348
681044528155, 681044540593, 12438
681066204687, 681066208323, 3636
681143506166, 681143520302, 14136
681165054802, 681165063139, 8337
681242701676, 681242719898, 18222
681263913073, 681263922880, 9807
681341206429, 681341219725, 13296
681362739802, 681362746909, 7107
681439759750, 681439773823, 14073
681461595167, 681461604578, 9411
681538863925, 681538877284, 13359
681560414083, 681560420656, 6573
681637756905, 681637769811, 12906
681659271878, 681659281211, 9333
681736605772, 681736619101, 13329
681758096111, 681758103698, 7587
681835455960, 681835468845, 12885
681856936700, 681856943357, 6657
681934290953, 681934304756, 13803
681955777346, 681955784408, 7062
682033703304, 682033716762, 13458
682054620963, 682054628568, 7605
682131887901, 682131899559, 11658
682153466467, 682153472704, 6237
682230740548, 682230754798, 14250
682252313743, 682252322167, 8424
682329531767, 682329545213, 13446
682351146173, 682351151942, 5769
682428549128, 682428568256, 19128
682449989498, 682449999872, 10374
682527519188, 682527538793, 19605
682548850644, 682548860217, 9573
682626201466, 682626218158, 16692
682647666143, 682647673550, 7407
682724600263, 682724612794, 12531
682746507867, 682746514008, 6141
682824200162, 682824237953, 37791
682845373603, 682845383533, 9930
682922685545, 682922699381, 13836
682944228575, 682944241445, 12870
683021521035, 683021534166, 13131
683043034503, 683043039750, 5247
683120314182, 683120328174, 13992
683141872176, 683141879163, 6987
683219413419, 683219426142, 12723
683240715509, 683240721449, 5940
683318055973, 683318070313, 14340
683339563091, 683339573462, 10371
683416894040, 683416908194, 14154
683438402670, 683438411757, 9087
683515727570, 683515740896, 13326
683537238944, 683537245526, 6582
683614766626, 683614780042, 13416
683636084133, 683636095611, 11478
683713596419, 683713609280, 12861
683734921335, 683734927581, 6246
683812243279, 683812256962, 13683
683833776836, 683833793567, 16731
683911095080, 683911109570, 14490
683932631358, 683932650201, 18843
684009828078, 684009842082, 14004
684031471628, 684031478339, 6711
684108764244, 684108777753, 13509
684130286726, 684130293038, 6312
684207616886, 684207630260, 13374
684229126946, 684229135070, 8124
684306701499, 684306717426, 15927
684327983056, 684327992503, 9447
684404987325, 684405002001, 14676
684504479932, 684504496549, 16617
684525675411, 684525685650, 10239
684602693189, 684602702387, 9198
684624498749, 684624506642, 7893
684701827849, 684701841967, 14118
684723338356, 684723345583, 7227
684800344102, 684800357923, 13821
684822196982, 684822206357, 9375
684899267283, 684899284674, 17391
684921040547, 684921048911, 8364
684998360590, 684998375152, 14562
685019857049, 685019863145, 6096
685097182225, 685097196235, 14010
685118705403, 685118712996, 7593
685196025806, 685196038895, 13089
685217544056, 685217551319, 7263
685294863952, 685294877104, 13152
685316382228, 685316388837, 6609
685393716931, 685393730338, 13407
685415223241, 685415230522, 7281
685492557080, 685492570073, 12993
685514064718, 685514070343, 5625
685591402913, 685591415342, 12429
685612944556, 685612965358, 20802
685690234259, 685690248479, 14220
685711785497, 685711802909, 17412
685789082103, 685789095927, 13824
685810591142, 685810600043, 8901
685887932401, 685887946525, 14124
685909429841, 685909435679, 5838
685986758656, 685986772741, 14085
686008271983, 686008277812, 5829
686085114295, 686085127235, 12940
686107128529, 686107138297, 9768
686184435071, 686184448268, 13197
686205964485, 686205976146, 11661
686283111465, 686283124296, 12831
686304795690, 686304801705, 6015
686382045794, 686382059480, 13686
686403656641, 686403664243, 7602
686480816886, 686480829126, 12240
686579801211, 686579815515, 14304
686601316212, 686601322635, 6423
686678632342, 686678646664, 14322
686700167240, 686700173726, 6486
686777539819, 686777554033, 14214
686799001002, 686799006825, 5823
686876333838, 686876347848, 14010
686897845307, 686897851130, 5823
686975177694, 686975190387, 12693
686996714866, 686996730010, 15144
687074011951, 687074025364, 13413
687095548185, 687095558292, 10107
687172840805, 687172854293, 13488
687194363937, 687194368035, 4098
687271672367, 687271685831, 13464
687293207658, 687293215266, 7608
687370522016, 687370535369, 13353
687392072092, 687392082958, 10866
687469370269, 687469384834, 14565
687490889484, 687490896093, 6609
687568218505, 687568232482, 13977
687589732565, 687589739126, 6561
687667061572, 687667075384, 13812
687688582565, 687688590626, 8061
687765904516, 687765918502, 13986
687787413930, 687787421799, 7869
687864753371, 687864768389, 15018
687886274434, 687886295083, 20649
687963581548, 687963595288, 13740
688062438422, 688062451724, 13302
688083941185, 688083948232, 7047
688161263829, 688161277236, 13407
688182832939, 688182844942, 12003
688260111832, 688260125989, 14157
688358940394, 688358954476, 14082
688380481984, 688380495505, 13521
688457782591, 688457796505, 13914
688479303051, 688479309735, 6684
688556422452, 688556436602, 14150
688578155604, 688578163236, 7632
688655269039, 688655284069, 15030
688677008736, 688677019374, 10638
688754326163, 688754345228, 19065
688775826518, 688775833280, 6762
688853425279, 688853443318, 18039
688874684325, 688874692476, 8151
688952041372, 688952054779, 13407
688973520227, 688973526164, 5937
689050833983, 689050848248, 14265
689072352751, 689072359177, 6426
689149717860, 689149731732, 13872
689171192430, 689171198346, 5916
689248250784, 689248265913, 15129
689270033260, 689270040652, 7392
689347397559, 689347411797, 14238
689368875739, 689368882882, 7143
689446164653, 689446177886, 13233
689467738653, 689467749045, 10392
689545054410, 689545068108, 13698
689566570106, 689566579358, 9252
689643893379, 689643907080, 13701
689665401791, 689665408139, 6348
689742714766, 689742728602, 13836
689764245117, 689764251057, 5940
689841602479, 689841616072, 13593
689863080891, 689863087281, 6390
689940421441, 689940434299, 12858
689961947005, 689961955243, 8238
690039263027, 690039276905, 13878
690060785710, 690060794677, 8967
690138101608, 690138114685, 13077
690159609323, 690159615209, 5886
690236893642, 690236904760, 11118
690258470298, 690258482124, 11826
690335649874, 690335664031, 14157
690357285702, 690357289677, 3975
690434504299, 690434518798, 14499
690456158263, 690456179638, 21375
690533473676, 690533488052, 14376
690554990930, 690555000032, 9102
690632024862, 690632037288, 12426
690653832193, 690653842804, 10611
690731141629, 690731154400, 12771
690752671046, 690752678975, 7929
690829993058, 690830016179, 23121
690851499365, 690851505647, 6282
690928810084, 690928823182, 13098
690950363789, 690950374052, 10263
691027397657, 691027413236, 15579
691126750607, 691126763495, 12888
691148023866, 691148030895, 7029
691225331084, 691225344935, 13851
691246866269, 691246873313, 7044
691323566954, 691323645043, 78089
691345703626, 691345711918, 8292
691436974682, 691436988194, 13512
691535611741, 691535618620, 6879
691634740169, 691634748056, 7887
691733585014, 691733593612, 8598
691832370126, 691832377797, 7671
691931160832, 691931168005, 7173
692030011424, 692030018456, 7032
692128964542, 692128972678, 8136
692227774259, 692227782599, 8340
692326668415, 692326675228, 6813
692425187555, 692425199597, 12042
692524019822, 692524103991, 84169
692609132475, 692609146179, 13704
692630636792, 692630643686, 6894
692707935982, 692707950247, 14265
692729498348, 692729508521, 10173
692806787015, 692806800035, 13020
692828320441, 692828327875, 7434
692905616532, 692905631248, 14716
692927166354, 692927173752, 7398
693004489797, 693004503645, 13848
693026003336, 693026011016, 7680
693103266601, 693103288537, 21936
693124869799, 693124878823, 9024
693202113901, 693202128319, 14418
693223682966, 693223687340, 4374
693300982138, 693300995389, 13251
693322552865, 693322564997, 12132
693399831749, 693399845366, 13617
693421382973, 693421394523, 11550
693498681601, 693498723268, 41667
693520215535, 693520224778, 9243
693597547026, 693597560724, 13698
693619099817, 693619114853, 15036
693696369034, 693696383155, 14121
693717893251, 693717899758, 6507
693794630240, 693794637380, 7140
693816753695, 693816764759, 11064
693894042770, 693894056156, 13386
693915591300, 693915599790, 8490
693992903306, 693992917532, 14226
694014423042, 694014432081, 9039
694091473332, 694091482497, 9165
694113274077, 694113294954, 20877
694190603720, 694190618825, 15105
694212102489, 694212110121, 7632
694289149327, 694289163064, 13737
694310951820, 694310960529, 8709
694388023957, 694388030629, 6672
694409783226, 694409789832, 6606
694487110406, 694487130443, 20037
694508621527, 694508628496, 6969
694585591643, 694585599815, 8172
694607481528, 694607492172, 10644
694684844061, 694684858305, 14244
694706305069, 694706311534, 6465
694783624906, 694783639009, 14103
694805143077, 694805149944, 6867
694882229666, 694882243451, 13785
694904021517, 694904029608, 8091
694981153547, 694981166456, 12909
695002828543, 695002835413, 6870
695080157549, 695080171268, 13719
695101674530, 695101679045, 4515
695178958649, 695178972227, 13578
695200522766, 695200531886, 9120
695277825287, 695277839978, 14691
695299371969, 695299383555, 11586
695376667885, 695376681508, 13623
695398244322, 695398259004, 14682
695475513787, 695475526717, 12930
695497034226, 695497040085, 5859
695574343981, 695574357460, 13479
695595894918, 695595905187, 10269
695673180925, 695673194629, 13704
695694716975, 695694724136, 7161
695771761643, 695771779653, 18010
695793575403, 695793586416, 11013
695870856898, 695870870902, 14004
695892475087, 695892493447, 18360
695969758064, 695969771249, 13185
695991240846, 695991247518, 6672
696068562014, 696068575718, 13704
696090089521, 696090096937, 7416
696167532639, 696167553423, 20784
696188927144, 696188933525, 6381
696266226232, 696266239028, 12796
696287766708, 696287772876, 6168
696364737435, 696364750965, 13530
696386633699, 696386642114, 8415
696463940905, 696463955206, 14301
696485467771, 696485482132, 14361
696562766246, 696562780466, 14220
696584287915, 696584294527, 6612
696661616333, 696661630934, 14601
696683136194, 696683146307, 10113
696760397083, 696760410598, 13515
696781978610, 696781986173, 7563
696859310189, 696859326728, 16539
696880811572, 696880818619, 7047
696958147547, 696958161545, 13998
696979668625, 696979677724, 9099
697056977615, 697056991382, 13767
697078493534, 697078497122, 3588
697155820017, 697155833940, 13923
697177354303, 697177362601, 8298
697254791062, 697254808192, 17130
697276180755, 697276187148, 6393
697353567959, 697353585800, 17841
697375034114, 697375043687, 9573
697452241569, 697452255672, 14103
697473867927, 697473874893, 6966
697551174964, 697551187915, 12951
697572702568, 697572709582, 7014
697650018936, 697650033000, 14064
697671560460, 697671573438, 12978
697748867100, 697748881155, 14055
697770399002, 697770408044, 9042
697847740647, 697847754291, 13644
697869226641, 697869233622, 6981
697946500145, 697946513129, 12984
697968093777, 697968116148, 22371
698045398211, 698045411516, 13305
698066909133, 698066916102, 6969
698144259589, 698144273377, 13788
698165761491, 698165767815, 6324
698242860311, 698242874999, 14688
698264597953, 698264608201, 10248
698341825043, 698341845335, 20292
698363432167, 698363437912, 5745
698440868080, 698440886611, 18531
698462271215, 698462278703, 7488
698539988985, 698540008176, 19191
698561112507, 698561119062, 6555
698638452202, 698638465618, 13416
698659959273, 698659965726, 6453
698737497580, 698737510600, 13020
698758818426, 698758829253, 10827
698836115892, 698836130043, 14151
698857638850, 698857645567, 6717
698934909204, 698934922023, 12819
698956477841, 698956482185, 4344
699033781010, 699033795836, 14826
699055338075, 699055346931, 8856
699132650548, 699132664153, 13605
699154181948, 699154192361, 10413
699231479834, 699231493709, 13875
699253009339, 699253015936, 6597
699330286521, 699330300945, 14424
699351845236, 699351852475, 7239
699429387903, 699429404484, 16581
699450685512, 699450693255, 7743
699528168995, 699528180884, 11889
699549569885, 699549586679, 16794
699627367594, 699627384844, 17250
699648367458, 699648373914, 6456
699725666620, 699725680105, 13485
699747226923, 699747235746, 8823
699824847393, 699824855058, 7665
699846055573, 699846061597, 6024
699923579219, 699923592635, 13416
699944909324, 699944919350, 10026
700022369522, 700022382785, 13263
700043759319, 700043768754, 9435
700121254027, 700121268910, 14883
700142594376, 700142603505, 9129
700219276426, 700219392977, 116551
700241422329, 700241428587, 6258
700332709193, 700332716540, 7347
700431329152, 700431342859, 13707
700530175438, 700530187363, 11925
700629249706, 700629257746, 8040
700728116708, 700728123050, 6342
700826907982, 700826916142, 8160
700925946312, 700925954352, 8040
701024681857, 701024690725, 8868
701123380481, 701123387822, 7341
701222271503, 701222279471, 7968
701321117671, 701321125150, 7479
701419760669, 701419774811, 14142
701518846299, 701518853541, 7242
701617636710, 701617643571, 6861
701716498637, 701716507217, 8580
701815377827, 701815386125, 8298
701914194615, 701914201935, 7320
702012977687, 702012985205, 7518
702111894412, 702111906655, 12243
702210716567, 702210724127, 7560
702309529991, 702309538325, 8334
702408184589, 702408189869, 5280
702507240269, 702507246710, 6441
702606049346, 702606056726, 7380
702704864320, 702704871358, 7038
702803790573, 702803797584, 7011
702902587564, 702902594923, 7359
703001414765, 703001422367, 7602
703100078662, 703100097325, 18663
703199143085, 703199151155, 8070
703297910074, 703297916881, 6807
703305498715, 703305504418, 5703
703396763688, 703396773837, 10149
703495608630, 703495619778, 11148
703594481322, 703594488300, 6978
703693401317, 703693409552, 8235
703792136258, 703792143419, 7161
703891881340, 703891888213, 6873
703989826861, 703989834151, 7290
704088631922, 704088638633, 6711
704187381057, 704187387507, 6450
704286299360, 704286306521, 7161
704385210918, 704385217905, 6987
704484020902, 704484028684, 7782
704582931646, 704582941285, 9639
704683040296, 704683048909, 8613
704780358527, 704780370989, 12462
704879419278, 704879426175, 6897
704978323191, 704978344818, 21627
705077123190, 705077132136, 8946
705175951360, 705175959943, 8583
705274797308, 705274803809, 6501
705373580744, 705373590677, 9933
705472479311, 705472486868, 7557
705571315998, 705571323510, 7512
705670109223, 705670116798, 7575
705769002242, 705769009646, 7404
705867784757, 705867791783, 7026
705966631775, 705966639803, 8028
706065598061, 706065606101, 8040
706164309480, 706164323301, 13821
706263167239, 706263174034, 6795
706362045686, 706362053324, 7638
706369576568, 706369582466, 5898
706460673326, 706460691893, 18567
706559729173, 706559737276, 8103
706658532185, 706658539883, 7698
706757409249, 706757417724, 8475
706856413484, 706856428190, 14706
706955089562, 706955097977, 8415
707053896106, 707053903606, 7500
707152810384, 707152817017, 6633
707251583733, 707251591920, 8187
707350352204, 707350364483, 12279
707449319242, 707449327591, 8349
707548076094, 707548084755, 8661
707646989628, 707646997935, 8307
707745822221, 707745830471, 8250
707844710099, 707844719240, 9141
707943692779, 707943700369, 7590
708042345422, 708042353192, 7770
708141192665, 708141199664, 6999
708240045548, 708240053237, 7689
708338837342, 708338845850, 8508
708437501204, 708437512250, 11046
708536547122, 708536554199, 7077
708635392638, 708635401749, 9111
708734116238, 708734122943, 6705
708833049943, 708833058091, 8148
708932043895, 708932068012, 24117
709030747523, 709030755887, 8364
709129610298, 709129617684, 7386
709228438747, 709228445722, 6975
709327317129, 709327323777, 6648
709426110926, 709426118834, 7908
709433676572, 709433683931, 7359
709524983867, 709524991640, 7773
709623814375, 709623821548, 7173
709722410933, 709722423419, 12486
709821497654, 709821505148, 7494
709829031464, 709829081603, 50139
709920319805, 709920327443, 7638
710019185082, 710019192564, 7482
710118033863, 710118040646, 6783
710216922612, 710216930793, 8181
710315810614, 710315821102, 10488
710414489784, 710414496656, 6872
710513141674, 710513155234, 13560
710612213995, 710612220955, 6960
710711037779, 710711045177, 7398
710809698514, 710809720780, 22266
710908659811, 710908667095, 7284
711007582246, 711007590805, 8559
711106438121, 711106446674, 8553
711205243807, 711205251496, 7689
711304432893, 711304441560, 8667
711402958705, 711402965860, 7155
711501885025, 711501892414, 7389
711600569824, 711600576304, 6480
711699409548, 711699416976, 7428
711798380680, 711798388237, 7557
711897160023, 711897167532, 7509
711995988835, 711995996353, 7518
712094858755, 712094865862, 7107
712193478658, 712193499094, 20436
712292566285, 712292574583, 8298
712391383617, 712391390787, 7170
712489962551, 712489971875, 9324
712497733751, 712497740705, 6954
712589022013, 712589030275, 8262
712687699365, 712687705575, 6210
712786742651, 712786752431, 9780
712885708903, 712885717753, 8850
712984406624, 712984414919, 8295
713083279306, 713083287787, 8481
713182060405, 713182067587, 7182
713280733098, 713280745506, 12408
713379749574, 713379756483, 6909
713478594561, 713478601959, 7398
713577436329, 713577443268, 6939
713676264413, 713676271616, 7203
713775252931, 713775267688, 14757
713873980358, 713873987609, 7251
713972800721, 713972807840, 7119
714071671144, 714071679106, 7962
714170450456, 714170458988, 8532
714269330618, 714269337698, 7080
714368182441, 714368189746, 7305
714467052150, 714467059359, 7209
714565855020, 714565862964, 7944
714664511440, 714664534018, 22578
714763516366, 714763524985, 8619
714862349445, 714862360245, 10800
714961250280, 714961257045, 6765
715060071470, 715060079885, 8415
715158842632, 715158850021, 7389
715257704367, 715257710379, 6012
715356622759, 715356630253, 7494
715456289736, 715456298625, 8889
715554284350, 715554290620, 6270
715653157636, 715653165511, 7875
715752027406, 715752035047, 7641
715850566738, 715850591890, 25152
715935627408, 715935641322, 13914
715957180509, 715957187697, 7188
716034180049, 716034193456, 13407
716056021733, 716056027559, 5826
716133337837, 716133351037, 13200
716154901345, 716154919240, 17895
716232164241, 716232178404, 14163
716253710467, 716253716101, 5634
716331076442, 716331090350, 13908
716352563265, 716352570837, 7572
716429604767, 716429612378, 7611
716451397888, 716451405097, 7209
716528704473, 716528718264, 13791
716550254519, 716550269420, 14901
716627537414, 716627551232, 13818
716649077623, 716649084556, 6933
716726124112, 716726142517, 18405
716747931529, 716747941627, 10098
716825157895, 716825176681, 18786
716846753118, 716846756376, 3258
716924046040, 716924058232, 12192
716945598762, 716945604876, 6114
717022849994, 717022863596, 13602
717044449306, 717044456077, 6771
717121764760, 717121778296, 13536
717143278233, 717143285724, 7491
717220394815, 717220411063, 16248
717242117132, 717242124623, 7491
717319434260, 717319448384, 14124
717340962599, 717340969142, 6543
717418187956, 717418210729, 22773
717439803222, 717439810155, 6933
717517132843, 717517146853, 14010
717538657845, 717538666944, 9099
717615944320, 717615958072, 13752
717637483708, 717637490848, 7140
717714811918, 717714826075, 14157
717736325388, 717736332750, 7362
717813636121, 717813649471, 13350
717835166096, 717835173365, 7269
717912545651, 717912558575, 12924
717934015465, 717934023223, 7758
718011332083, 718011345817, 13734
718032850383, 718032858165, 7782
718110233826, 718110247308, 13482
718131692387, 718131699296, 6909
718208860020, 718208873505, 13485
718230539984, 718230547385, 7401
718307715556, 718307722399, 6843
718329377756, 718329384545, 6789
718406508997, 718406520862, 11865
718428220544, 718428227198, 6654
718505475744, 718505485860, 10116
718527053700, 718527060501, 6801
718604418532, 718604432581, 14049
718703340815, 718703359964, 19149
718724760726, 718724769324, 8598
718802325562, 718802335657, 10095
718823582604, 718823590113, 7509
718900729132, 718900738285, 9153
718922430081, 718922440590, 10509
719000025180, 719000044509, 19329
719021284571, 719021294777, 10206
719098697067, 719098713930, 16863
719120108586, 719120116584, 7998
719197666768, 719197683304, 16536
719218962176, 719218972049, 9873
719296252297, 719296266025, 13728
719317803949, 719317812496, 8547
719395089570, 719395103397, 13827
719416644801, 719416655553, 10752
719493944018, 719493957788, 13770
719515466766, 719515473588, 6822
719592796881, 719592810765, 13884
719614328954, 719614339769, 10815
719691614699, 719691628940, 14241
719713148971, 719713152043, 3072
719790664978, 719790679288, 14310
719811992163, 719811997818, 5655
719889302075, 719889316367, 14292
719910834564, 719910840438, 5874
719987724552, 719987821148, 96596
720009679482, 720009686541, 7059
720086978553, 720086992803, 14250
720108517028, 720108524027, 6999
720185834833, 720185847757, 12924
720207362822, 720207370097, 7275
720284629067, 720284641712, 12645
720306197595, 720306221706, 24111
720383242275, 720383253600, 11325
720405034548, 720405038916, 4368
720482293431, 720482305434, 12003
720503894720, 720503902208, 7488
720581174726, 720581189213, 14487
720602720653, 720602728330, 7677
720680256324, 720680271252, 14928
720701579880, 720701590512, 10632
720778881059, 720778894169, 13110
720800410960, 720800417818, 6858
720877716119, 720877730126, 14007
720899250489, 720899256981, 6492
720976647705, 720976661085, 13380
720998089410, 720998096220, 6810
721075385589, 721075400652, 15063
721096930140, 721096935978, 5838
721174242076, 721174256203, 14127
721195770799, 721195776985, 6186
721273095801, 721273109838, 14037
721294612132, 721294618735, 6603
721372198668, 721372217068, 18400
721393455305, 721393461743, 6438
721470896771, 721470908597, 11826
721492290953, 721492293908, 2955
721569755772, 721569769872, 14100
721591140239, 721591146830, 6591
721668982185, 721668995439, 13254
721767553964, 721767567122, 13158
721788835908, 721788844608, 8700
721866140590, 721866154336, 13746
721887671129, 721887678431, 7302
721964791428, 721964798241, 6813
721986497301, 721986504534, 7233
722063821157, 722063835458, 14301
722085341220, 722085348177, 6957
722162412177, 722162427885, 15708
722184202732, 722184212953, 10221
722261465147, 722261478767, 13620
722283029067, 722283034791, 5724
722360180360, 722360193353, 12993
722381884498, 722381892718, 8220
722459181053, 722459192591, 11538
722480727190, 722480733433, 6243
722558141482, 722558162701, 21219
722579575328, 722579584628, 9300
722656682155, 722656695769, 13614
722678390690, 722678393573, 2883
722755460776, 722755472053, 11277
722777251527, 722777260908, 9381
722853937453, 722853968896, 31443
722876069956, 722876077099, 7143
722967352345, 722967359677, 7332
723066176800, 723066184609, 7809
723164841986, 723164862104, 20118
723264014263, 723264023176, 8913
723362740881, 723362748477, 7596
723462392398, 723462400228, 7830
723560433284, 723560439191, 5907
723659269182, 723659276394, 7212
723758126920, 723758141875, 14955
723856905189, 723856912449, 7260
723955790619, 723955798599, 7980
724054623862, 724054630951, 7089
724153470013, 724153476994, 6981
724252308902, 724252316456, 7554
724351153748, 724351161215, 7467
724450007012, 724450015412, 8400
724548828632, 724548835265, 6633
724647476519, 724647497792, 21273
724746522643, 724746529978, 7335
724754055763, 724754064097, 8334
724845410976, 724845421047, 10071
724944027507, 724944035433, 7926
725043024489, 725043031383, 6894
725141889112, 725141897419, 8307
725240732280, 725240739801, 7521
725339470774, 725339484793, 14019
725438356533, 725438363448, 6915
725537249855, 725537258372, 8517
725636114438, 725636121932, 7494
725734938487, 725734946494, 8007
725833797969, 725833805862, 7893
725932570389, 725932577961, 7572
726031566199, 726031575172, 8973
726130126421, 726130134410, 7989
726228939700, 726228960604, 20904
726327966911, 726327974069, 7158
726426823531, 726426831067, 7536
726525587901, 726525594927, 7026
726624465452, 726624477716, 12264
726723343304, 726723350783, 7479
726822243223, 726822252187, 8964
726920937737, 726920948252, 10515
727019865839, 727019873525, 7686
727118666476, 727118673958, 7482
727217537562, 727217546952, 9390
727316346989, 727316354117, 7128
727415338821, 727415347476, 8655
727514091794, 727514101682, 9888
727612828311, 727612836192, 7881
727711558423, 727711582264, 23841
727810524684, 727810532223, 7539
727818135387, 727818141930, 6543
727909466226, 727909476390, 10164
728008247049, 728008254576, 7527
728107114940, 728107121582, 6642
728206015615, 728206023439, 7824
728304796595, 728304805118, 8523
728403646080, 728403653334, 7254
728502317407, 728502323584, 6177
728601322431, 728601329829, 7398
728700282023, 728700294479, 12456
728798961115, 728798968696, 7581
728897805229, 728897814619, 9390
728996710349, 728996719022, 8673
729095523082, 729095530672, 7590
729194339418, 729194346876, 7458
729293020121, 729293041871, 21750
729392013938, 729392022317, 8379
729490814900, 729490830203, 15303
729589739396, 729589747142, 7746
729688551652, 729688559527, 7875
729787450090, 729787458454, 8364
729886262934, 729886270407, 7473
729985146505, 729985160728, 14223
730083909252, 730083917655, 8403
730182778486, 730182786616, 8130
730281598283, 730281604613, 6330
730380569337, 730380575973, 6636
730479391488, 730479401199, 9711
730578176511, 730578185562, 9051
730676969560, 730676976775, 7215
730775852019, 730775860626, 8607
730874452299, 730874460999, 8700
730882239722, 730882279943, 40221
730973321548, 730973342194, 20646
731072424139, 731072431855, 7716
731171229339, 731171263947, 34608
731270040148, 731270049931, 9783
731368878607, 731368885648, 7041
731467967255, 731467973282, 6027
731566548478, 731566555273, 6795
731665517081, 731665527269, 10188
731764373540, 731764388273, 14733
731863071482, 731863079222, 7740
731964205752, 731964215202, 9450
732060784325, 732060791363, 7038
732159616797, 732159625164, 8367
732258404985, 732258413469, 8484
732357278571, 732357284712, 6141
732456110564, 732456117443, 6879
732554951652, 732554960190, 8538
732653763995, 732653777048, 13053
732752628886, 732752635909, 7023
732760200862, 732760206910, 6048
732851505447, 732851516328, 10881
732950324650, 732950336953, 12303
733049157053, 733049164520, 7467
733148040008, 733148047478, 7470
733246877987, 733246886294, 8307
733345743099, 733345749063, 5964
733444512356, 733444519265, 6909
733543480804, 733543489774, 8970
733642242265, 733642252312, 10047
733741046631, 733741054416, 7785
733840336508, 733840343975, 7467
733938749030, 733938756374, 7344
733946295962, 733946301791, 5829
734037608288, 734037615716, 7428
734136519805, 734136527248, 7443
734235091082, 734235105941, 14859
734242831238, 734242959328, 128090
734333907309, 734333927049, 19740
734418976262, 734419004789, 28527
734440524762, 734440534401, 9639
734517824292, 734517846825, 22533
734539342377, 734539348755, 6378
734616383847, 734616395958, 12111
734638183674, 734638190556, 6882
734715151007, 734715165365, 14358
734737025143, 734737032016, 6873
734814349173, 734814363654, 14481
734835910035, 734835929769, 19734
734913461828, 734913475514, 13686
734934707460, 734934711621, 4161
735011963060, 735011983088, 20028
735033549045, 735033555372, 6327
735110886999, 735110906751, 19752
735132390515, 735132396365, 5850
735209715037, 735209728102, 13065
735231278993, 735231294488, 15495
735308490850, 735308504449, 13599
735330090781, 735330100303, 9522
735406879397, 735406893905, 14508
735428934422, 735428943896, 9474
735506228734, 735506242240, 13506
735527777019, 735527786160, 9141
735605050246, 735605064046, 13800
735626601200, 735626607656, 6456
735703682018, 735703695542, 13524
735725451869, 735725459801, 7932
735802750086, 735802763634, 13548
735824278888, 735824284498, 5610
735901588078, 735901600459, 12381
735923131214, 735923137907, 6693
736000117899, 736000124814, 6915
736099273490, 736099286954, 13464
736120804080, 736120810725, 6645
736198118698, 736198133290, 14592
736219651332, 736219658196, 6864
736296889552, 736296903490, 13938
736318543577, 736318551098, 7521
736395833831, 736395848057, 14226
736417328686, 736417335532, 6846
736494523406, 736494539852, 16446
736516174256, 736516180757, 6501
736593485581, 736593500044, 14463
736615009106, 736615016750, 7644
736692168201, 736692177798, 9597
736713850115, 736713855632, 5517
736791216384, 736791230046, 13662
736812695506, 736812702841, 7335
736890022185, 736890040121, 17936
736911560458, 736911570235, 9777
736988695238, 736988714546, 19308
737087708045, 737087721902, 13857
737109227187, 737109235377, 8190
737186525764, 737186539444, 13680
737208070765, 737208079459, 8694
737285144441, 737285158460, 14019
737306923537, 737306936164, 12627
737384224894, 737384239621, 14727
737405747501, 737405754665, 7164
737483072884, 737483086465, 13581
737504589844, 737504597689, 7845
737582009597, 737582026163, 16566
737603445946, 737603456971, 11025
737680755482, 737680769633, 14151
737702269013, 737702276402, 7389
737779378675, 737779395175, 16500
737801106221, 737801111567, 5346
737878437571, 737878452037, 14466
737899948465, 737899954456, 5991
737977086215, 737977099844, 13629
737998793060, 737998800338, 7278
738075894385, 738075908563, 14178
738097652978, 738097661903, 8925
738174987154, 738175002022, 14868
738196488174, 738196500081, 11907
738273778569, 738273792378, 13809
738295318052, 738295324982, 6930
738372564566, 738372577403, 12837
738394170895, 738394178998, 8103
738471507519, 738471524424, 16905
738492995000, 738493002095, 7095
738570321215, 738570335615, 14400
738591861277, 738591880138, 18861
738669162705, 738669177207, 14502
738690717857, 738690734177, 16320
738768020470, 738768035023, 14553
738789523704, 738789531396, 7692
738866570541, 738866582943, 12402
738888358873, 738888365767, 6894
738965707938, 738965720970, 13032
738987227324, 738987236432, 9108
739063925551, 739063936144, 10593
739177452325, 739177466140, 13815
739276160706, 739276168464, 7758
739375067618, 739375075817, 8199
739473887845, 739473895189, 7344
739572715188, 739572722280, 7092
739671627021, 739671636894, 9873
739770440872, 739770449059, 8187
739869195570, 739869203418, 7848
739968114802, 739968122491, 7689
740066881649, 740066888450, 6801
740074466768, 740074473197, 6429
740165558259, 740165573043, 14784
740264674527, 740264682402, 7875
740272148943, 740272155183, 6240
740363205471, 740363299194, 93723
740448178044, 740448185175, 7131
740469839241, 740469849465, 10224
740547112560, 740547126333, 13773
740568661436, 740568667721, 6285
740646360985, 740646372985, 12000
740667528725, 740667539123, 10398
740744815336, 740744828758, 13422
740766366814, 740766377686, 10872
740843671707, 740843684781, 13074
740865211682, 740865222236, 10554
740942479622, 740942492972, 13350
740964023266, 740964027340, 4074
741041344758, 741041358741, 13983
741062889587, 741062898206, 8619
741140251354, 741140265451, 14097
741161713748, 741161720171, 6423
741239370278, 741239388251, 17973
741260571241, 741260578942, 7701
741337858440, 741337872552, 14112
741359396617, 741359405017, 8400
741436625570, 741436637921, 12351
741458235468, 741458241474, 6006
741535422793, 741535432819, 10026
741557078474, 741557085581, 7107
741634509142, 741634523623, 14481
741655921137, 741655927632, 6495
741733479252, 741733493178, 13926
741754763112, 741754769442, 6330
741832070800, 741832084927, 14127
741853605298, 741853611631, 6333
741930887287, 741930901099, 13812
741952440515, 741952447637, 7122
742029760419, 742029771921, 11502
742051280909, 742051287476, 6567
742128466363, 742128478927, 12564
742150130406, 742150137864, 7458
742227454043, 742227467978, 13935
742248963314, 742248969239, 5925
742325901199, 742325916751, 15552
742347803695, 742347809578, 5883
742424814176, 742424825972, 11796
742446645203, 742446651905, 6702
742524019857, 742524033201, 13344
742545491475, 742545497691, 6216
742622835915, 742622849523, 13608
742644396335, 742644420284, 23949
742721809794, 742721829477, 19683
742743187221, 742743197001, 9780
742820501328, 742820515695, 14367
742842020971, 742842028888, 7917
742919332390, 742919346448, 14058
742940856215, 742940862719, 6504
743018201275, 743018215084, 13809
743039718278, 743039728721, 10443
743116966371, 743116980741, 14370
743215860994, 743215875052, 14058
743237386238, 743237395385, 9147
743314697530, 743314711597, 14067
743336237642, 743336246150, 8508
743413602878, 743413616828, 13950
743435058835, 743435062849, 4014
743512389188, 743512402775, 13587
743533904484, 743533910058, 5574
743611230203, 743611244369, 14166
743632744567, 743632751398, 6831
743710082955, 743710101447, 18492
743731589342, 743731596335, 6993
743808972559, 743808989605, 17046
743830428766, 743830435153, 6387
743907763355, 743907777941, 14586
743929283984, 743929348214, 64230
744006472437, 744006487503, 15066
744028109749, 744028116655, 6906
744105268755, 744105280308, 11553
744128429231, 744128436749, 7518
744204293175, 744204306108, 12933
744225795318, 744225802086, 6768
744303356135, 744303370094, 13959
744324629108, 744324637376, 8268
744402137772, 744402149850, 12078
744423481957, 744423489259, 7302
744500781757, 744500796223, 14466
744522320694, 744522326874, 6180
744599664702, 744599678415, 13713
744621157953, 744621164187, 6234
744698439563, 744698453792, 14229
744719995174, 744719998483, 3309
744797369852, 744797383361, 13509
744818838394, 744818845138, 6744
744896159856, 744896173518, 13662
744917682820, 744917689657, 6837
744995263821, 744995281806, 17985
745016524878, 745016531058, 6180
745093834446, 745093848303, 13857
745115367267, 745115374944, 7677
745192653679, 745192667122, 13443
745214214015, 745214221245, 7230
745291537230, 745291551429, 14199
745313047560, 745313053575, 6015
745389954836, 745389969434, 14598
745411909022, 745411919417, 10395
745489473693, 745489486413, 12720
745510726740, 745510732938, 6198
745588046502, 745588059906, 13404
745609572014, 745609577726, 5712
745686925423, 745686939844, 14421
745708412962, 745708420075, 7113
745785753316, 745785767581, 14265
745807247613, 745807254516, 6903
745885470313, 745885479022, 8709
745906089868, 745906095784, 5916
745983405512, 745983421994, 16482
746004930631, 746004934366, 3735
746082439512, 746082451344, 11832
746103778540, 746103784852, 6312
746181096336, 746181108009, 11673
746280276443, 746280295376, 18933
746301460757, 746301467921, 7164
746378798453, 746378804147, 5694
746400341923, 746400363457, 21534
746476993991, 746477086759, 92768
746499128248, 746499135100, 6852
746590347180, 746590359429, 12249
746689170245, 746689182824, 12579
746787983976, 746787997308, 13332
746886643623, 746886650790, 7167
746985552530, 746985560474, 7944
747084366154, 747084374035, 7881
747183120355, 747183127789, 7434
747281931045, 747281938413, 7368
747380767908, 747380775474, 7566
747479563798, 747479572279, 8481
747578424353, 747578436737, 12384
747676999073, 747677005697, 6624
747775852472, 747775860437, 7965
747874672398, 747874680501, 8103
747973245439, 747973258087, 12648
748072227817, 748072235500, 7683
748171076246, 748171084970, 8724
748269879820, 748269887149, 7329
748368663631, 748368675772, 12141
748467381952, 748467388885, 6933
748565984271, 748565992327, 8056
748664962328, 748664970353, 8025
748763795140, 748763804632, 9492
748862360222, 748862456651, 96429
748947425318, 748947437948, 12630
748968913761, 748968919971, 6210
749046403961, 749046419609, 15648
749067705487, 749067711877, 6390
749144983359, 749144997642, 14283
749166503861, 749166510836, 6975
749243802836, 749243816210, 13374
749342569442, 749342583035, 13593
749364082306, 749364088807, 6501
749441695438, 749441705218, 9780
749462877297, 749462882736, 5439
749540046498, 749540054085, 7587
749561665929, 749561672811, 6882
749638695111, 749638708149, 13038
749660480040, 749660488971, 8931
749737748747, 749737762595, 13848
749759247413, 749759253923, 6510
749836815128, 749836830360, 15232
749858052259, 749858055565, 3306
749935532237, 749935545965, 13728
749956855308, 749956863330, 8022
750034212347, 750034226567, 14220
750055623856, 750055630609, 6753
750132897454, 750132910681, 13227
750154415926, 750154422826, 6900
750231717180, 750231725937, 8757
750253208524, 750253215226, 6702
750330396208, 750330410077, 13869
750352006824, 750352012800, 5976
750429266138, 750429279854, 13716
750450792061, 750450799372, 7311
750528028775, 750528042635, 13860
750549593893, 750549603124, 9231
750626890315, 750626904844, 14529
750648376383, 750648383016, 6633
750725913903, 750725930567, 16664
750747166945, 750747173896, 6951
750824305407, 750824318853, 13446
750845980428, 750845987868, 7440
750923222146, 750923236207, 14061
750944751651, 750944757204, 5553
751022261786, 751022276285, 14499
751043564209, 751043571502, 7293
751121002848, 751121016096, 13248
751142340133, 751142346703, 6570
751219621020, 751219634589, 13569
751241125639, 751241131336, 5697
751318429796, 751318443809, 14013
751339914949, 751339919290, 4341
751417201167, 751417215162, 13995
751438713375, 751438720560, 7185
751515835458, 751515845022, 9564
751537501308, 751537508373, 7065
751615041165, 751615057743, 16578
751636303562, 751636312634, 9072
751713260213, 751713267578, 7365
751735089208, 751735096210, 7002
751811864871, 751811875831, 10960
751833918519, 751833929193, 10674
751910633463, 751910642543, 9080
751932685257, 751932696732, 11475
752009935084, 752009943043, 7959
752031466032, 752031471834, 5802
752108118488, 752108123900, 5412
752130287703, 752130301134, 13431
752207269223, 752207276054, 6831
752229052763, 752229060785, 8022
752306027096, 752306043230, 16134
752404579088, 752404587821, 8733
752426644529, 752426655119, 10590
752503698859, 752503706818, 7959
752525419305, 752525427486, 8181
752602081432, 752602153141, 71709
752624215509, 752624221461, 5952
752715575561, 752715587759, 12198
752814032717, 752814039896, 7179
752913102051, 752913109803, 7752
753011796678, 753011804307, 7629
753110593745, 753110601659, 7914
753209395078, 753209402365, 7287
753308208331, 753308220451, 12120
753406935725, 753406943354, 7629
753505746958, 753505754533, 7575
753604575737, 753604583441, 7704
753703175879, 753703191086, 15207
753802168527, 753802175433, 6906
753900948090, 753900961296, 13206
753999715336, 753999723397, 8061
754098471332, 754098480185, 8853
754197377487, 754197385383, 7896
754296137999, 754296145208, 7209
754395010738, 754395019744, 9006
754493721533, 754493729282, 7749
754592490153, 754592498211, 8058
754691287901, 754691295821, 7920
754790099193, 754790107137, 7944
754888891837, 754888899772, 7935
754987674418, 754987689769, 15351
755086485458, 755086493558, 8100
755185390578, 755185404489, 13911
755284189090, 755284197316, 8226
755383152962, 755383162475, 9513
755390398505, 755390406962, 8457
755481425874, 755481439485, 13611
755580433195, 755580441466, 8271
755679220320, 755679228897, 8577
755778012489, 755778020652, 8163
755876936476, 755876960194, 23718
755975586749, 755975593862, 7113
756074390992, 756074397442, 6450
756173139213, 756173146434, 7221
756271969092, 756271977324, 8232
756370783758, 756370796871, 13113
756469551583, 756469566025, 14442
756568341824, 756568349171, 7347
756667151404, 756667158700, 7296
756765933531, 756765941205, 7674
756864724394, 756864731864, 7470
756963483273, 756963491595, 8322
757062307757, 757062315197, 7440
757160931104, 757160949677, 18573
757259927657, 757259935751, 8094
757358764052, 757358773874, 9822
757457255656, 757457262157, 6501
757465013662, 757465019719, 6057
757556236676, 757556244503, 7827
757655037638, 757655045432, 7794
757753812657, 757753823952, 11295
757852824641, 757852844144, 19503
757951420367, 757951428194, 7827
758050188499, 758050196644, 8145
758163243378, 758163331935, 88557
758255379020, 758255388746, 9726
758346578534, 758346586151, 7617
758445407655, 758445414936, 7281
758544395200, 758544403936, 8736
758642953372, 758642960656, 7284
758741762783, 758741770571, 7788
758840506770, 758840513133, 6363
758939194478, 758939216384, 21906
759038289676, 759038305534, 15858
759045700300, 759045712456, 12156
759137013660, 759137021154, 7494
759235841585, 759235850726, 9141
759334534672, 759334542802, 8130
759433284048, 759433291917, 7869
759532083063, 759532090299, 7236
759630907964, 759630915398, 7434
759729735423, 759729747948, 12525
759828488266, 759828495538, 7272
759927283044, 759927292071, 9027
760026076898, 760026084011, 7113
760124836950, 760124844504, 7554
760223658454, 760223666320, 7866
760322453167, 760322462197, 9030
760421241263, 760421248643, 7380
760520144666, 760520157674, 13008
760618873395, 760618881177, 7782
760717395854, 760717415480, 19626
760816419023, 760816426838, 7815
760915213600, 760915219885, 6285
761013989766, 761013999069, 9303
761112763093, 761112770896, 7803
761211529324, 761211536092, 6768
761310349503, 761310360726, 11223
761409100801, 761409106573, 5772
761507909668, 761507917939, 8271
761606720595, 761606728569, 7974
761705526278, 761705533190, 6912
761804300235, 761804307300, 7065
761903121218, 761903130113, 8895
762001908848, 762001916702, 7854
762100668942, 762100677354, 8412
762199351476, 762199393221, 41745
762298358548, 762298366009, 7461
762397081996, 762397090393, 8397
762495880594, 762495889507, 8913
762594456639, 762594473061, 16422
762693360887, 762693369494, 8607
762792242816, 762792249941, 7125
762891011349, 762891019359, 8010
762989672896, 762989680762, 7866
763088771974, 763088779216, 7242
763187400952, 763187407480, 6528
763286861712, 763286890872, 29160
763384997926, 763385006176, 8250
763483809453, 763483816101, 6648
763582582069, 763582589581, 7512
763681338161, 763681346447, 8286
763780038313, 763780052989, 14676
763878739428, 763878752685, 13257
763977690070, 763977697075, 7005
764076516329, 764076524648, 8319
764175335857, 764175343627, 7770
764274099026, 764274107315, 8289
764373065676, 764373087150, 21474
764471614980, 764471622279, 7299
764570452430, 764570460296, 7866
764669268893, 764669276711, 7818
764768077322, 764768084414, 7092
764866867060, 764866873738, 6678
764965647388, 764965654330, 6942
765064483884, 765064494495, 10611
765163344297, 765163352868, 8571
765261833822, 765261853232, 19410
765360796084, 765360804397, 8313
765459633115, 765459640024, 6909
765558423946, 765558430951, 7005
765657223021, 765657230083, 7062
765755981327, 765755988629, 7302
765854773818, 765854781003, 7185
765953586904, 765953595289, 8385
766052341314, 766052352090, 10776
766151082070, 766151089993, 7923
766249935411, 766249942662, 7251
766348734545, 766348742090, 7545
766447520009, 766447527800, 7791
766546300934, 766546308602, 7668
766645240429, 766645254310, 13881
766743859895, 766743868718, 8823
766842522979, 766842535192, 12213
766941509291, 766941516644, 7353
767040304569, 767040312543, 7974
767139188101, 767139196219, 8118
767237972491, 767237981224, 8733
767336678620, 767336686357, 7737
767435529245, 767435539745, 10500
767534223447, 767534232039, 8592
767633028288, 767633040621, 12333
767640593420, 767640598157, 4737
767732064653, 767732093090, 28437
767830587089, 767830595612, 8523
767929389645, 767929403190, 13545
767936961466, 767936968141, 6675
768028247685, 768028257216, 9531
768126838878, 768126844986, 6108
768225764827, 768225772345, 7518
768324412609, 768324420649, 8040
768423354161, 768423361931, 7770
768521939728, 768521951692, 11964
768620958314, 768620964575, 6261
768719725019, 768719732279, 7260
768818515370, 768818523182, 7812
768917344160, 768917352038, 7878
769016100083, 769016107535, 7452
769119924308, 769119933470, 9162
769213657008, 769213667223, 10215
769312662274, 769312673404, 11130
769411208305, 769411216450, 8145
769509983761, 769509991255, 7494
769608906188, 769608915152, 8964
769707708771, 769707717486, 8715
769806476360, 769806483011, 6651
769905252175, 769905259738, 7563
770003855275, 770003869867, 14592
770102859661, 770102866624, 6963
770201630897, 770201644022, 13125
770300463889, 770300476552, 12663
770399176606, 770399182942, 6336
770498080314, 770498089212, 8898
770596900968, 770596909152, 8184
770695543358, 770695558547, 15189
770703132695, 770703143699, 11004
770794377939, 770794386444, 8505
770893310865, 770893317717, 6852
770991908375, 770991916769, 8394
771090688005, 771090696222, 8217
771189543492, 771189551937, 8445
771288357558, 771288365802, 8244
771386916050, 771386930309, 14259
771485871758, 771485880095, 8337
771584761409, 771584769896, 8487
771683492875, 771683500513, 7638
771782283238, 771782290813, 7575
771881164152, 771881171772, 7620
771979883323, 771979890949, 7626
772078652216, 772078659932, 7716
772177279542, 772177285017, 5475
772276226365, 772276233673, 7308
772374866609, 772374872537, 5928
772473832699, 772473839719, 7020
772572643338, 772572652335, 8997
772671448169, 772671455771, 7602
772770014646, 772770037272, 22626
772868961874, 772868969047, 7173
772967755105, 772967762923, 7818
773066657706, 773066665782, 8076
773165386113, 773165393439, 7326
773264172400, 773264179180, 6780
773362983145, 773362991512, 8367
773461767226, 773461775065, 7839
773560585126, 773560592173, 7047
773659114370, 773659129256, 14886
773758136101, 773758143040, 6939
773765668819, 773765674489, 5670
773856956914, 773856964648, 7734
773955649613, 773955657809, 8196
774054513536, 774054520382, 6846
774153084682, 774153099220, 14538
774252077791, 774252088093, 10302
774350841091, 774350850028, 8937
774449662950, 774449671083, 8133
774548590033, 774548599150, 9117
774647246216, 774647253749, 7533
774746242639, 774746251588, 8949
774844775985, 774844786815, 10830
774943781960, 774943795187, 13227
775042428875, 775042436195, 7320
775141194343, 775141200757, 6414
775240042554, 775240049355, 6801
775338802487, 775338817973, 15486
775437394399, 775437414664, 20265
775536390779, 775536398978, 8199
775636067360, 775636074857, 7497
775733931862, 775733940121, 8259
775832859596, 775832866367, 6771
775931515386, 775931523477, 8091
776030341202, 776030348531, 7329
776132566188, 776132579070, 12882
776227700732, 776227707104, 6372
776326672846, 776326680400, 7554
776425490609, 776425497785, 7176
776524263690, 776524271616, 7926
776633865340, 776633893615, 28275
776721852043, 776721859507, 7464
776820643701, 776820651681, 7980
776828216184, 776828223177, 6993
776919261786, 776919276699, 14913
777018254045, 777018260753, 6708
777117056787, 777117064782, 7995
777215816556, 777215823849, 7293
777314604783, 777314612286, 7503
777413399626, 777413406631, 7005
777512243668, 777512250349, 6681
777611105712, 777611114628, 8916
777709812518, 777709821086, 8568
777808552846, 777808559911, 7065
777907462798, 777907472740, 9942
778006163097, 778006170177, 7080
778105089922, 778105098067, 8145
778203809725, 778203817654, 7929
778302366175, 778302381712, 15537
778401116200, 778401217143, 100943
778485982757, 778485989891, 7134
778507696672, 778507705624, 8952
778584811724, 778584822326, 10602
778606477550, 778606488659, 11109
778683757952, 778683772037, 14085
778705264084, 778705270180, 6096
778782544503, 778782558861, 14358
778804057618, 778804063645, 6027
778881531288, 778881544221, 12933
778902918881, 778902931841, 12960
778980134662, 778980147877, 13215
779001639013, 779001644989, 5976
779079122818, 779079138319, 15501
779100427410, 779100538703, 111293
779178007976, 779178022022, 14046
779199232218, 779199239082, 6864
779276735239, 779276750719, 15480
779298030658, 779298040627, 9969
779375314566, 779375328348, 13782
779396805372, 779396812380, 7008
779474076642, 779474090883, 14241
779495595645, 779495603421, 7776
779572605653, 779572621061, 15408
779594406799, 779594417080, 10281
779672111871, 779672150820, 38949
779693182137, 779693188101, 5964
779770627272, 779770642916, 15644
779791976901, 779791984965, 8064
779869575286, 779869589317, 14031
779890761975, 779890768998, 7023
779967781515, 779967795360, 13845
779989554223, 779989560754, 6531
780067026964, 780067040884, 13920
780088343981, 780088349045, 5064
780165633904, 780165647860, 13956
780187143275, 780187150298, 7023
780264390413, 780264404318, 13905
780285929275, 780285935815, 6540
780363216705, 780363230928, 14223
780384725431, 780384732214, 6783
780461992069, 780462006292, 14223
780483539856, 780483551712, 11856
780560819487, 780560832657, 13170
780582350566, 780582356953, 6387
780659590580, 780659604443, 13863
780681099202, 780681106591, 7389
780758569892, 780758582363, 12471
780779888626, 780779894554, 5928
780856818935, 780856833113, 14178
780878680942, 780878688025, 7083
780955831743, 780955845732, 13989
780977512131, 780977524731, 12600
781054794014, 781054806851, 12837
781076278983, 781076291415, 12432
781153546257, 781153551717, 5460
781175055885, 781175063037, 7152
781252426311, 781252442411, 16100
781273847026, 781273854580, 7554
781351186676, 781351198406, 11730
781372646768, 781372652861, 6093
781449922967, 781449937160, 14193
781471433126, 781471439504, 6378
781548677514, 781548690696, 13182
781570222991, 781570231097, 8106
781647756003, 781647770199, 14196
781669023249, 781669030527, 7278
781746658865, 781746672956, 14091
781767812277, 781767818574, 6297
781845016003, 781845030463, 14460
781866617014, 781866622717, 5703
781943884953, 781943899170, 14217
781965391708, 781965399673, 7965
782042666360, 782042680712, 14352
782064202099, 782064211195, 9096
782141461672, 782141475559, 13887
782162976413, 782162982983, 6570
782240056643, 782240066732, 10089
782261765998, 782261773609, 7611
782339087147, 782339100587, 13440
782360573814, 782360582466, 8652
782437825816, 782437840111, 14295
782459371105, 782459380357, 9252
782536632753, 782536645881, 13128
782558142010, 782558148661, 6651
782635358251, 782635371271, 13020
782656934307, 782656941954, 7647
782734247419, 782734261048, 13629
782755735091, 782755741373, 6282
782833017271, 782833032025, 14754
782854531730, 782854542824, 11094
782931795968, 782931810668, 14700
782953323665, 782953335374, 11709
783030582380, 783030595307, 12927
783052102175, 783052110029, 7854
783129381695, 783129395498, 13803
783150899129, 783150906605, 7476
783228075811, 783228089791, 13980
783249684775, 783249691207, 6432
783326960058, 783326974596, 14538
783348477631, 783348484264, 6633
783425755754, 783425769623, 13869
783447268240, 783447274516, 6276
783524515181, 783524529557, 14376
783546067111, 783546071485, 4374
783623375163, 783623389776, 14613
783644885641, 783644903962, 18321
783722219693, 783722238173, 18480
783743668699, 783743686705, 18006
783821001905, 783821018744, 16839
783842438074, 783842444224, 6150
783919707918, 783919721349, 13431
783941238135, 783941248506, 10371
784018485381, 784018498947, 13566
784040025193, 784040031838, 6645
784117278281, 784117294141, 15860
784138813813, 784138821673, 7860
784216094241, 784216107519, 13278
784237625524, 784237641259, 15735
784314506831, 784314517190, 10359
784336424440, 784336434424, 9984
784413303712, 784413324619, 20907
784435217463, 784435227117, 9654
784511888021, 784511897636, 9615
784611051942, 784611061155, 9213
784632770000, 784632777839, 7839
784709681692, 784709697133, 15441
784731564123, 784731569904, 5781
784808830534, 784808844442, 13908
784830358367, 784830365708, 7341
784907371759, 784907384968, 13209
784929164965, 784929174079, 9114
785005871249, 785005875815, 4566
785027938972, 785027945632, 6660
785104974352, 785104983457, 9105
785126740459, 785126747755, 7296
785203709876, 785203750164, 40288
785225526062, 785225530781, 4719
785302475987, 785302486812, 10825
785324368440, 785324378472, 10032
785401347297, 785401355613, 8316
785423150186, 785423160446, 10260
785500116583, 785500124809, 8226
785521908201, 785521915533, 7332
785598584711, 785598690449, 105738
785620696835, 785620703972, 7137
785712298805, 785712327365, 28560
785810737199, 785810744891, 7692
785909621479, 785909638459, 16980
785917070179, 785917076821, 6642
786008284553, 786008292920, 8367
786015870752, 786015877415, 6663
786106885513, 786106898068, 12555
786205888715, 786205895816, 7101
786304462534, 786304568640, 106106
786389520559, 786389533972, 13413
786411084523, 786411100111, 15588
786488302426, 786488317234, 14808
786509816899, 786509823298, 6399
786586827461, 786586841999, 14538
786608624197, 786608632099, 7902
786685773773, 786685786736, 12963
786707404288, 786707410465, 6177
786784487473, 786784502095, 14622
786806192814, 786806198847, 6033
786883491644, 786883505906, 14262
786904985290, 786904992712, 7422
786982267884, 786982281744, 13860
787003780499, 787003786850, 6351
787081114589, 787081126862, 12273
787102590482, 787102598573, 8091
787179870331, 787179884308, 13977
787201364998, 787201372231, 7233
787278601747, 787278615793, 14046
787300150477, 787300157083, 6606
787377443587, 787377483304, 39717
787398969038, 787398977237, 8199
787476230864, 787476244520, 13656
787497735682, 787497741646, 5964
787575021668, 787575035546, 13878
787596554228, 787596564977, 10749
787673812219, 787673826334, 14115
787695325251, 787695330987, 5736
787772593373, 787772606721, 13348
787794111351, 787794120090, 8739
787871267801, 787871281415, 13614
787892914830, 787892921907, 7077
787969849585, 787969863466, 13881
787991694532, 787991700667, 6135
788069006910, 788069028771, 21861
788090511582, 788090521803, 10221
788167904970, 788167918233, 13263
788189305059, 788189318262, 13203
788266552284, 788266565076, 12792
788288078796, 788288089377, 10581
788365009195, 788365022695, 13500
788386871441, 788386879073, 7632
788464097191, 788464108180, 10989
788485678954, 788485685956, 7002
788562460378, 788562472591, 12213
788584493668, 788584506736, 13068
788661425715, 788661442293, 16578
788683238305, 788683242742, 4437
788760368485, 788760381934, 13449
788782029834, 788782035957, 6123
788859166849, 788859215825, 48976
788880834675, 788880843720, 9045
788957830590, 788957841015, 10425
788979635020, 788979653305, 18285
789056905909, 789056919421, 13512
789155663016, 789155680302, 17286
789177200141, 789177206918, 6777
789254169501, 789254186181, 16680
789276036912, 789276053091, 16179
789352645354, 789352650727, 5373
789374783022, 789374789946, 6924
789452067800, 789452081270, 13470
789473590817, 789473600105, 9288
789550846372, 789550860739, 14367
789572366399, 789572374427, 8028
789649655683, 789649668997, 13314
789671175526, 789671183929, 8403
789748436100, 789748450404, 14304
789769954295, 789769960526, 6231
789847270707, 789847284657, 13950
789868739114, 789868746326, 7212
789946044358, 789946057327, 12969
789967573885, 789967591252, 17367
790044822460, 790044836821, 14361
790066323652, 790066329859, 6207
790143649447, 790143667823, 18376
790165137178, 790165145629, 8451
790242196733, 790242208028, 11295
790263934082, 790263941399, 7317
790341178284, 790341191922, 13638
790362701841, 790362708534, 6693
790439971797, 790439985399, 13602
790461495366, 790461501171, 5805
790538772961, 790538787028, 14067
790560307177, 790560318031, 10854
790637554741, 790637568622, 13881
790659073780, 790659080206, 6426
790736252686, 790736263717, 11031
790757873771, 790757880647, 6876
790835149896, 790835163540, 13644
790856656923, 790856662797, 5874
790933932149, 790933945529, 13380
790955449354, 790955455852, 6498
791032747299, 791032761546, 14247
791054263266, 791054278257, 14991
791131517389, 791131530463, 13074
791153033017, 791153040511, 7494
791229896145, 791229910254, 14109
791251852927, 791251863961, 11034
791328890806, 791328899650, 8844
791350618870, 791350627144, 8274
791427896654, 791427909692, 13038
791449418030, 791449427723, 9693
791526680652, 791526694242, 13590
791548207668, 791548213716, 6048
791625237193, 791625249143, 11950
791647020354, 791647028919, 8565
791724259820, 791724273215, 13395
791745783394, 791745790006, 6612
791823070652, 791823085037, 14385
791844576540, 791844583410, 6870
791921923116, 791921943969, 20853
791943369908, 791943376808, 6900
792020667815, 792020681105, 13290
792042173077, 792042186703, 13626
792119431145, 792119445656, 14511
792140965648, 792140977351, 11703
792218307798, 792218322051, 14253
792239742441, 792239746311, 3870
792316645525, 792316660702, 15177
792338538483, 792338545812, 7329
792415804052, 792415817675, 13623
792437327781, 792437334549, 6768
792514473115, 792514485586, 12471
792536160295, 792536178418, 18123
792613369050, 792613388187, 19137
792634911039, 792634917261, 6222
792711886923, 792711902851, 15928
792733702458, 792733710153, 7695
792810666146, 792810682814, 16668
792832499873, 792832507985, 8112
792909777850, 792909791584, 13734
792931286036, 792931292771, 6735
793008348100, 793008396204, 48104
793030097153, 793030107509, 10356
793107411806, 793107425498, 13692
793128912981, 793128925932, 12951
793206155710, 793206169798, 14088
793227680918, 793227689210, 8292
793304949370, 793304963332, 13962
793326472445, 793326482498, 10053
793403727507, 793403741082, 13575
793425267159, 793425277452, 10293
793502520606, 793502534382, 13776
793524039747, 793524047544, 7797
793601319144, 793601333490, 14346
793622843630, 793622854094, 10464
793700122391, 793700135615, 13224
793721640397, 793721650621, 10224
793798911358, 793798925467, 14109
793820423771, 793820430677, 6906
793897699774, 793897713736, 13962
793919221507, 793919243509, 22002
793996476695, 793996489847, 13152
794017997955, 794018004351, 6396
794095318102, 794095332454, 14352
794116805177, 794116814897, 9720
794194122505, 794194136974, 14469
794215578090, 794215582773, 4683
794292822729, 794292836673, 13944
794314379380, 794314386229, 6849
794391655740, 794391669489, 13749
794413194480, 794413202187, 7707
794490400015, 794490414031, 14016
794511972814, 794511982597, 9783
794589246270, 794589260355, 14085
794610815585, 794610831131, 15546
794688047790, 794688061677, 13887
794709539101, 794709545674, 6573
794786824941, 794786838306, 13365
794808333231, 794808340122, 6891
794885403325, 794885415124, 11799
794907124483, 794907133171, 8688
794984221701, 794984230194, 8493
795005919375, 795005926422, 7047
795083205764, 795083219888, 14124
795104723829, 795104735235, 11406
795181986389, 795182000240, 13851
795203528129, 795203540936, 12807
795280668261, 795280681605, 13344
795302302367, 795302311067, 8700
795379614069, 795379628001, 13932
795401085220, 795401091892, 6672
795478376651, 795478390130, 13479
795499912555, 795499933909, 21354
795577171023, 795577184247, 13224
795598721372, 795598740233, 18861
795675711446, 795675722006, 10560
795697458265, 795697464859, 6594
795774749347, 795774762166, 12819
795796249530, 795796256556, 7026
795873308015, 795873321302, 13287
795895065171, 795895075491, 10320
795972321402, 795972335919, 14517
795993833115, 795993840660, 7545
796071129493, 796071143290, 13797
796092623682, 796092627645, 3963
796169939730, 796169953524, 13794
796191438927, 796191449163, 10236
796268398474, 796268409629, 11155
796290219676, 796290228076, 8400
796367333580, 796367345121, 11541
796389038179, 796389057643, 19464
796466214442, 796466227642, 13200
796487819257, 796487840617, 21360
796565097538, 796565110057, 12519
796586584508, 796586591198, 6690
796663534069, 796663547593, 13524
796685398771, 796685410861, 12090
796762636039, 796762648540, 12501
796784168432, 796784175749, 7317
796861436373, 796861450134, 13761
796882964438, 796882971641, 7203
796960536275, 796960548269, 11994
796981771021, 796981779658, 8637
797059012391, 797059025846, 13455
797080563557, 797080574390, 10833
797157804820, 797157817891, 13071
797179333811, 797179341560, 7749
797256604328, 797256618050, 13722
797278127076, 797278134519, 7443
797355340886, 797355362420, 21534
797376939744, 797376949560, 9816
797454153570, 797454166671, 13101
797475728675, 797475738653, 9978
797552993507, 797553007007, 13500
797574536311, 797574548905, 12594
797651440463, 797651454800, 14337
797673294578, 797673301457, 6879
797750564461, 797750577526, 13065
797772128986, 797772143764, 14778
797849358092, 797849370953, 12861
797870876923, 797870881159, 4236
797948163774, 797948176656, 12882
797969671439, 797969677988, 6549
798046947168, 798046960500, 13332
798068461802, 798068467688, 5886
798145844410, 798145862110, 17700
798167272975, 798167280643, 7668
798244293733, 798244301974, 8241
798343323813, 798343337853, 14040
798364859891, 798364871222, 11331
798441761851, 798441770941, 9090
798463657223, 798463666853, 9630
798540667624, 798540674497, 6873
798562461452, 798562477934, 16482
798639681068, 798639694667, 13599
798661235871, 798661245762, 9891
798738539371, 798738558667, 19296
798760008915, 798760016157, 7242
798837273187, 798837287980, 14793
798858805128, 798858812463, 7335
798936058524, 798936072168, 13644
798957601966, 798957612727, 10761
799034850186, 799034864745, 14559
799056489034, 799056498115, 9081
799133663681, 799133676452, 12771
799155173071, 799155179032, 5961
799232504516, 799232522201, 17685
799253965448, 799253972960, 7512
799330976863, 799330991971, 15108
799352755212, 799352762385, 7173
799429988202, 799430001753, 13551
799451560545, 799451571951, 11406
799528716147, 799528734429, 18282
799550343008, 799550346221, 3213
799627664759, 799627678778, 14019
799649156844, 799649166675, 9831
799726407170, 799726421306, 14136
799747925221, 799747931110, 5889
799824943366, 799824956794, 13428
799846732161, 799846740267, 8106
799923901302, 799923915069, 13767
799945538127, 799945552497, 14370
800022755968, 800022769348, 13380
800044300028, 800044306523, 6495
800121371563, 800121382579, 11016
800143114865, 800143124825, 9960
800220246591, 800220254058, 7467
800241881973, 800241889068, 7095
800318978410, 800318991091, 12681
800340689561, 800340698921, 9360
800418048560, 800418062228, 13668
800439465109, 800439471955, 6846
800516760989, 800516774177, 13188
800538258549, 800538266004, 7455
800615560092, 800615582139, 22047
800637049589, 800637056267, 6678
800714322114, 800714334513, 12399
800735843618, 800735850125, 6507
800812997181, 800813011596, 14415
800834659222, 800834667610, 8388
800911915701, 800911930005, 14304
800933494629, 800933525406, 30777
801010714933, 801010727239, 12306
801032226613, 801032233315, 6702
801109506503, 801109519775, 13272
801131054842, 801131073361, 18519
801208284731, 801208298318, 13587
801229866843, 801229886328, 19485
801307086423, 801307100178, 13755
801328591651, 801328596400, 4749
801405546269, 801405559196, 12927
801427404227, 801427415801, 11574
801504658637, 801504672491, 13854
801526181822, 801526188017, 6195
801603463043, 801603475670, 12627
801624980384, 801624988190, 7806
801701977704, 801701988459, 10755
801723798459, 801723807195, 8736
801801050497, 801801063877, 13380
801822552135, 801822558978, 6843
801899940990, 801899964657, 23667
801921404385, 801921423243, 18858
801998710837, 801998727619, 16782
802020152716, 802020160543, 7827
802097419965, 802097433636, 13671
802118938282, 802118945845, 7563
802196279037, 802196291463, 12426
802217741088, 802217753559, 12471
802295068624, 802295081653, 13029
802316517899, 802316525015, 7116
802393799032, 802393812019, 12987
802415319652, 802415331358, 11706
802492586594, 802492600601, 14007
802514102557, 802514110027, 7470
802591393371, 802591407099, 13728
802612898202, 802612905516, 7314
802689853491, 802689862646, 9155
802711683930, 802711691823, 7893
802788928110, 802788941319, 13209
802810476435, 802810482924, 6489
802887752880, 802887766884, 14004
802909269488, 802909276796, 7308
802986553032, 802986567432, 14400
803008076144, 803008083905, 7761
803085329816, 803085346551, 16735
803106855354, 803106863762, 8408
803184165721, 803184180559, 14838
803205640084, 803205646459, 6375
803282955713, 803282968421, 12708
803304429345, 803304435546, 6201
803381721537, 803381734698, 13161
803403239177, 803403249629, 10452
803480466879, 803480480874, 13995
803502027630, 803502037719, 10089
803579305973, 803579321186, 15213
803600810820, 803600818917, 8097
803678099688, 803678113509, 13821
803699620742, 803699630135, 9393
803776878304, 803776891555, 13251
803798395197, 803798402856, 7659
803876022841, 803876033989, 11148
803897188343, 803897194370, 6027
803974378764, 803974390215, 11451
803995979365, 803995986478, 7113
804073243081, 804073262296, 19215
804094772847, 804094780368, 7521
804171920578, 804171940960, 20382
804193558225, 804193565038, 6813
804270916771, 804270924331, 7560
804292354996, 804292361449, 6453
804369660794, 804369673634, 12840
804391145536, 804391153300, 7764
804468484552, 804468503824, 19272
804489942322, 804489948703, 6381
804567229295, 804567243965, 14670
804588726913, 804588732670, 5757
804666038811, 804666052233, 13422
804687514895, 804687522359, 7464
804764820405, 804764834121, 13716
804786320118, 804786328050, 7932
804863598599, 804863611505, 12906
804885109509, 804885116193, 6684
804962428701, 804962442489, 13788
804983911275, 804983920062, 8787
805061183487, 805061196993, 13506
805082709891, 805082718381, 8490
805159976933, 805159990256, 13323
805181481061, 805181488504, 7443
805258559731, 805258569100, 9369
805280267855, 805280274257, 6402
805357377564, 805357387971, 10407
805379082475, 805379092504, 10029
805456337074, 805456351078, 14004
805477866208, 805477872817, 6609
805555046617, 805555064707, 18090
805576667963, 805576689599, 21636
805653934906, 805653949111, 14205
805675434243, 805675440990, 6747
805752712889, 805752726719, 13830
805774257971, 805774277921, 19950
805851127515, 805851134295, 6780
805873018930, 805873025953, 7023
805950294692, 805950307547, 12855
805971809735, 805971817277, 7542
806049072671, 806049085967, 13296
806070620183, 806070633653, 13470
806147870957, 806147884592, 13635
806169396368, 806169402764, 6396
806246439052, 806246452717, 13665
806268194451, 806268204756, 10305
806344842384, 806344850514, 8130
806367012613, 806367025120, 12507
806444277952, 806444291197, 13245
806465786862, 806465795676, 8814
806543031322, 806543043922, 12600
806564564911, 806564572609, 7698
806641823519, 806641837877, 14358
806663358229, 806663364463, 6234
806740633240, 806740646413, 13173
806762149128, 806762156055, 6927
806839426352, 806839439561, 13209
806860941662, 806860947614, 5952
806937887082, 806937904437, 17355
806959746183, 806959754796, 8613
807037020075, 807037034442, 14367
807058526808, 807058533519, 6711
807135540285, 807135550110, 9825
807157355541, 807157372251, 16710
807234831887, 807234846302, 14415
807256107820, 807256115017, 7197
807333431801, 807333459131, 27330
807354957279, 807354975693, 18414
807432228124, 807432241255, 13131
807531023948, 807531036905, 12957
807552482346, 807552488883, 6537
807629775757, 807629789368, 13611
807651296624, 807651316499, 19875
807728540699, 807728554673, 13974
807750063190, 807750069910, 6720
807827477937, 807827492469, 14532
807848874642, 807848882136, 7494
807925993978, 807926006923, 12945
807947648120, 807947655527, 7407
808024918595, 808024931150, 12555
808046439069, 808046446152, 7083
808123386422, 808123400093, 13671
808145236465, 808145243560, 7095
808222234520, 808222248860, 14340
808244046788, 808244053973, 7185
808321061977, 808321074799, 12822
808342814240, 808342820921, 6681
808420084998, 808420098798, 13800
808441605307, 808441612915, 7608
808518901453, 808518914641, 13188
808540398001, 808540404499, 6498
808617685021, 808617699028, 14007
808639209111, 808639228749, 19638
808716477362, 808716491234, 13872
808737981430, 808737988519, 7089
808814790800, 808814836392, 45592
808836775456, 808836778882, 3426
808914118476, 808914132225, 13749
808935565575, 808935571968, 6393
809012863016, 809012876876, 13860
809034359388, 809034366099, 6711
809111638860, 809111651520, 12660
809133168631, 809133181702, 13071
809210457768, 809210471508, 13740
809231940689, 809231947997, 7308
809309192698, 809309205673, 12975
809330738069, 809330745944, 7875
809408016686, 809408030570, 13884
809429553819, 809429561913, 8094
809506796288, 809506808798, 12510
809528340147, 809528348064, 7917
809605605287, 809605619360, 14073
809627116637, 809627125298, 8661
809704106128, 809704114828, 8700
809725921446, 809725929594, 8148
809802567133, 809802663403, 96270
809824694161, 809824702135, 7974
809915983549, 809915991616, 8067
810014514161, 810014520695, 6534
810113532283, 810113544427, 12144
810212293150, 810212302816, 9666
810311119839, 810311127600, 7761
810409872246, 810409879260, 7014
810508678843, 810508687000, 8157
810607460910, 810607470042, 9132
810706246429, 810706260937, 14508
810805083721, 810805091611, 7890
810903842743, 810903853483, 10740
811002668328, 811002677181, 8853
811101454765, 811101463093, 8328
811200276997, 811200294199, 17202
811299011125, 811299020209, 9084
811397674285, 811397698879, 24594
811496627477, 811496636429, 8952
811595220683, 811595242808, 22125
811694215421, 811694222885, 7464
811793003539, 811793011204, 7665
811891767907, 811891781410, 13503
811990671592, 811990678582, 6990
812089380583, 812089392121, 11538
812188160071, 812188169695, 9624
812286941362, 812286948226, 6864
812385776923, 812385785278, 8355
812484508346, 812484515666, 7320
812583336850, 812583344422, 7572
812681906809, 812681920810, 14001
812780904558, 812780919513, 14955
812879663840, 812879671436, 7596
812981279645, 812981294141, 14496
813077291631, 813077299986, 8355
813176092066, 813176099296, 7230
813274880901, 813274889307, 8406
813373644412, 813373651399, 6987
813472468627, 813472476088, 7461
813571043805, 813571063479, 19674
813670157097, 813670163577, 6480
813768812138, 813768820379, 8241
813867609043, 813867618871, 9828
813966404488, 813966411121, 6633
814065185515, 814065193156, 7641
814163989039, 814163997587, 8548
814262620828, 814262627428, 6600
814361592063, 814361599800, 7737
814460376755, 814460384678, 7923
814559140176, 814559148558, 8382
814657956210, 814657966836, 10626
814757640511, 814757672200, 31689
814855521831, 814855530513, 8682
814954345433, 814954353347, 7914
815053129327, 815053137562, 8235
815151901055, 815151911261, 10206
815250857720, 815250870035, 12315
815349678958, 815349692539, 13581
815448317331, 815448325221, 7890
815546893281, 815546915442, 22161
815645780418, 815645787972, 7554
815744706749, 815744715797, 9048
815843407048, 815843414611, 7563
815942231051, 815942239037, 7986
816041294367, 816041312763, 18396
816140004547, 816140011768, 7221
816238607647, 816238616821, 9174
816337380400, 816337387918, 7518
816436203478, 816436212133, 8655
816535000165, 816535007578, 7413
816633755591, 816633761987, 6396
816641403083, 816641420918, 17835
816732625513, 816732632572, 7059
816831311584, 816831322720, 11136
816930173632, 816930181555, 7923
817028798133, 817028804976, 6843
817127789548, 817127799238, 9690
817226578130, 817226588546, 10416
817325342940, 817325351937, 8997
817424135643, 817424143206, 7563
817522701317, 817522714595, 13278
817621682768, 817621692335, 9567
817720501257, 817720507881, 6624
817819302566, 817819309325, 6759
817918914941, 817918942301, 27360
818016891877, 818016901480, 9603
818115829565, 818115837017, 7452
818214444069, 818214451272, 7203
818313229965, 818313237261, 7296
818412051085, 818412058216, 7131
818510808188, 818510814716, 6528
818609642489, 818609651681, 9192
818708433004, 818708441287, 8283
818807222434, 818807229874, 7440
818905965300, 818905971768, 6468
819004773231, 819004780221, 6990
819103557421, 819103564915, 7494
819202374765, 819202385667, 10902
819308491929, 819308508987, 17058
819399765824, 819399778292, 12468
819498746478, 819498753822, 7344
819597522370, 819597529492, 7122
819696289859, 819696295913, 6054
819795194614, 819795200836, 6222
819893924794, 819893932198, 7404
819992769904, 819992776963, 7059
820091515014, 820091523213, 8199
820190261867, 820190269625, 7758
820289147421, 820289157102, 9681
820387887908, 820387895696, 7788
820486749783, 820486763985, 14202
820585536203, 820585549190, 12987
820684235901, 820684243485, 7584
820783089485, 820783099130, 9645
820881953432, 820881965702, 12270
820981481974, 820981491487, 9513
821079429850, 821079438103, 8253
821178291110, 821178300236, 9126
821277027615, 821277034605, 6990
821375609282, 821375626142, 16860
821474598894, 821474606766, 7872
821573392136, 821573400647, 8511
821672203354, 821672210209, 6855
821770907096, 821770917842, 10746
821869729325, 821869737494, 8169
821968558678, 821968569583, 10905
822067346472, 822067355169, 8697
822166096355, 822166104560, 8205
822264929671, 822264938053, 8382
822363719413, 822363728578, 9165
822462511544, 822462518054, 6510
822561304991, 822561313805, 8814
822660094707, 822660104112, 9405
822758850222, 822758856675, 6453
822766436331, 822766443117, 6786
822857770763, 822857783252, 12489
822956446166, 822956454827, 8661
823055221983, 823055227830, 5847
823154053290, 823154063253, 9963
823252767521, 823252774196, 6675
823351442420, 823351456985, 14565
823450433739, 823450442751, 9012
823549222988, 823549230272, 7284
823648000950, 823648010421, 9471
823746799578, 823746807648, 8070
823845686039, 823845697421, 11382
823944439571, 823944446654, 7083
824043128375, 824043135677, 7302
824141951134, 824141960971, 9837
824240732358, 824240738664, 6306
824339659583, 824339670944, 11361
824438312042, 824438321504, 9462
824537009379, 824537016654, 7275
824635906645, 824635920160, 13515
824734721926, 824734729147, 7221
824833825869, 824833837173, 11304
824932270312, 824932277587, 7275
825031012209, 825031019610, 7401
825129916026, 825129923529, 7503
825228684965, 825228693647, 8682
825327286145, 825327306659, 20514
825426316816, 825426326080, 9264
825525005326, 825525012850, 7524
825623804932, 825623813350, 8418
825722641818, 825722649462, 7644
825821415854, 825821424246, 8392
825920190259, 825920199250, 8991
826019023547, 826019030516, 6969
826117783411, 826117790740, 7329
826216593331, 826216601590, 8259
826315402388, 826315410134, 7746
826414137838, 826414144954, 7116
826512938681, 826512945629, 6948
826611724221, 826611731760, 7539
826710564633, 826710571962, 7329
826809377185, 826809384421, 7236
826908115917, 826908123381, 7464
827006721476, 827006735279, 13803
827105754336, 827105761912, 7576
827204470603, 827204478787, 8184
827314193630, 827314278385, 84755
827409648360, 827409654726, 6366
827501163681, 827501171532, 7851
827599681269, 827599688481, 7212
827698516346, 827698524089, 7743
827797280863, 827797288201, 7338
827896037064, 827896043670, 6606
827994628316, 827994637211, 8895
828093471128, 828093476942, 5814
828192214456, 828192223621, 9165
828291567335, 828291579071, 11736
828389978107, 828389985031, 6924
828488647661, 828488653460, 5799
828587416041, 828587438655, 22614
828686370958, 828686378743, 7785
828785198187, 828785206023, 7836
828883994088, 828884001393, 7305
828982811521, 828982819609, 8088
829081746197, 829081757042, 10845
829180317168, 829180323888, 6720
829279154130, 829279161522, 7392
829377920165, 829377927191, 7026
829476713283, 829476721605, 8322
829575540158, 829575548204, 8046
829674353885, 829674361310, 7425
829773257717, 829773280061, 22344
829871902412, 829871909468, 7056
829970533506, 829970541561, 8055
830069532862, 830069542333, 9471
830168263848, 830168271750, 7902
830267029686, 830267036352, 6666
830365663458, 830365676772, 13314
830464626358, 830464633234, 6876
830563476634, 830563483726, 7092
830662255927, 830662263214, 7287
830761023394, 830761033630, 10236
830859798039, 830859805560, 7521
830958620797, 830958629206, 8409
831057432615, 831057439536, 6921
831156177465, 831156184713, 7248
831254971736, 831254978951, 7215
831353785910, 831353791757, 5847
831452528419, 831452535787, 7368
831551358361, 831551366518, 8157
831650162517, 831650177136, 14619
831748742374, 831748750159, 7785
831847537476, 831847557402, 19926
831946573230, 831946580391, 7161
831954067929, 831954074181, 6252
832045260727, 832045267825, 7098
832144193835, 832144201956, 8121
832242999317, 832243006751, 7434
832341709855, 832341716692, 6837
832440497901, 832440505824, 7923
832539340629, 832539348306, 7677
832638106887, 832638114729, 7842
832736849802, 832736856114, 6312
832835665420, 832835673022, 7602
832934443459, 832934449534, 6075
833033196784, 833033204263, 7479
833132035692, 833132043621, 7929
833230628215, 833230648738, 20523
833329587594, 833329601055, 13461
833428373462, 833428380251, 6789
833527204569, 833527211796, 7227
833625994574, 833626002014, 7440
833724784891, 833724791560, 6669
833823544412, 833823551588, 7176
833922366930, 833922374142, 7212
834021127793, 834021134420, 6627
834119967665, 834119974226, 6561
834218733429, 834218742042, 8613
834317545915, 834317552323, 6408
834416334549, 834416341980, 7431
834514920893, 834514943711, 22818
834613930442, 834613937987, 7545
834712706755, 834712714543, 7788
834811512996, 834811520346, 7350
834910311381, 834910317990, 6609
835009179451, 835009187719, 8268
835016626717, 835016633077, 6360
835107880688, 835107888407, 7719
835206608808, 835206615906, 7098
835305425416, 835305432295, 6879
835404277697, 835404285305, 7608
835502937175, 835502945386, 8211
835601806901, 835601813483, 6582
835700631904, 835700638402, 6498
835799434827, 835799442021, 7194
835897998556, 835898017258, 18702
835996997678, 835997004719, 7041
836095653799, 836095661965, 8166
836194542675, 836194551663, 8988
836293342088, 836293349300, 7212
836392154834, 836392162076, 7242
836490916384, 836490923401, 7017
836589753111, 836589761661, 8550
836688498233, 836688505613, 7380
836787335955, 836787344169, 8214
836886117146, 836886124868, 7722
836984918578, 836984925781, 7203
837083678654, 837083688917, 10263
837182423326, 837182430004, 6678
837281301183, 837281308851, 7668
837379880246, 837379898720, 18474
837478876572, 837478883985, 7413
837577675605, 837577681734, 6129
837676449039, 837676457112, 8073
837775174732, 837775182529, 7797
837873977663, 837873984773, 7110
837972846457, 837972854455, 7998
838071651203, 838071659207, 8004
838170550815, 838170570438, 19623
838268969499, 838268975376, 5877
838368005369, 838368011528, 6159
838466855723, 838466863358, 7635
838565388687, 838565410302, 21615
838664407605, 838664416249, 8644
838763157547, 838763165881, 8334
838861993595, 838862002787, 9192
838960750934, 838960757768, 6834
839059547939, 839059556063, 8124
839158366932, 839158374561, 7629
839257157221, 839257172686, 15465
839355981103, 839355991219, 10116
839454716679, 839454724236, 7557
839553653225, 839553668864, 15639
839652266044, 839652274474, 8430
839751151757, 839751158900, 7143
839849842619, 839849849912, 7293
839948633750, 839948641358, 7608
840047346866, 840047353340, 6474
840146213993, 840146221235, 7242
840245053906, 840245061934, 8028
840343636840, 840343649692, 12852
840442615829, 840442623620, 7791
840541445260, 840541452712, 7452
840640221420, 840640229115, 7695
840739012221, 840739019808, 7587
840837805937, 840837813080, 7143
840936616815, 840936623103, 6288
841035386817, 841035394722, 7905
841134368105, 841134390422, 22317
841141743278, 841141752167, 8889
841232790754, 841232796376, 5622
841331744014, 841331750716, 6702
841430513476, 841430521099, 7623
841529345963, 841529354501, 8538
841628102460, 841628109645, 7185
841726901408, 841726910429, 9021
841825685846, 841825693337, 7491
841924714729, 841924729864, 15135
842023302975, 842023311264, 8289
842122104567, 842122111206, 6639
842220951460, 842220967903, 16443
842319626561, 842319636641, 10080
842418520270, 842418533836, 13566
842517065584, 842517085372, 19788
842616036728, 842616044543, 7815
842714931465, 842714959419, 27954
842813642408, 842813652953, 10545
842912422347, 842912429502, 7155
843011216910, 843011225115, 8205
843109976655, 843109983342, 6687
843208895796, 843208909527, 13731
843307601700, 843307609005, 7305
843407082262, 843407092384, 10122
843505128240, 843505136499, 8259
843603978151, 843603985522, 7371
843702807230, 843702820286, 13056
843801507019, 843801514828, 7809
843900354058, 843900361645, 7587
843999194271, 843999202833, 8562
844097882477, 844097891558, 9081
844196734180, 844196741713, 7533
844295499997, 844295506885, 6888
844394314533, 844394322348, 7815
844493192038, 844493199991, 7953
844591846661, 844591854266, 7605
844690646041, 844690653250, 7209
844789371474, 844789395210, 23736
844888268332, 844888275553, 7221
844987062312, 844987070103, 7791
845085856643, 845085863750, 7107
845184616889, 845184624230, 7341
845283403987, 845283412903, 8916
845382277345, 845382284815, 7470
845480990445, 845480997747, 7302
845579873736, 845579888118, 14382
845678610433, 845678620270, 9837
845777401119, 845777408466, 7347
845876226091, 845876233564, 7473
845974984836, 845974994058, 9222
846073775825, 846073789154, 13329
845883730300, 845883743425, 13125
845961005873, 845961020801, 14928
845982507948, 845982515265, 7317
846059613461, 846059624600, 11139
846081310214, 846081320204, 9990
846158588866, 846158603071, 14205
846180092470, 846180099289, 6819
846256913738, 846256925612, 11874
846278883448, 846278890015, 6567
846355974068, 846355987871, 13803
846377696562, 846377706051, 9489
846454915527, 846454928370, 12843
846476468924, 846476475764, 6840
846553761596, 846553778399, 16803
846575280172, 846575288101, 7929
846652796659, 846652811362, 14703
846674070366, 846674079450, 9084
846751345782, 846751360119, 14337
846772853725, 846772860352, 6627
846850125571, 846850140175, 14604
846871658602, 846871668919, 10317
846948921260, 846948934811, 13551
846970424622, 846970431084, 6462
847047346401, 847047360363, 13962
847069221838, 847069228591, 6753
847146504638, 847146519188, 14550
847168040349, 847168050414, 10065
847245290544, 847245304098, 13554
847344080266, 847344093943, 13677
847365594337, 847365601906, 7569
847442888595, 847442903634, 15039
847464429431, 847464443705, 14274
847541659092, 847541672880, 13788
847563178974, 847563185505, 6531
847640466476, 847640480408, 13932
847661982409, 847661990125, 7716
847739255460, 847739269179, 13719
847760787936, 847760806698, 18762
847838044818, 847838057862, 13044
847859553997, 847859560894, 6897
847936829590, 847936843651, 14061
847958346671, 847958356250, 9579
848035639182, 848035653195, 14013
848057137351, 848057143792, 6441
848134418471, 848134432430, 13959
848155949143, 848155959583, 10440
848233601649, 848233614960, 13311
848254746058, 848254754488, 8430
848332000126, 848332014664, 14538
848353512215, 848353519526, 7311
848430789346, 848430802441, 13095
848452344993, 848452363365, 18372
848529711049, 848529731941, 20892
848551095375, 848551103190, 7815
848628373458, 848628387552, 14094
848649888113, 848649895397, 7284
848727163382, 848727177389, 14007
848748731657, 848748752459, 20802
848825978607, 848825992146, 13539
848847478338, 848847486141, 7803
848924744964, 848924758785, 13821
848946305683, 848946319579, 13896
849023547921, 849023562597, 14676
849045086328, 849045095853, 9525
849122160446, 849122176126, 15680
849143846273, 849143852156, 5883
849220719105, 849220732653, 13548
849242637706, 849242644771, 7065
849319906443, 849319920267, 13824
849341433093, 849341439054, 5961
849418722192, 849418735608, 13416
849440225014, 849440231233, 6219
849517590570, 849517607382, 16812
849539036474, 849539046074, 9600
849616341521, 849616363118, 21597
849637808975, 849637815257, 6282
849715069716, 849715083999, 14283
849736602806, 849736608827, 6021
849813924255, 849813938286, 14031
849835392460, 849835401178, 8718
849912681216, 849912694323, 13107
849934182176, 849934189508, 7332
850011290672, 850011303875, 13203
850032972294, 850032976581, 4287
850110235778, 850110261413, 25635
850131777017, 850131785180, 8163
850208983638, 850208997384, 13746
850230557492, 850230564548, 7056
850307493822, 850307508645, 14823
850329353007, 850329359445, 6438
850406625071, 850406638028, 12957
850428141832, 850428149362, 7530
850505044091, 850505059256, 15165
850526972428, 850526984056, 11628
850603623257, 850603697432, 74175
850625725512, 850625732760, 7248
850716756737, 850716770546, 13809
850815958692, 850815972360, 13668
850914446087, 850914459521, 13434
851013331079, 851013339251, 8172
851112176031, 851112183279, 7248
851210944342, 851210951806, 7464
851309505834, 851309518335, 12501
851408718355, 851408726965, 8610
851507116703, 851507121767, 5064
851606060527, 851606067412, 6885
851704864935, 851704872261, 7326
851804690462, 851804700383, 9921
851902441037, 851902448288, 7251
852001335948, 852001343271, 7323
852100031768, 852100038527, 6759
852206435738, 852206441885, 6147
852297449850, 852297469911, 20061
852396409841, 852396416597, 6756
852495212883, 852495227088, 14205
852593961492, 852593968332, 6840
852692853602, 852692861470, 7868
852791569198, 852791576263, 7065
852891708907, 852891716110, 7203
852989129396, 852989137295, 7899
853087961267, 853087968791, 7524
853187137548, 853187144496, 6948
853286373536, 853286399309, 25773
853384544840, 853384553084, 8244
853483011283, 853483021858, 10575
853581840821, 853581853067, 12246
853680501409, 853680563873, 62464
853765335492, 853765344216, 8724
853787066613, 853787072385, 5772
853864198328, 853864209168, 10840
853885869358, 853885880014, 10656
853963166953, 853963180030, 13077
853984648236, 853984656696, 8460
854061743992, 854061757264, 13272
854083443535, 854083449619, 6084
854160513165, 854160527742, 14577
854182233572, 854182240409, 6837
854259328876, 854259341416, 12540
854281026230, 854281032320, 6090
854358051882, 854358064569, 12687
854379814125, 854379820086, 5961
854456813380, 854456825866, 12486
854478605756, 854478612176, 6420
854556155557, 854556170719, 15162
854577419443, 854577446059, 26616
854654771965, 854654785390, 13425
854676202993, 854676213487, 10494
854753292711, 854753304630, 11919
854775000173, 854775008429, 8256
854852278802, 854852293469, 14667
854873773933, 854873870446, 96513
854951256008, 854951269058, 13050
854972564897, 854972572472, 7575
855049863024, 855049877427, 14403
855071774837, 855071798612, 23775
855148639775, 855148652993, 13218
855170157703, 855170165593, 7890
855247644601, 855247659922, 15321
855268958425, 855268969945, 11520
855346380916, 855346393792, 12876
855367749616, 855367759072, 9456
855445008157, 855445022368, 14211
855466525736, 855466533233, 7497
855543802816, 855543816829, 14013
855565340851, 855565350322, 9471
855642611399, 855642624950, 13551
855664109013, 855664115442, 6429
855741735194, 855741750407, 15213
855762921006, 855762932880, 11874
855839756108, 855839768747, 12639
855861712103, 855861728738, 16635
855938963300, 855938977248, 13948
855960510292, 855960519196, 8904
856038061014, 856038074277, 13263
856059277237, 856059284410, 7173
856136381715, 856136393589, 11874
856158081538, 856158089203, 7665
856235447071, 856235459311, 12240
856256866263, 856256872794, 6531
856334164663, 856334179129, 14466
856355671935, 856355680794, 8859
856433047077, 856433059905, 12828
856454460878, 856454631068, 170190
856531309091, 856531317908, 8817
856553293952, 856553303012, 9060
856630529013, 856630541982, 12969
856652028399, 856652036499, 8100
856729087709, 856729094510, 6801
856750846798, 856750856689, 9891
856827670749, 856827681129, 10380
856849616086, 856849624423, 8337
856926878008, 856926891256, 13248
856948403658, 856948410093, 6435
857025644582, 857025658475, 13893
857047219026, 857047233192, 14166
857124478243, 857124498376, 20133
857145990211, 857145996901, 6690
857222940151, 857222947678, 7527
857244832702, 857244852643, 19941
857321806420, 857321812555, 6135
857343592264, 857343600367, 8103
857420574452, 857420585798, 11346
857442397873, 857442411247, 13374
857519502972, 857519523786, 20814
857541180668, 857541192173, 11505
857618305958, 857618313401, 7443
857639948155, 857639954311, 6156
857716977267, 857716991400, 14133
857738754552, 857738765244, 10692
857815737736, 857815749622, 11886
857837548406, 857837557643, 9237
857914837736, 857914851935, 14199
857936322069, 857936329098, 7029
858013460117, 858013480481, 20364
858035203705, 858035225491, 21786
858112481697, 858112494888, 13191
858133922676, 858133931097, 8421
858211221528, 858211235457, 13929
858232721516, 858232731440, 9924
858309980059, 858309993403, 13344
858331495042, 858331498924, 3882
858408775541, 858408790064, 14523
858430280673, 858430287213, 6540
858507571467, 858507584802, 13335
858529096714, 858529105708, 8994
858606367951, 858606382015, 14064
858627864980, 858627872495, 7515
858705155642, 858705169994, 14352
858726657455, 858726664682, 7227
858803890495, 858803904439, 13944
858825454067, 858825461030, 6963
858902454909, 858902469342, 14433
858924243033, 858924250419, 7386
859001564071, 859001579695, 15624
859023051789, 859023070866, 19077
859100313769, 859100327533, 13764
859121852260, 859121872894, 20634
859199053571, 859199066813, 13242
859220621379, 859220628087, 6708
859297468173, 859297483527, 15354
859319407408, 859319414170, 6762
859396704162, 859396716414, 12252
859418198851, 859418204788, 5937
859495622107, 859495644952, 22845
859594275436, 859594288216, 12780
859615798753, 859615809388, 10635
859693080517, 859693093174, 12657
859714588537, 859714598617, 10080
859791905415, 859791919644, 14229
859813369796, 859813376327, 6531
859890660418, 859890674305, 13887
859912158245, 859912165133, 6888
859988817129, 859988822508, 5379
860010964922, 860010973154, 8232
860087953006, 860087961856, 8850
860109761428, 860109770401, 8973
860186762945, 860186773455, 10510
860208539503, 860208546448, 6945
860285838700, 860285853007, 14307
860307329533, 860307336400, 6867
860384147710, 860384157262, 9552
860406118541, 860406125666, 7125
860483421462, 860483435082, 13620
860504906187, 860504909328, 3141
860582219274, 860582232720, 13446
860603702537, 860603708876, 6339
860680973857, 860680988521, 14664
860702527843, 860702542984, 15141
860779794464, 860779808501, 14037
860801286475, 860801293687, 7212
860878570766, 860878585571, 14805
860900077531, 860900084575, 7044
860977379474, 860977393124, 13650
860998879827, 860998890615, 10788
861076194999, 861076208367, 13368
861097660480, 861097666813, 6333
861175017264, 861175030611, 13347
861196457308, 861196465681, 8373
861273815231, 861273836465, 21234
861295247870, 861295254413, 6543
861372579967, 861372595822, 15855
861394061146, 861394070101, 8955
861471355232, 861471368960, 13728
861492848797, 861492855757, 6960
861570147965, 861570161363, 13398
861591621017, 861591628835, 7818
861668908721, 861668921714, 12993
861690427269, 861690435789, 8520
861767341249, 861767359948, 18699
861789205823, 861789209195, 3372
861866364064, 861866379025, 14961
861887994844, 861888001420, 6576
861965446167, 861965467455, 21288
861986793636, 861986800860, 7224
862064070332, 862064083673, 13341
862085596408, 862085606524, 10116
862162876611, 862162890531, 13920
862184391692, 862184399093, 7401
862261705036, 862261718005, 12969
862283178585, 862283188017, 9432
862360448807, 862360462856, 14049
862381955240, 862381962221, 6981
862459240504, 862459254469, 13965
862480748898, 862480757007, 8109
862557840597, 862557855459, 14862
862656822749, 862656837302, 14553
862678354177, 862678362943, 8766
862755608664, 862755622530, 13866
862777125609, 862777132146, 6537
862854418776, 862854432834, 14058
862875970908, 862875986076, 15168
862953203722, 862953217537, 13815
862974705699, 862974712044, 6345
863051986617, 863052000171, 13554
863073505262, 863073509342, 4080
863150153600, 863150160707, 7107
863172303864, 863172311820, 7956
863249583730, 863249597629, 13899
863271081093, 863271087630, 6537
863348199436, 863348213713, 14277
863370429078, 863370437883, 8805
863447290647, 863447304351, 13704
863468666414, 863468674202, 7788
863545917087, 863545930692, 13605
863567458090, 863567464600, 6510
863644532947, 863644539517, 6570
863666261511, 863666269221, 7710
863743538446, 863743552243, 13797
863765052576, 863765061486, 8910
863842508157, 863842522779, 14622
863863851598, 863863860349, 8751
863941165220, 863941179146, 13926
863962624316, 863962631057, 6741
864039978921, 864039993999, 15078
864061416819, 864061423791, 6972
864138684630, 864138699069, 14439
864160211719, 864160219081, 7362
864237790264, 864237806380, 16116
864258999272, 864259005068, 5796
864336305386, 864336317875, 12489
864357795616, 864357802747, 7131
864435221212, 864435236011, 14799
864456583169, 864456586733, 3564
864534037432, 864534050674, 13242
864555381902, 864555389462, 7560
864632650942, 864632663701, 12759
864654190077, 864654198417, 8340
864731436880, 864731450101, 13221
864752973207, 864752980776, 7569
864830238155, 864830252921, 14766
864851755022, 864851763743, 8721
864929029129, 864929041345, 12216
864950542842, 864950548824, 5982
865027840728, 865027854285, 13557
865049335701, 865049341683, 5982
865126619062, 865126633096, 14034
865148222092, 865148244439, 22347
865225727027, 865225740977, 13950
865246941685, 865246957507, 15822
865324197815, 865324211840, 14025
865345716544, 865345724239, 7695
865423030151, 865423043759, 13608
865444529730, 865444550832, 21102
865521791056, 865521804421, 13365
865543292878, 865543297384, 4506
865621077214, 865621086145, 8931
865642098415, 865642105282, 6867
865719114065, 865719128297, 14232
865740875886, 865740883662, 7776
865817733476, 865817807524, 74048
865839693691, 865839704902, 11211
865916744203, 865916751058, 6855
865938461108, 865938467804, 6696
866015731777, 866015744923, 13146
866037255495, 866037262434, 6939
866114485631, 866114500079, 14448
866136064585, 866136075526, 10941
866213351428, 866213365477, 14049
866234859478, 866234868757, 9279
866312135666, 866312149943, 14277
866333630546, 866333637182, 6636
866410886306, 866410898321, 12015
866432420662, 866432428474, 7812
866509699338, 866509713672, 14334
866531214622, 866531221717, 7095
866608694556, 866608706943, 12387
866630027835, 866630037723, 9888
866707439135, 866707454465, 15330
866728827135, 866728840161, 13026
866805906472, 866805913093, 6621
866827590396, 866827596174, 5778
866905080376, 866905095571, 15195
866926383172, 866926388932, 5760
867003900879, 867003914247, 13368
867025176581, 867025182845, 6264
867102079877, 867102088477, 8600
867123970038, 867123976935, 6897
867201259942, 867201274516, 14574
867222791943, 867222803832, 11889
867300039235, 867300053362, 14127
867321572788, 867321582505, 9717
867398839626, 867398851851, 12225
867420357732, 867420368619, 10887
867497363683, 867497373987, 10304
867519147545, 867519220853, 73308
867595909053, 867595915793, 6740
867617922335, 867617929061, 6726
867695170154, 867695184410, 14256
867716740101, 867716752011, 11910
867794024576, 867794038985, 14409
867815506035, 867815513334, 7299
867892797130, 867892810231, 13101
867914323882, 867914333761, 9879
867991487316, 867991499712, 12396
868013088815, 868013095418, 6603
868090194666, 868090205652, 10986
868111895956, 868111903573, 7617
868189175430, 868189192465, 17035
868210675440, 868210681636, 6196
868287951880, 868287966523, 14643
868309464647, 868309469792, 5145
868386782685, 868386797409, 14724
868408259259, 868408265784, 6525
868485560347, 868485574207, 13860
868507071099, 868507078347, 7248
868584339912, 868584352992, 13080
868605852139, 868605861304, 9165
868683151597, 868683165256, 13659
868781927854, 868781942020, 14166
868803442686, 868803451587, 8901
868880716063, 868880730553, 14490
868902222103, 868902228280, 6177
868979592543, 868979612472, 19929
869001026999, 869001034904, 7905
869078431140, 869078455245, 24105
869099810443, 869099819326, 8883
869176457816, 869176463438, 5622
869198591577, 869198600049, 8472
869275897339, 869275910029, 12690
869297384042, 869297391212, 7170
869374675154, 869374688951, 13797
869396187710, 869396197184, 9474
869473467793, 869473482178, 14385
869494989176, 869495000561, 11385
869572096553, 869572111379, 14826
869593773757, 869593784302, 10545
869671076435, 869671089284, 12849
869692552681, 869692559047, 6366
869769837994, 869769852496, 14502
869791342208, 869791348415, 6207
869868461511, 869868470601, 9090
869890139236, 869890146400, 7164
869967320134, 869967328891, 8757
869988959161, 869988968401, 9240
870065875020, 870066180828, 305808
870087730521, 870087738732, 8211
870165096486, 870165117318, 20832
870186517702, 870186524338, 6636
870263709532, 870263725963, 16431
870285310591, 870285321922, 11331
870362808962, 870362821616, 12654
870384103510, 870384115627, 12117
870461367017, 870461381012, 13995
870482886924, 870482893893, 6969
870560237647, 870560259355, 21708
870581678731, 870581686009, 7278
870659116909, 870659139127, 22218
870680474491, 870680480428, 5937
870757753981, 870757768507, 14526
870779301340, 870779318479, 17139
870856541883, 870856554867, 12984
870878076410, 870878084597, 8187
870955370357, 870955383845, 13488
870976853607, 870976860990, 7383
871054135241, 871054149584, 14343
871075648161, 871075658196, 10035
871152919495, 871152936967, 17472
871174428952, 871174435579, 6627
871251614075, 871251626846, 12771
871273514469, 871273523151, 8682
871350924700, 871350943564, 18864
871372016741, 871372023218, 6477
871449334030, 871449354853, 20823
871470824325, 871470833094, 8769
871548034812, 871548047289, 12477
871569642957, 871569653730, 10773
871646874742, 871646888392, 13650
871668388409, 871668395327, 6918
871745674834, 871745688814, 13980
871767187342, 871767194071, 6729
871844456489, 871844471273, 14784
871865973016, 871865979427, 6411
871943259865, 871943272546, 12681
871964764731, 871964771892, 7161
872042047820, 872042061935, 14115
872063563215, 872063571585, 8370
872140843396, 872140855888, 12492
872162348245, 872162354389, 6144
872239457038, 872239471057, 14019
872261139841, 872261146585, 6744
872338416023, 872338430369, 14346
872360106179, 872360125457, 19278
872437205843, 872437220030, 14187
872458730780, 872458736807, 6027
872535992304, 872536006392, 14088
872557551935, 872557568324, 16389
872634798854, 872634812204, 13350
872656346541, 872656355220, 8679
872733589981, 872733603175, 13194
872755100805, 872755108485, 7680
872832427596, 872832442068, 14472
872853891372, 872853898152, 6780
872931188103, 872931202188, 14085
872952681434, 872952687134, 5700
873030040320, 873030059565, 19245
873051498539, 873051508148, 9609
873128481784, 873128495761, 13977
873150278744, 873150289025, 10281
873227281837, 873227294761, 12924
873249073592, 873249084722, 11130
873325990254, 873325998252, 7998
873347853381, 873347860032, 6651
873424942378, 873424952968, 10590
873446662127, 873446671292, 9165
873523644379, 873523655309, 10930
873545440113, 873545447910, 7797
873622666928, 873622679876, 12948
873644225850, 873644233086, 7236
873721516368, 873721531458, 15090
873743063403, 873743072622, 9219
873820401948, 873820417623, 15675
873841835594, 873841846598, 11004
873919093375, 873919107433, 14058
873940599142, 873940606756, 7614
874017888867, 874017902400, 13533
874039392016, 874039396759, 4743
874116676763, 874116690257, 13494
874138202374, 874138213270, 10896
874215305392, 874215317470, 12078
874236988610, 874236996470, 7860
874314238509, 874314251187, 12678
874335770382, 874335779544, 9162
874413052321, 874413065866, 13545
874434579963, 874434597663, 17700
874511470024, 874511481937, 11913
874533374160, 874533382464, 8304
874610653806, 874610672622, 18816
874632154455, 874632161949, 7494
874709423481, 874709436555, 13074
874730953829, 874730964515, 10686
874808213549, 874808227202, 13653
874829739731, 874829745857, 6126
874907009210, 874907021561, 12351
874928555002, 874928570407, 15405
875005790543, 875005803848, 13305
875027339000, 875027349449, 10449
875104579140, 875104592304, 13164
875126109928, 875126116381, 6453
875203402729, 875203417612, 14883
875224907107, 875224914130, 7023
875302182373, 875302195936, 13563
875323687379, 875323693784, 6405
875400948621, 875400961185, 12564
875422499815, 875422509124, 9309
875499750648, 875499764421, 13773
875521283791, 875521293016, 9225
875598548315, 875598562232, 13917
875620062008, 875620068377, 6369
875697343190, 875697356639, 13449
875718872239, 875718881848, 9609
875796149000, 875796162944, 13944
875817646421, 875817653336, 6915
875894963391, 875894977170, 13779
875916438827, 875916446012, 7185
875993728183, 875993742934, 14751
876015232112, 876015242123, 10011
876092495888, 876092509811, 13923
876114020352, 876114026058, 5706
876191224130, 876191258303, 34173
876212833752, 876212844372, 10620
876290087596, 876290102551, 14955
876311608182, 876311614746, 6564
876388892354, 876388905653, 13299
876410396980, 876410404114, 7134
876487690604, 876487704125, 13521
876509211374, 876509222624, 11250
876586451212, 876586464742, 13530
876607999561, 876608012125, 12564
876685260734, 876685274381, 13647
876706774212, 876706781031, 6819
876784055230, 876784069945, 14715
876805593891, 876805617954, 24063
876882847138, 876882861304, 14166
876904363862, 876904371782, 7920
876981369248, 876981383099, 13851
877003173164, 877003180820, 7656
877080130111, 877080142551, 12440
877101955041, 877101965691, 10650
877178994225, 877179002880, 8655
877200731751, 877200737928, 6177
877277701910, 877277714363, 12453
877299536559, 877299545403, 8844
877376833514, 877376846465, 12951
877398319152, 877398327423, 8271
877475588433, 877475602155, 13722
877497111136, 877497117457, 6321
877574677639, 877574695342, 17703
877596500957, 877596516197, 15240
877673210557, 877673229007, 18450
877694695316, 877694702309, 6993
877771863566, 877771883357, 19791
877793519629, 877793533708, 14079
877870685373, 877870698345, 12972
877969579620, 877969593816, 14196
877991066854, 877991073085, 6231
878068210834, 878068223650, 12816
878089861361, 878089867943, 6582
878167123485, 878167137258, 13773
878188649842, 878188657135, 7293
878265971445, 878265986073, 14628
878287463095, 878287479943, 16848
878364732976, 878364745735, 12759
878386234036, 878386240222, 6186
878463329016, 878463350907, 21891
878485028015, 878485035221, 7206
878562313887, 878562330677, 16790
878583826256, 878583832688, 6432
878661093522, 878661108288, 14766
878682610344, 878682617859, 7515
878759884829, 878759899133, 14304
878781427947, 878781438984, 11037
878858698341, 878858711976, 13635
878880215115, 878880224094, 8979
878957490698, 878957504129, 13431
878978989904, 878978996291, 6387
879056260352, 879056274236, 13884
879077783375, 879077858488, 75113
879155070145, 879155084734, 14589
879176615551, 879176629837, 14286
879253848343, 879253862203, 13860
879275404756, 879275421142, 16386
879352648905, 879352663398, 14493
879374165522, 879374174891, 9369
879451550486, 879451571807, 21321
879472961570, 879472971659, 10089
879549878235, 879549890853, 12618
879571753436, 879571762613, 9177
879649082491, 879649096132, 13641
879670528925, 879670535429, 6504
879747477014, 879747494345, 17331
879769340158, 879769351573, 11415
879846610780, 879846624061, 13281
879868155007, 879868169821, 14814
879944814142, 879944827177, 13035
879966903672, 879966909663, 5991
880044255470, 880044271292, 15822
880065720240, 880065729678, 9438
880142986280, 880143000275, 13995
880164485957, 880164489515, 3558
880241766339, 880241780268, 13929
880263279525, 880263286845, 7320
880340272003, 880340286865, 14862
880362086592, 880362095403, 8811
880439099917, 880439134389, 34472
880460862124, 880460869381, 7257
880538152528, 880538166733, 14205
880559654418, 880559661654, 7236
880636749520, 880636766105, 16585
880658460609, 880658467461, 6852
880735804021, 880735822939, 18918
880757247224, 880757253773, 6549
880834550160, 880834564338, 14178
880856075078, 880856091788, 16710
880933173938, 880933188224, 14286
880954829067, 880954836054, 6987
881031995108, 881032015518, 20410
881053627976, 881053634832, 6856
881130761276, 881130781310, 20034
881152423209, 881152432383, 9174
881229728502, 881229741033, 12531
881251231719, 881251239729, 8010
881328350875, 881328365227, 14352
881350153253, 881350160915, 7662
881427343319, 881427357116, 13797
881448804781, 881448816136, 11355
881526069233, 881526083090, 13857
881547590232, 881547598194, 7962
881624854604, 881624867675, 13071
881646386888, 881646399356, 12468
881723705191, 881723729923, 24732
881745177550, 881745187819, 10269
881822446583, 881822459768, 13185
881843947836, 881843954637, 6801
881921135774, 881921149583, 13809
881942764062, 881942780988, 16926
882020034732, 882020048385, 13653
882041555954, 882041565908, 9954
882118870507, 882118892440, 21933
882140327560, 882140334493, 6933
882217655449, 882217669183, 13734
882239133411, 882239143851, 10440
882316386636, 882316400205, 13569
882337907556, 882337912095, 4539
882415178021, 882415191440, 13419
882436724844, 882436733484, 8640
882513983619, 882513997338, 13719
882535511702, 882535531391, 19689
882612772830, 882612786458, 13628
882634287363, 882634296072, 8709
882711285856, 882711370871, 85015
882733100295, 882733109688, 9393
882810345053, 882810359003, 13950
882831890169, 882831897999, 7830
882908993887, 882909008251, 14364
882930683186, 882930689900, 6714
883007932594, 883007946211, 13617
883029505642, 883029526960, 21318
883106724017, 883106738000, 13983
883128266281, 883128275080, 8799
883205525290, 883205539189, 13899
883227065726, 883227076769, 11043
883304317031, 883304331245, 14214
883325843198, 883325858768, 15570
883403099105, 883403113346, 14241
883424618494, 883424626057, 7563
883501922021, 883501935224, 13203
883523415308, 883523421599, 6291
883600676996, 883600691189, 14193
883622210795, 883622221430, 10635
883699477268, 883699491188, 13920
883720992625, 883720999360, 6735
883798234182, 883798246500, 12318
883819787483, 883819794698, 7215
883897047027, 883897060869, 13842
883918578181, 883918584832, 6651
883995853614, 883995867666, 14052
884017395088, 884017403977, 8889
884094632363, 884094645848, 13485
884116170915, 884116179669, 8754
884193422446, 884193434644, 12198
884214960125, 884214967109, 6984
884292232250, 884292245939, 13689
884313761174, 884314431530, 670356
884391019818, 884391032541, 12723
884412538422, 884412541860, 3438
884489810229, 884489823093, 12864
884511329479, 884511337843, 8364
884588657235, 884588671182, 13947
884610132784, 884610141514, 8730
884687431234, 884687445049, 13815
884708918775, 884708925228, 6453
884786009772, 884786021103, 11331
884807736988, 884807752771, 15783
884884829564, 884884843082, 13518
884906518482, 884906528010, 9528
884983671070, 884983683805, 12735
885005288819, 885005295293, 6474
885082567301, 885082579853, 12552
885104079116, 885104088182, 9066
885181366981, 885181380238, 13257
885202889275, 885202898839, 9564
885279932877, 885279948552, 15675
885301662121, 885301669108, 6987
885378934337, 885378949565, 15228
885400454953, 885400462084, 7131
885477750841, 885477764560, 13719
885499247908, 885499255582, 7674
885576585463, 885576599227, 13764
885598051637, 885598063022, 11385
885675328285, 885675341269, 12984
885696841987, 885696851500, 9513
885774120919, 885774133798, 12879
885795622281, 885795629223, 6942
885872959496, 885872980790, 21294
885894418601, 885894424943, 6342
885971749031, 885971769677, 20646
885993231282, 885993239004, 7722
886070572774, 886070590510, 17736
886092027649, 886092038656, 11007
886169302178, 886169323340, 21162
886190790851, 886190797247, 6396
886268114782, 886268129584, 14802
886289581723, 886289588071, 6348
886366707471, 886366721499, 14028
886388373103, 886388380963, 7860
886465393172, 886465406828, 13656
886487163520, 886487168749, 5229
886564502818, 886564516309, 13491
886585977173, 886585986875, 9702
886663249065, 886663262682, 13617
886684772380, 886685272192, 499812
886762023336, 886762036758, 13422
886783611489, 886783618986, 7497
886860818055, 886860831222, 13167
886882390073, 886882406939, 16866
886959605978, 886959619619, 13641
886981126694, 886981133045, 6351
887058395692, 887058408826, 13134
887079940985, 887079950621, 9636
887157228402, 887157241986, 13584
887178708353, 887178715646, 7293
887255985570, 887255999634, 14064
887277500959, 887277507427, 6468
887354778126, 887354792496, 14370
887376306905, 887376315344, 8439
887453335942, 887453350348, 14406
887475097835, 887475110837, 13002
887552361592, 887552374936, 13344
887573877173, 887573883608, 6435
887651090178, 887651103759, 13581
887672667364, 887672674093, 6729
887749944218, 887749957283, 13065
887771458257, 887771464785, 6528
887848739576, 887848752629, 13053
887870264427, 887870271462, 7035
887947543103, 887947556570, 13467
887969071899, 887969084337, 12438
888046341330, 888046354863, 13533
888067836258, 888067843107, 6849
888145117360, 888145130974, 13614
888166644973, 888166664305, 19332
888243901750, 888243915274, 13524
888265420657, 888265427956, 7299
888342490066, 888342504712, 14646
888364213239, 888364220811, 7572
888441498778, 888441512524, 13746
888463002457, 888463010110, 7653
888540235086, 888540249498, 14412
888561796955, 888561804974, 8019
888638800458, 888638815194, 14736
888660607677, 888660619818, 12141
888737769349, 888737782312, 12963
888759382160, 888759386639, 4479
888836726751, 888836739792, 13041
888858170941, 888858176668, 5727
888935445607, 888935458705, 13098
888956980082, 888956987936, 7854
889034288179, 889034302894, 14715
889055755539, 889055763408, 7869
889133036176, 889133053597, 17421
889154551924, 889154560309, 8385
889231772877, 889231786413, 13536
889253338066, 889253346001, 7935
889330606573, 889330620127, 13554
889352147904, 889352161179, 13275
889429421005, 889429434409, 13404
889450926507, 889450932648, 6141
889528129978, 889528143769, 13791
889549713982, 889549720387, 6405
889627013081, 889627027244, 14163
889652485319, 889652497046, 11727
889725782450, 889725795041, 12591
889747298241, 889747306377, 8136
889824595017, 889824611313, 16296
889846122137, 889846140650, 18513
889923196599, 889923207894, 11295
889944892914, 889944899685, 6771
890022150991, 890022164722, 13731
890043672124, 890043678154, 6030
890120560575, 890120573427, 12852
890142478257, 890142494640, 16383
890219752282, 890219765581, 13299
890241257494, 890241263335, 5841
890318505815, 890318519015, 13200
890340061590, 890340072549, 10959
890417420336, 890417438420, 18084
890438866105, 890438911552, 45447
890516123979, 890516137698, 13719
890537639987, 890537646977, 6990
890615116704, 890615130891, 14187
890636424109, 890636429941, 5832
890713847880, 890713863288, 15408
890735213946, 890735221287, 7341
890812803130, 890812815892, 12762
890834007765, 890834013717, 5952
890911311641, 890911324751, 13110
890932804782, 890932811592, 6810
891010100802, 891010115118, 14316
891031590887, 891031598825, 7938
891108896425, 891108909958, 13533
891130381281, 891130386150, 4869
891207389441, 891207405239, 15798
891229180265, 891229187861, 7596
891306297159, 891306309528, 12369
891327964365, 891327990210, 25845
891405237080, 891405249977, 12897
891418985949, 891419069244, 83295
891503971288, 891503985331, 14043
891525555850, 891525558952, 3102
891603039157, 891603053590, 14433
891624347240, 891624354671, 7431
891701615236, 891701628040, 12804
891723155340, 891723175167, 19827
891800668880, 891800685635, 16755
891821924732, 891821931940, 7208
891899459347, 891899473945, 14598
891920716267, 891920721967, 5700
891998001610, 891998015158, 13548
892019527725, 892019534001, 6276
892096794948, 892096808988, 14040
892118305875, 892118314179, 8304
892195832582, 892195845230, 12648
892217139426, 892217155548, 16122
892294381457, 892294395311, 13854
892315890518, 892315896992, 6474
892393299958, 892393315330, 15372
892414700569, 892414709914, 9345
892492163708, 892492179515, 15807
892513467321, 892513475274, 7953
892590798566, 892590812888, 14322
892612292278, 892612307209, 14931
892689259510, 892689272254, 12744
892711057795, 892711064557, 6762
892788572399, 892788591470, 19071
892809845213, 892809852542, 7329
892887293018, 892887305816, 12798
892908662568, 892908672030, 9462
892985909225, 892985923136, 13911
893007430583, 893007437375, 6792
893084689525, 893084701792, 12267
893106219473, 893106225704, 6231
893183500683, 893183514117, 13434
893205045151, 893205057913, 12762
893282284747, 893282298049, 13302
893303808992, 893303816510, 7518
893381048682, 893381062773, 14091
893402613731, 893402621219, 7488
893479876592, 893479889621, 13029
893501397883, 893501404129, 6246
893578658983, 893578672861, 13878
893600184416, 893600191613, 7197
893677473159, 893677485930, 12771
893698982176, 893698995040, 12864
893776245743, 893776258667, 12924
893797770524, 893797779041, 8517
893875040964, 893875054329, 13365
893896554388, 893896560958, 6570
893973833972, 893973852230, 18258
893995372759, 893995379596, 6837
894072639602, 894072653276, 13674
894094137509, 894094143902, 6393
894171409216, 894171422185, 12969
894192950135, 894192962024, 11889
894270223794, 894270237006, 13212
894291726853, 894291734383, 7530
894369001045, 894369015028, 13983
894390564494, 894390581414, 16920
894467785091, 894467799188, 14097
894489305792, 894489313793, 8001
894566574607, 894566588965, 14358
894588118142, 894588128705, 10563
894665124139, 894665138293, 14154
894686911526, 894686920568, 9042
894764169635, 894764182592, 12957
894785680842, 894785686761, 5919
894862916972, 894862930799, 13827
894884478071, 894884484875, 6804
894961757746, 894961772509, 14763
894983289869, 894983298572, 8703
895060533048, 895060547169, 14121
895082062385, 895082069801, 7416
895159343122, 895159357327, 14205
895180851762, 895180859250, 7488
895258143311, 895258156526, 13215
895279637629, 895279645570, 7941
895356953301, 895356967941, 14640
895378433846, 895378441043, 7197
895455369028, 895455377806, 8778
895477250371, 895477259272, 8901
895554499916, 895554514550, 14634
895576038768, 895576058313, 19545
895653297239, 895653310703, 13464
895674805086, 895674809178, 4092
895752121568, 895752134624, 13056
895773599898, 895773605754, 5856
895850952925, 895850967457, 14532
895872391468, 895872397993, 6525
895949690068, 895949703154, 13086
895971191034, 895971197505, 6471
896048457763, 896048472049, 14286
896069997302, 896070008441, 11139
896147255620, 896147269870, 14250
896168766048, 896168774337, 8289
896246060418, 896246071476, 11058
896344841034, 896344854534, 13500
896366356660, 896366367145, 10485
896443482120, 896443495887, 13767
896465144680, 896465152612, 7932
896542173487, 896542195177, 21690
896563952892, 896563964265, 11373
896640592656, 896640599919, 7263
896662727062, 896662735393, 8331
896739795272, 896739809825, 14553
896761537746, 896761548000, 10254
896838525514, 896838532408, 6894
896860338367, 896860348699, 10332
896937867162, 896937881712, 14550
896959121028, 896959129578, 8550
897036333625, 897036347032, 13407
897057916188, 897057927276, 11088
897134957493, 897134968613, 11120
897156699391, 897156707464, 8073
897233975044, 897233988220, 13176
897255477740, 897255484520, 6780
897332817035, 897332829527, 12492
897354296114, 897354303407, 7293
897431373892, 897431386960, 13068
897453076210, 897453082210, 6000
897530339618, 897530352329, 12711
897551872164, 897551882865, 10701
897629117663, 897629130311, 12648
897650647972, 897650654536, 6564
897727414169, 897727427897, 13728
897749434779, 897749442054, 7275
897826721101, 897826736488, 15387
897848231340, 897848239482, 8142
897925509485, 897925523987, 14502
897947023532, 897947030030, 6498
898024203529, 898024217401, 13872
898045834237, 898045843915, 9678
898123080693, 898123094520, 13827
898144619273, 898144628144, 8871
898221863494, 898221877399, 13905
898243402125, 898243409064, 6939
898320677623, 898320692008, 14385
898342247084, 898342256546, 9462
898419470628, 898419483615, 12987
898441026698, 898441067483, 40785
898539789158, 898539809474, 20316
898638688025, 898638702797, 14772
872056103658, 872056118886, 15228
872154763792, 872154770962, 7170
872253614797, 872253622648, 7851
872352411059, 872352417752, 6693
872451198413, 872451206555, 8142
872549987417, 872550001160, 13743
872648684317, 872648690683, 6366
872747573940, 872747582235, 8295
872846366445, 872846373939, 7494
872945119727, 872945126573, 6846
873043917518, 873043924079, 6561
873142716082, 873142723609, 7527
873241300322, 873241312613, 12291
873340273455, 873340284282, 10827
873439301003, 873439314038, 13035
873537959010, 873537971373, 12363
873636744294, 873636752310, 8016
873735474777, 873735481782, 7005
873834299576, 873834309926, 10350
873933011500, 873933021124, 9624
874031863561, 874031871178, 7617
874130638507, 874130648410, 9903
874230066095, 874230075734, 9639
874328259546, 874328267526, 7980
874427299809, 874427327934, 28125
874525789341, 874525798056, 8715
874624732461, 874624740093, 7632
874723441148, 874723448414, 7266
874822200021, 874822206747, 6726
874920977326, 874920986818, 9492
875019697229, 875019710942, 13713
875118570157, 875118578785, 8628
875217171118, 875217192439, 21321
875316152429, 875316161057, 8628
875414914747, 875414922421, 7674
875513774614, 875513783566, 8952
875612531207, 875612540030, 8823
875711361175, 875711373037, 11862
875810105411, 875810112182, 6771
875909162627, 875909170679, 8052
876007847346, 876007861056, 13710
876106494396, 876106502679, 8283
876205275636, 876205289217, 13581
876304047369, 876304054869, 7500
876402876922, 876402886579, 9657
876501628538, 876501635555, 7017
876600426289, 876600433807, 7518
876699249777, 876699260694, 10917
876798208569, 876798228423, 19854
876896800220, 876896809541, 9321
876995585210, 876995593238, 8028
877094527227, 877094536470, 9243
877193102100, 877193109708, 7608
877291797348, 877291819521, 22173
877390720902, 877390728303, 7401
877489576186, 877489583209, 7023
877588346687, 877588354070, 7383
877687146485, 877687156532, 10047
877785960304, 877785969193, 8889
877884730694, 877884739994, 9300
877892283626, 877892290133, 6507
877983513175, 877983520846, 7671
878082527204, 878082540911, 13707
878181109120, 878181119131, 10011
878280099583, 878280130132, 30549
878378723971, 878378731603, 7632
878477377208, 878477385794, 8586
878576275232, 878576283520, 8288
878675092017, 878675099466, 7449
878773851009, 878773858494, 7485
878872675845, 878872685235, 9390
878971466483, 878971476422, 9939
879070253972, 879070264439, 10467
879169022152, 879169032967, 10815
879267810268, 879267822130, 11862
879366422864, 879366442982, 20118
879465426965, 879465433991, 7026
879564202976, 879564209204, 6228
879663018389, 879663028148, 9759
879761805424, 879761812675, 7251
879860547133, 879860554972, 7839
879959386557, 879959393679, 7122
880058171952, 880058187444, 15492
880156913324, 880156920158, 6834
880255758447, 880255765281, 6834
880354498635, 880354504950, 6315
880453412671, 880453421965, 9294
880552100583, 880552108218, 7635
880650905130, 880650911577, 6447
880749714881, 880749723137, 8256
880848458015, 880848471038, 13023
880947283347, 880947289794, 6447
881046124208, 881046132460, 8252
881144846145, 881144853213, 7068
881243682904, 881243694064, 11160
881342430020, 881342439146, 9126
881441087095, 881441093107, 6012
881539844154, 881539866357, 22203
881638825715, 881638834151, 8436
881737581931, 881737592968, 11037
881836422960, 881836430217, 7257
881935381128, 881935489611, 108483
882034028977, 882034040632, 11655
882132824569, 882132832510, 7941
882231561030, 882231569316, 8286
882330413685, 882330422553, 8868
882429307997, 882429320486, 12489
882527945627, 882527960030, 14403
882626723040, 882626733117, 10077
882725600268, 882725607981, 7713
882824314644, 882824321235, 6591
882922991018, 882923002709, 11691
883021928519, 883021935530, 7011
883120719433, 883120727713, 8280
883219464778, 883219474879, 10101
883318208777, 883318215431, 6654
883417093847, 883417101344, 7497
883515903371, 883515914354, 10983
883614492245, 883614516317, 24072
883713420442, 883713428680, 8238
883812219752, 883812226316, 6564
883911047506, 883911055843, 8337
884009827162, 884009835052, 7890
884108576928, 884108584170, 7242
884207422445, 884207431244, 8799
884306309879, 884306324534, 14655
884404988763, 884404996893, 8130
884503795543, 884503803430, 7887
884602499434, 884602505686, 6252
884701338129, 884701344441, 6312
884800167217, 884800180513, 13296
884898967536, 884898979050, 11514
884997731219, 884997738962, 7743
885096533507, 885096539966, 6459
885195326620, 885195334564, 7944
885294187606, 885294195061, 7455
885392827330, 885392833888, 6558
885491718769, 885491727052, 8283
885590496455, 885590505155, 8700
885689079928, 885689094379, 14451
885788082681, 885788090961, 8280
885886845386, 885886855172, 9786
885985680231, 885985687200, 6969
886084959931, 886084967128, 7197
886183275869, 886183282274, 6405
886282053214, 886282060702, 7488
886380804871, 886380818713, 13842
886479725601, 886479737976, 12375
886578399834, 886578410370, 10536
886677224992, 886677232327, 7335
886775986704, 886775996280, 9576
886874802275, 886874815253, 12978
886973601716, 886973608715, 6999
887072331887, 887072340644, 8757
887171179913, 887171190455, 10542
887269971874, 887269979899, 8025
887368890977, 887368902044, 11067
887467662728, 887467677254, 14526
887566347719, 887566355471, 7752
887665106644, 887665113733, 7089
887763955542, 887763965817, 10275
887862696000, 887862703329, 7329
887961309456, 887961320796, 11340
888060224637, 888060231651, 7014
888159253579, 888159266710, 13131
888257917717, 888257924728, 7011
888356663403, 888356671005, 7602
888455475334, 888455486524, 11190
888554099327, 888554106617, 7290
888653046615, 888653054658, 8043
888751851398, 888751858844, 7446
888850655821, 888850662664, 6843
888949402574, 888949412282, 9708
889048229139, 889048237563, 8424
889147067971, 889147075453, 7482
889245809740, 889245818587, 8847
889344376017, 889344387699, 11682
889443391314, 889443398970, 7656
889542181927, 889542191776, 9849
889640945064, 889640953263, 8199
889739770959, 889739780241, 9282
889838346434, 889838356949, 10515
889937334987, 889937388585, 53598
890036123626, 890036132929, 9303
890134971039, 890134984080, 13041
890233711297, 890233718659, 7362
890332321800, 890332346475, 24675
890439628424, 890439666434, 38010
890530099932, 890530106697, 6765
890628862834, 890628872446, 9612
890727693126, 890727704886, 11760
890826429468, 890826435921, 6453
890925237213, 890925247335, 10122
891024031895, 891024043319, 11424
891122768124, 891122775435, 7311
891221614904, 891221626877, 11973
891330979444, 891331068897, 89453
891426759780, 891426765771, 5991
891524725867, 891524736709, 10842
891616700948, 891616712066, 11118
891716151470, 891716213147, 61677
891814373440, 891814383032, 9592
891913193083, 891913203691, 10608
892018876890, 892018898865, 21975
892110744621, 892110753537, 8916
892209722754, 892209736743, 13989
892308327800, 892308339692, 11892
892407092731, 892407100003, 7272
892505955336, 892505963343, 8007
892604856757, 892604871301, 14544
892703282773, 892703288923, 6150
892802259932, 892802266679, 6747
892901117028, 892901125347, 8319
892999989287, 893000000687, 11400
893098703765, 893098715651, 11886
893197435564, 893197444054, 8490
893296277102, 893296284869, 7767
893395004102, 893395011212, 7110
893493823649, 893493832031, 8382
893592642391, 893592650764, 8373
893691390034, 893691397243, 7209
893790386744, 893790396011, 9267
893889147274, 893889154102, 6828
893987803318, 893987810812, 7494
894086567672, 894086575520, 7848
894185337482, 894185343842, 6360
894284187771, 894284196000, 8229
894383009677, 894383024644, 14967
894481770719, 894481780811, 10092
894580572254, 894580580411, 8157
894679335164, 894679342709, 7545
894778164822, 894778173702, 8880
894876736280, 894876758468, 22188
894975733265, 894975741053, 7788
895074514082, 895074521189, 7107
895173294003, 895173301110, 7107
895272000721, 895272007453, 6732
895370873129, 895370880479, 7350
895469713945, 895469722891, 8946
895568442939, 895568456259, 13320
895667274522, 895667282181, 7659
895766028084, 895766034582, 6498
895864787041, 895864794793, 7752
895963643382, 895963650816, 7434
896062410221, 896062417568, 7347
896161237338, 896161249692, 12354
896260112885, 896260125806, 12921
896267561408, 896267567408, 6000
896358641191, 896358661318, 20127
896457591715, 896457600721, 9006
896556308985, 896556316017, 7032
896655190417, 896655197683, 7266
896753896770, 896753905089, 8319
896852550745, 896852564689, 13944
896951339748, 896951353689, 13941
897050129364, 897050142591, 13227
897149129263, 897149137075, 7812
897247926158, 897247932578, 6420
897346668851, 897346676822, 7971
897445529716, 897445537504, 7788
897544258677, 897544267071, 8394
897643122931, 897643130755, 7824
897741984660, 897741992187, 7527
897840632607, 897840643470, 10863
897939498995, 897939506159, 7164
898038238483, 898038246448, 7965
898137073441, 898137081355, 7914
898235848164, 898235855349, 7185
898334619979, 898334627182, 7203
898433412716, 898433418212, 5496
898532324960, 898532332607, 7647
898630794661, 898630806073, 11412
898729584619, 898729591519, 6900
898828972352, 898828985330, 12978
898927762899, 898927776591, 13692
899026370812, 899026383976, 13164
899125161961, 899125219465, 57504
899224220175, 899224235019, 14844
