538964357463, 538964357778, 315
539063418686, 539063421014, 2328
539162534555, 539162536292, 1737
539245069548, 539245070163, 615
539351716865, 539351717507, 642
539370820105, 539370820942, 837
539450655950, 539450656643, 693
539489406724, 539489408035, 1311
539489465107, 539489465647, 540
539520858232, 539520859093, 861
539520879556, 539520879865, 309
539783410095, 539783410809, 714
539841766943, 539841768059, 1116
539841800687, 539841801131, 444
539925656975, 539925659150, 2175
540110849920, 540110850547, 627
540110873077, 540110873416, 339
541191649002, 541191650421, 1419
541191779826, 541191780471, 645
541318926868, 541318928503, 1635
541490443340, 541490444207, 867
541493591672, 541493592446, 774
541493609714, 541493610278, 564
541626210379, 541626211855, 1476
541657767439, 541657767871, 432
541781727677, 541781729039, 1362
541801354277, 541801354931, 654
541801372721, 541801373081, 360
541877789589, 541877790447, 858
541877814825, 541877815149, 324
542019160746, 542019161690, 944
542026761194, 542026761584, 390
542026777865, 542026778168, 303
542116863329, 542116863644, 315
542117001152, 542117001455, 303
542152498084, 542152499119, 1035
542187143364, 542187144561, 1197
542251317970, 542251318729, 759
542058119985, 542058122175, 2190
542115834062, 542115835376, 1314
542126986375, 542126987446, 1071
542127011722, 542127012049, 327
542262509065, 542262510385, 1320
542271907892, 542271909026, 1134
542273509895, 542273511431, 1536
542363184173, 542363184521, 348
542363204933, 542363205233, 300
542562264914, 542562266549, 1635
542562424760, 542562425075, 315
542562537743, 542562538043, 300
542661621600, 542661622365, 765
542760604262, 542760605459, 1197
542859719532, 542859721122, 1590
542958359476, 542958360229, 753
543057277189, 543057277987, 798
543156196869, 543156197634, 765
543255119163, 543255119925, 762
543354042455, 543354043238, 783
543452950000, 543452950765, 765
543551999747, 543552000977, 1230
543595391342, 543595393565, 2223
543650786883, 543650788164, 1281
543749710352, 543749711381, 1029
543848761466, 543848762735, 1269
543947526439, 543947527390, 951
544046482781, 544046483507, 726
544145614363, 544145615209, 846
544244313931, 544244314717, 786
544343276565, 544343277555, 990
544442165543, 544442166308, 765
544540990909, 544540991767, 858
544639800919, 544639802230, 1311
544738752431, 544738754885, 2454
544837858129, 544837858909, 780
544936689071, 544936690025, 954
545035740666, 545035741389, 723
545134635598, 545134636978, 1380
545233550853, 545233552305, 1452
545332459845, 545332460934, 1089
545431371360, 545431372239, 879
545530281544, 545530283878, 2334
545629225402, 545629226197, 795
545728176994, 545728177867, 873
545827055009, 545827055777, 768
545926045083, 545926047027, 1944
546024687725, 546024688940, 1215
546123817579, 546123818374, 795
546222765138, 546222765864, 726
546321728504, 546321729356, 852
546420520686, 546420521487, 801
546519523640, 546519524651, 1011
546505862649, 546505864113, 1464
546544973744, 546544975166, 1422
546604288016, 546604289225, 1209
546649257280, 546649259293, 2013
546703357348, 546703358812, 1464
546735622346, 546735623762, 1416
546802302232, 546802303777, 1545
546844887439, 546844888795, 1356
546900880594, 546900881329, 735
547000166137, 547000169377, 3240
547037263549, 547037264725, 1176
547099081990, 547099352770, 270780
547138161352, 547138163068, 1716
547197994571, 547197996005, 1434
547238212020, 547238213409, 1389
547311210126, 547311212433, 2307
547395225960, 547395228117, 2157
547431193050, 547431194514, 1464
547494713198, 547494714554, 1356
547527361149, 547527362667, 1518
547593686723, 547593688079, 1356
547630930539, 547630931970, 1431
547692599576, 547692601148, 1572
547726343658, 547726344996, 1338
547791679638, 547791681039, 1401
547830506217, 547830507261, 1044
547890443832, 547890445242, 1410
547935400999, 547935402598, 1599
547989459858, 547989461304, 1446
548021534201, 548021535440, 1239
548088267934, 548088269206, 1272
548124290385, 548124291996, 1611
548187453436, 548187455470, 2034
548229948289, 548229949744, 1455
548286135279, 548286136632, 1353
548317148376, 548317149561, 1185
548384972940, 548384974311, 1371
548419216603, 548419218028, 1425
548483937740, 548483939906, 2166
548515672252, 548515673686, 1434
548582843650, 548582844949, 1299
548614115471, 548614116872, 1401
548681803428, 548681804739, 1311
548732541834, 548732543163, 1329
548794760507, 548794761167, 660
548893717834, 548893718980, 1146
548992313122, 548992314760, 1638
549091549195, 549091550584, 1389
549190305345, 549190306137, 792
549289069339, 549289070722, 1383
549388305453, 549388306689, 1236
549486908464, 549486909442, 978
549586173100, 549586173877, 777
549572405430, 549572406780, 1350
549611278714, 549611280247, 1533
549670997406, 549670998999, 1593
549722283252, 549722284455, 1203
549769920250, 549769921675, 1425
549809774025, 549809775423, 1398
549868864962, 549868867422, 2460
549919628407, 549919629868, 1461
549967775433, 549967776857, 1424
550066679274, 550066680537, 1263
550109720440, 550109721778, 1338
550165641764, 550165643369, 1605
550210558655, 550210560914, 2259
550264640864, 550264643486, 2622
550309467192, 550309468545, 1353
550378356053, 550378357142, 1089
550476470829, 550476471951, 1122
550575440537, 550575441953, 1416
550674395559, 550674396783, 1224
550773101453, 550773102389, 936
550872037755, 550872038553, 798
550970784753, 550970785728, 975
551073003209, 551073004205, 996
551168741022, 551168742156, 1134
551267493263, 551267494637, 1374
551352043659, 551352044721, 1062
551398758003, 551398759344, 1341
551451376883, 551451378113, 1230
551481652910, 551481654203, 1293
551550713269, 551550714643, 1374
551582199069, 551582200494, 1425
551649819784, 551649821065, 1281
551695621084, 551695622476, 1392
551748578917, 551748580216, 1299
551783332811, 551783334341, 1530
551847265854, 551847267234, 1380
551883323110, 551883324568, 1458
551946021327, 551946022830, 1503
551980061319, 551980062804, 1485
552045061973, 552045063236, 1263
552079719486, 552079720869, 1383
552143974572, 552143975937, 1365
552172143860, 552172145237, 1377
552242890675, 552242892121, 1446
552274512269, 552274513466, 1197
552341890737, 552341892972, 2235
552373640783, 552373642883, 2100
552441098812, 552441101776, 2964
552473813194, 552473815780, 2586
552539677447, 552539678650, 1203
552571378055, 552571379333, 1278
552638643047, 552638644331, 1284
552693077774, 552693079256, 1482
552737538992, 552737540543, 1551
552787402086, 552787403424, 1338
552836443594, 552836445172, 1578
552884499807, 552884501223, 1416
552966701158, 552966702613, 1455
553048204453, 553048205203, 750
553078460548, 553078461646, 1098
553147218923, 553147220780, 1857
553231764363, 553231765764, 1401
553239855387, 553239855750, 363
553239872805, 553239873120, 315
553271877684, 553271878770, 1086
553330869683, 553330870937, 1254
553360775753, 553360777514, 1761
553430086872, 553430088099, 1227
553462741669, 553462743154, 1485
553528578857, 553528580177, 1320
553564071449, 553564073903, 2454
553628075434, 553628079874, 4440
553663648008, 553663649256, 1248
553726752707, 553726754099, 1392
553758773663, 553758774800, 1137
553825667349, 553825668660, 1311
553859803983, 553859805183, 1200
553924552265, 553924553858, 1593
553980239243, 553980240530, 1287
554023523702, 554023525187, 1485
554056203611, 554056204754, 1143
554122445340, 554122446750, 1410
554158067391, 554158068939, 1548
554221388600, 554221389857, 1257
554258677856, 554258679104, 1248
554320306208, 554320307600, 1392
554351885944, 554351887312, 1368
554419231995, 554419233267, 1272
554453622509, 554453624168, 1659
554517897884, 554517900251, 2367
554546454533, 554546455997, 1464
554617024672, 554617026022, 1350
554651980336, 554651981890, 1554
554715976848, 554715978117, 1269
554747085896, 554747087195, 1299
554814945147, 554814947409, 2262
554844722116, 554844723508, 1392
554913796302, 554913797673, 1371
554946810135, 554946811671, 1536
555012727792, 555012730348, 2556
555050814688, 555050816038, 1350
555111670188, 555111671904, 1716
555141246506, 555141248180, 1674
555210658346, 555210660089, 1743
555255549664, 555255550846, 1182
555309477931, 555309479314, 1383
555346459631, 555346461434, 1803
555408388796, 555408390116, 1320
555442466985, 555442468098, 1113
555507297277, 555507298768, 1491
555537504743, 555537505916, 1173
555606223102, 555606224530, 1428
555661870849, 555661872172, 1323
555705153125, 555705155345, 2220
555733321762, 555733323163, 1401
555804067101, 555804068325, 1224
555835149199, 555835150345, 1146
555902995918, 555902997211, 1293
555936964048, 555936965608, 1560
556002162234, 556002170838, 8604
556031602246, 556031603365, 1119
556100818488, 556100819823, 1335
556199782682, 556199784515, 1833
556229718488, 556229719559, 1071
556298639416, 556298640982, 1566
556328436059, 556328437223, 1164
556397615451, 556397617359, 1908
556430016381, 556430017521, 1140
556496425598, 556496426783, 1185
556525704934, 556525706056, 1122
556595410726, 556595414113, 3387
556629495782, 556629497096, 1314
556694351778, 556694353089, 1311
556729543618, 556729544923, 1305
556793216437, 556793506528, 290091
556825612327, 556825613518, 1191
556892198869, 556892200150, 1281
556920484441, 556920485719, 1278
556991088289, 556991089936, 1647
557023906649, 557023908440, 1791
557090080935, 557090083968, 3033
557136761823, 557136763137, 1314
557189205185, 557189207210, 2025
557242751519, 557242752764, 1245
557287898794, 557287900201, 1407
557323722501, 557323725963, 3462
557386785478, 557386787533, 2055
557429000121, 557429001360, 1239
557485584448, 557485586176, 1728
557520226755, 557520228084, 1329
557584585923, 557584587897, 1974
557619330643, 557619331819, 1176
557683846352, 557683848980, 2628
557722306974, 557722308507, 1533
557782739438, 557782740779, 1341
557817139084, 557817140521, 1437
557881218049, 557881219702, 1653
557925221603, 557925223091, 1488
557980516559, 557980517828, 1269
558015883275, 558015885135, 1860
558079523423, 558079524819, 1396
558111353036, 558111354284, 1248
558178201256, 558178202570, 1314
558225371974, 558225373516, 1542
558277108702, 558277110403, 1701
558307844239, 558307845430, 1191
558376021569, 558376022838, 1269
558415971149, 558415972346, 1197
558474957080, 558474958775, 1695
558507632251, 558507633523, 1272
558573834823, 558573836215, 1392
558605910982, 558605912119, 1137
558673268091, 558673269669, 1578
558731500302, 558731501760, 1458
558785422446, 558785422893, 447
558884554835, 558884555615, 780
558983613125, 558983613863, 738
559021242272, 559021243388, 1116
559082647049, 559082648474, 1425
559181281658, 559181282426, 768
559211271100, 559211273305, 2205
559280194541, 559280195786, 1245
559379202661, 559379203441, 780
559478108437, 559478110042, 1605
559577049215, 559577049926, 711
559675932844, 559675933861, 1017
559774845525, 559774846308, 783
559873855656, 559873856694, 1038
559972735387, 559972736350, 963
560071430131, 560071431310, 1179
560116391265, 560116392525, 1260
560170869759, 560170870731, 972
560269450676, 560269451894, 1218
560368514478, 560368515579, 1101
560467360364, 560467361084, 720
560566271715, 560566272705, 990
560665090383, 560665091106, 723
560764075970, 560764076852, 882
560863007586, 560863008312, 726
560961996409, 560961997132, 723
561060788499, 561060789315, 816
561159757353, 561159758667, 1314
561258630261, 561258631059, 798
561357412764, 561357414052, 1288
561456414535, 561456415522, 987
561555406332, 561555407049, 717
561654266630, 561654267500, 870
561753166958, 561753167672, 714
561851970559, 561851971735, 1176
561951193065, 561951194112, 1047
562050044074, 562050044854, 780
562148941382, 562148942360, 978
562247915251, 562247916337, 1086
562293948415, 562293949615, 1200
562346786381, 562346787155, 774
562445719254, 562445719977, 723
562544518938, 562544520801, 1863
562629264706, 562629265561, 855
562669863888, 562669866513, 2625
562727848819, 562727849329, 510
562767701906, 562767703424, 1518
562827728445, 562827729252, 807
562855612761, 562855613940, 1179
562926669003, 562926670326, 1323
562965311563, 562965314092, 2529
563025521692, 563025522370, 678
563059493302, 563059495096, 1794
563124402420, 563124405054, 2634
563172481527, 563172483297, 1770
563222989689, 563222991027, 1338
563259440645, 563259441821, 1176
563322116824, 563322118207, 1383
563358204258, 563358206019, 1761
563420303916, 563420304438, 522
563454246882, 563454248262, 1380
563519885284, 563519886706, 1422
563563321176, 563563323921, 2745
563618974581, 563618976036, 1455
563660883606, 563660885028, 1422
563718344835, 563718346242, 1407
563761277714, 563761279652, 1938
563816470422, 563816471541, 1119
563850299495, 563850300632, 1137
563915301615, 563915302785, 1170
563954774358, 563954776530, 2172
564014304186, 564014305593, 1407
564047815001, 564047816342, 1341
564113600657, 564113603315, 2658
564153551401, 564153552865, 1464
564212044912, 564212045848, 936
564244856148, 564244858665, 2517
564311256715, 564311258038, 1323
564344914915, 564344916247, 1332
564409876748, 564409877645, 897
564445225065, 564445226403, 1338
564509059199, 564509061296, 2097
564541214088, 564541216443, 2355
564607886540, 564607889219, 2679
564640722914, 564640805018, 82104
564706873698, 564706875570, 1872
564739032018, 564739033704, 1686
564806083969, 564806085244, 1275
564838483597, 564838484938, 1341
564904772018, 564904773302, 1284
564956968129, 564956969323, 1194
565003144857, 565003145616, 759
565036091231, 565036092947, 1716
565102734255, 565102735734, 1479
565135233427, 565135234543, 1116
565201531246, 565201532695, 1449
565229611873, 565229613355, 1482
565300422423, 565300423665, 1242
565399248494, 565399249997, 1503
565432755247, 565432756552, 1305
565498473880, 565498476052, 2172
565529026290, 565529027781, 1491
565597332243, 565597333590, 1347
565627995143, 565627996421, 1278
565696393117, 565696394500, 1383
565727931498, 565727933481, 1983
565795466739, 565795468209, 1470
565826797809, 565826799048, 1239
565894117549, 565894119127, 1578
565927743448, 565927744678, 1230
565992904925, 565992906482, 1557
566024570304, 566024571825, 1521
566092079750, 566092081316, 1566
566124573651, 566124574758, 1107
566190699230, 566190700490, 1260
566225839984, 566225841166, 1182
566289875016, 566289877323, 2307
566321871728, 566321873117, 1389
566388953707, 566388954934, 1227
566427024806, 566427026012, 1206
566487484447, 566487485878, 1431
566518952686, 566518953814, 1128
566586651169, 566586653272, 2103
566617074072, 566617075242, 1170
566685341407, 566685342934, 1527
566722654474, 566722655671, 1197
566784218291, 566784219632, 1341
566813816438, 566813818319, 1881
566883052576, 566883053842, 1266
566915561522, 566915562755, 1233
566981900770, 566981902249, 1479
567018226292, 567018227564, 1272
567080720522, 567080721815, 1293
567110089246, 567110090431, 1185
567179572555, 567179574109, 1554
567212082849, 567212083923, 1074
567278409373, 567278410786, 1413
567311164495, 567311165701, 1206
567377322283, 567377323759, 1476
567408200411, 567408201698, 1287
567476149296, 567476177463, 28167
567509152919, 567509154311, 1392
567574991603, 567574994051, 2448
567602899347, 567602900532, 1185
567673790895, 567673792269, 1374
567719202756, 567719204004, 1248
567772594214, 567772595957, 1743
567808115810, 567808117268, 1458
567871465035, 567871466397, 1362
567903074037, 567903075405, 1368
567970306115, 567970307615, 1500
568006774067, 568006775405, 1338
568069173485, 568069174736, 1251
568112769804, 568112771133, 1329
568168015378, 568168019551, 4173
568199974589, 568199975795, 1206
568266846514, 568266848323, 1809
568302341423, 568302342905, 1482
568365675139, 568365676840, 1701
568464376238, 568464377384, 1146
568503842369, 568503843989, 1620
568563367659, 568563368946, 1287
568593728461, 568593729739, 1278
568662190389, 568662191730, 1341
568691886581, 568691887736, 1155
568760720253, 568760721411, 1158
568789749329, 568789750835, 1506
568859876891, 568859878406, 1515
568899885101, 568899886508, 1407
568958542413, 568958544723, 2310
569001669017, 569001670835, 1818
569057576529, 569057577840, 1311
569089630782, 569089632366, 1584
569156431799, 569156434169, 2370
569184536919, 569184538143, 1224
569254815269, 569254816370, 1101
569296832486, 569296834541, 2055
569354099156, 569354100533, 1377
569391728556, 569391729834, 1278
569452965458, 569452966820, 1362
569498552583, 569498553924, 1341
569551814195, 569551815557, 1362
569585733652, 569585734858, 1206
569650423980, 569650424820, 840
569680817573, 569680819382, 1809
569749292904, 569749293771, 867
569795142647, 569795143979, 1332
569848276968, 569848278285, 1317
569886795346, 569886796630, 1284
569947144916, 569947147085, 2169
570003833341, 570003835078, 1737
570046013221, 570046014637, 1416
570084307707, 570084308967, 1260
570144678638, 570144679970, 1332
570175756629, 570175758231, 1602
570243499069, 570243500623, 1554
570274161310, 570274162663, 1353
570342759920, 570342761312, 1392
570371831597, 570371833028, 1431
570441410755, 570441413365, 2610
570474732496, 570474733690, 1194
570540166489, 570540167950, 1461
570576407481, 570576409128, 1647
570639002141, 570639003593, 1452
570670643150, 570670644239, 1089
570737849646, 570737850981, 1335
570785596276, 570785598070, 1794
570836672301, 570836674764, 2463
570868962825, 570868964187, 1362
570935826185, 570935828636, 2451
570985263976, 570985265587, 1611
571034401483, 571034403451, 1968
571075746794, 571075748204, 1410
571133231116, 571133232397, 1281
571170895776, 571170897294, 1518
571232070678, 571232072124, 1446
571266016823, 571266018698, 1875
571330904460, 571330905873, 1413
571368517368, 571368519258, 1890
571429744647, 571429746192, 1545
571528383111, 571528385256, 2145
571568275043, 571568276606, 1563
571627456696, 571627458214, 1518
571659462574, 571659464059, 1485
571726259803, 571726261162, 1359
571758838806, 571758840015, 1209
571825082377, 571825084006, 1629
571857681759, 571857682992, 1233
571923958550, 571923959846, 1296
571955417903, 571955419007, 1104
572022791708, 572022793205, 1497
572058508666, 572058510154, 1488
572121636995, 572121638435, 1440
572152176652, 572152177723, 1071
572220467555, 572220469463, 1908
572251949168, 572251950353, 1185
572319363161, 572319364418, 1257
572358567572, 572358568916, 1344
572418141903, 572418143445, 1542
572449706282, 572449707485, 1203
572516998378, 572516999854, 1476
572547526970, 572547528149, 1179
572615865200, 572615867660, 2460
572649176688, 572649178212, 1524
572714700497, 572714702129, 1632
572757919808, 572757920996, 1188
572813524000, 572813525347, 1347
572860570795, 572860572520, 1725
572911954615, 572911955479, 864
572943160579, 572943161746, 1167
573011207457, 573011208357, 900
573044347431, 573044348583, 1152
573110140105, 573110141329, 1224
573154187017, 573154188271, 1254
573208856828, 573208858280, 1452
573241457056, 573241458238, 1182
573307744653, 573307745904, 1251
573351138498, 573351139776, 1278
573406654787, 573406656395, 1608
573448793786, 573448795100, 1314
573505394019, 573505395378, 1359
573543304373, 573543305633, 1260
573604262537, 573604264169, 1632
573648805503, 573648807063, 1560
573703039576, 573703041019, 1443
573732145305, 573732146478, 1173
573801978114, 573801979872, 1758
573832128322, 573832129438, 1116
573900457001, 573900457949, 948
573933104363, 573933105494, 1131
573999584279, 573999585860, 1581
574031243040, 574031244204, 1164
574098057816, 574098059496, 1680
574136303292, 574136304960, 1668
574197499245, 574197502029, 2784
574228939742, 574228941020, 1278
574296210455, 574296211931, 1476
574340604869, 574340606342, 1473
574395029449, 574395031114, 1665
574429503080, 574429504274, 1194
574493830707, 574493832021, 1314
574592787614, 574592789873, 2259
574637065750, 574637067586, 1836
574691530855, 574691532100, 1245
574733295359, 574733383391, 88032
574790331181, 574790332561, 1380
574825289329, 574825290511, 1182
574889185677, 574889187060, 1383
574925145162, 574925146824, 1662
574988000747, 574988002301, 1554
575019454279, 575019455404, 1125
575086887542, 575086889819, 2277
575118602994, 575118604338, 1344
575185728308, 575185729397, 1089
575221480675, 575221481911, 1236
575284582622, 575284584008, 1386
575317305422, 575317306853, 1431
575383460940, 575383461801, 861
575419905725, 575419906919, 1194
575482259602, 575482260907, 1305
575518154045, 575518155239, 1194
575581100981, 575581102280, 1299
575613949404, 575613950931, 1527
575680026847, 575680028164, 1317
575726854493, 575726856965, 2472
575778934782, 575778936831, 2049
575812583403, 575812584828, 1425
575877659322, 575877660720, 1398
575907302839, 575907306100, 3261
575976573354, 575976575076, 1722
576014019191, 576014020883, 1692
576074860232, 576074861918, 1686
576115045590, 576115046850, 1260
576174113882, 576174115262, 1380
576215766837, 576215769024, 2187
576272667383, 576272668157, 774
576306029879, 576306032225, 2346
576371432343, 576371432973, 630
576402339713, 576402340748, 1035
576470550983, 576470552387, 1404
576521851809, 576521853753, 1944
576583235828, 576583236317, 489
576682103139, 576682104204, 1065
576781253970, 576781255566, 1596
576814931241, 576814933329, 2088
576881234867, 576881235815, 948
576978596825, 576978597485, 660
577077678811, 577077679693, 882
577176314937, 577176316578, 1641
577275129399, 577275130554, 1155
577374156573, 577374157299, 726
577472990997, 577472991999, 1002
577571950759, 577571951968, 1209
577603589822, 577603591700, 1878
577671321130, 577671324169, 3039
577769370746, 577769372456, 1710
577868401548, 577868402349, 801
577967365751, 577967366663, 912
578066084008, 578066084731, 723
578164980022, 578164981300, 1278
578263726474, 578263727254, 780
578364039322, 578364041017, 1695
578462210498, 578462212904, 2406
578560255770, 578560256790, 1020
578659232869, 578659233595, 726
578757931438, 578757932383, 945
578856587367, 578856588828, 1461
578955618804, 578955619584, 780
579054317699, 579054319733, 2034
579082022024, 579082024160, 2136
579153670493, 579153786164, 115671
579252056683, 579252057517, 834
579336601376, 579336602306, 930
579374006039, 579374007386, 1347
579436249181, 579436250012, 831
579471425160, 579471427668, 2508
579534713553, 579534715131, 1578
579564187565, 579564188735, 1170
579633627772, 579633629698, 1926
579676104073, 579676105843, 1770
579732726264, 579732727764, 1500
579766626916, 579766629697, 2781
579831271208, 579831274652, 3444
579877657544, 579877659443, 1899
579943851164, 579943851542, 378
580042883776, 580042884571, 795
580141804153, 580141805464, 1311
580240581892, 580240582618, 726
580339258540, 580339259917, 1377
580438018361, 580438018796, 435
580536925719, 580536927573, 1854
580621696366, 580621697260, 894
580671235816, 580671236905, 1089
580721151296, 580721152787, 1491
580763711627, 580763713115, 1488
580819814404, 580819816294, 1890
580863856001, 580863858335, 2334
580918559553, 580918562139, 2586
580961815560, 580961816838, 1278
581016729386, 581016730199, 813
581049081140, 581049082580, 1440
581116257172, 581116258477, 1305
581146980923, 581146982078, 1155
581215031999, 581215033295, 1296
581249627688, 581249629260, 1572
581313895636, 581313897178, 1542
581344698699, 581344700139, 1440
581412733123, 581412734515, 1392
581443822595, 581443823750, 1155
581511470071, 581511471457, 1386
581542898929, 581542900849, 1920
581610416770, 581610418090, 1320
581652009702, 581652012519, 2817
581709552938, 581709555161, 2223
581740913799, 581740915035, 1236
581808102563, 581808104099, 1536
581839764664, 581839767091, 2427
581906949848, 581906951210, 1362
581938214087, 581938215275, 1188
582005672826, 582005674356, 1530
582035761676, 582035763782, 2106
582104155757, 582104157503, 1746
582154038298, 582154040224, 1926
582203193751, 582203195191, 1440
582232365228, 582232367856, 2628
582301882516, 582301883680, 1164
582334490567, 582334492304, 1737
582401422881, 582401424561, 1680
582432868293, 582432870429, 2136
582500556302, 582500560130, 3828
582535507741, 582535509700, 1959
582599070949, 582599072629, 1680
582628687652, 582628688846, 1194
582697581260, 582697582460, 1200
582744276988, 582744280360, 3372
582795965059, 582795965959, 900
582834459550, 582834460876, 1326
582895340485, 582895341712, 1227
582929709024, 582929710257, 1233
582994151936, 582994153796, 1860
583036824861, 583036826040, 1179
583093070562, 583093071816, 1254
583125770536, 583125771793, 1257
583192034860, 583192037410, 2550
583224846067, 583224847267, 1200
583290689891, 583290691301, 1410
583321134681, 583321136043, 1362
583389557536, 583389558970, 1434
583422210525, 583422211674, 1149
583488347033, 583488348500, 1467
583520183652, 583520184819, 1167
583586951209, 583586953345, 2136
583619420326, 583619422045, 1719
583685871484, 583685873656, 2172
583784790282, 583784791032, 750
583826724810, 583826726115, 1305
583883746303, 583883747644, 1341
583919682839, 583919684228, 1389
583982586702, 583982589387, 2685
584017231018, 584017418260, 187242
584081417034, 584081418342, 1308
584134163509, 584134165675, 2166
584179844142, 584179844685, 543
584210781941, 584210783318, 1377
584279091080, 584279092556, 1476
584310307548, 584310308739, 1191
584377948222, 584377950286, 2064
584420863582, 584420865286, 1704
584476774575, 584476775937, 1362
584506286626, 584506287913, 1287
584575627515, 584575629393, 1878
584604486413, 584604487619, 1206
584674492553, 584674493945, 1392
584704801411, 584704802704, 1293
584773615602, 584773617243, 1641
584803457171, 584803458644, 1473
584872441185, 584872442637, 1452
584905640509, 584905641997, 1488
584971052491, 584971053994, 1503
585002187293, 585002188937, 1644
585070080057, 585070081794, 1737
585100064866, 585100065736, 870
585168933055, 585168933736, 681
585216378934, 585216380893, 1959
585267530065, 585267531316, 1251
585300252092, 585300253607, 1515
585366760308, 585366769785, 9477
585400172780, 585400174256, 1476
585485915859, 585485917524, 1665
585486726708, 585486727632, 924
585515020194, 585515020512, 318
585515039163, 585515039475, 312
585572488522, 585572490163, 1641
585622721933, 585622722575, 642
585628994105, 585628994921, 816
585675087647, 585675089417, 1770
585730053905, 585730054274, 369
585730312379, 585730312691, 312
585736430198, 585736430564, 366
585777344615, 585777345809, 1194
585823594788, 585823595130, 342
585874319318, 585874320332, 1014
585973430148, 585973431651, 1503
586072197063, 586072197991, 928
586171034940, 586171036131, 1191
586269873454, 586269874634, 1180
586368716930, 586368717731, 801
586467553160, 586467553889, 729
586566463975, 586566464800, 825
586665446375, 586665447284, 909
586764085708, 586764086422, 714
586794925027, 586794926089, 1062
586862804145, 586862805768, 1623
586961792798, 586961793830, 1032
587060646255, 587060647872, 1617
587159479075, 587159480083, 1008
587258262150, 587258263062, 912
587357522939, 587357524598, 1659
587456005049, 587456005829, 780
587555043968, 587555045342, 1374
587653509996, 587653511316, 1320
587752508659, 587752509646, 987
587851318155, 587851319013, 858
587950300565, 587950301537, 972
588049048098, 588049049253, 1155
588147873179, 588147873899, 720
588246679973, 588246680768, 795
588345550645, 588345551422, 777
588444394082, 588444394814, 732
588543244857, 588543245787, 930
588642078039, 588642078756, 717
588740950100, 588740951078, 978
588839757666, 588839758431, 765
588938593889, 588938594618, 729
589136073105, 589136073957, 852
589235134835, 589235135639, 804
589334049333, 589334050059, 726
589432659321, 589432660710, 1389
589531672399, 589531673209, 810
589630371828, 589630372611, 783
589729357311, 589729358106, 795
589828165074, 589828165917, 843
589927042154, 589927043072, 918
590025885520, 590025886309, 789
590124695733, 590124696762, 1029
590223633473, 590223634190, 717
590322413013, 590322413961, 948
590421262699, 590421263491, 792
590520036116, 590520037151, 1035
590618971863, 590618972667, 804
590717812227, 590717812950, 723
590816582675, 590816583470, 795
590915617366, 590915619205, 1839
591014282484, 591014283222, 738
591113091453, 591113092359, 906
591211774129, 591211775263, 1134
591310785755, 591310786811, 1056
591409655645, 591409656509, 864
591508497938, 591508498742, 804
591607457751, 591607458960, 1209
591706188131, 591706189046, 915
591805001787, 591805002561, 774
591903865571, 591903867803, 2232
592002822576, 592002823332, 756
592101606192, 592101607158, 966
592200367766, 592200368564, 798
592299225331, 592299226228, 897
592398080103, 592398080895, 792
592496884521, 592496885247, 726
592595732701, 592595733493, 792
592694615347, 592694616772, 1425
592793452794, 592793453571, 777
592892337271, 592892338285, 1014
592919069086, 592919070187, 1101
592991092555, 592991093338, 783
593089756124, 593089757234, 1110
593188848537, 593188849500, 963
593287643544, 593287644456, 912
593386492713, 593386493472, 759
593485334610, 593485335405, 795
593584144511, 593584145312, 801
593682779205, 593682779823, 618
593781903841, 593781905257, 1416
593880639612, 593880640467, 855
593979576343, 593979578566, 2223
594078262907, 594078263690, 783
594177208355, 594177209315, 960
594276039998, 594276040832, 834
594374908315, 594374909302, 987
594473829325, 594473830297, 972
594572552685, 594572553450, 765
594671483836, 594671484691, 855
594770066316, 594770067480, 1164
594869120147, 594869122937, 2790
594967988042, 594967989788, 1746
595066918210, 595066919425, 1215
595165566950, 595165567745, 795
595264596134, 595264597481, 1347
595363386790, 595363387720, 930
595462150553, 595462151591, 1038
595561088627, 595561089398, 771
595659826963, 595659827740, 777
595758757803, 595758759273, 1470
595857498904, 595857499690, 786
595956201376, 595956202186, 810
595997327595, 595997329098, 1503
596055217622, 596055218345, 723
596154004543, 596154005320, 777
596252873947, 596252874886, 939
596351827840, 596351829556, 1716
596450362677, 596450364333, 1656
596549355925, 596549356675, 750
596648275127, 596648276324, 1197
596747065515, 596747066397, 882
596845887622, 596845888402, 780
596944733784, 596944734579, 795
597043601279, 597043602071, 792
597142516295, 597142518098, 1803
597241298213, 597241299059, 846
597340125902, 597340126682, 780
597438975624, 597438976881, 1257
597537780408, 597537781194, 786
597636562898, 597636563621, 723
597735471939, 597735472710, 771
597834247761, 597834248541, 780
597933182105, 597933183068, 963
598032034153, 598032035065, 912
598130698130, 598130699534, 1404
598229892130, 598229893819, 1689
598328524376, 598328525336, 960
598427388529, 598427389324, 795
598526132086, 598526133034, 948
598625031965, 598625032766, 801
598723861908, 598723862751, 843
598822787306, 598822788104, 798
598921601173, 598921601983, 810
599020494166, 599020495273, 1107
599048814445, 599048815702, 1257
599119240850, 599119241630, 780
599218226286, 599218227015, 729
599316951012, 599316951870, 858
599415808451, 599415809177, 726
599514790502, 599514791882, 1380
599613442526, 599613443252, 726
599712382989, 599712384198, 1209
599811335416, 599811337198, 1782
599909806984, 599909808121, 1137
600008784481, 600008785468, 987
600107689257, 600107690232, 975
600206522128, 600206522857, 729
600305335618, 600305337403, 1785
600404145189, 600404145987, 798
600503070981, 600503072436, 1455
600601659066, 600601660251, 1185
600700745173, 600700746093, 920
600799516516, 600799517347, 831
600898371768, 600898372608, 840
600997279590, 600997280670, 1080
601096267738, 601096270111, 2373
601194960833, 601194961667, 834
601293674176, 601293676174, 1998
601392630718, 601392631510, 792
601491431494, 601491432877, 1383
601590289654, 601590290455, 801
601689085922, 601689086705, 783
601787953523, 601787954288, 765
601886858939, 601886859947, 1008
601985611665, 601985612460, 795
602084479682, 602084480633, 951
602183188569, 602183189322, 753
602282151682, 602282152705, 1023
602381068585, 602381069539, 954
602479852786, 602479853746, 960
602578720031, 602578720790, 759
602677739521, 602677740868, 1347
602776370940, 602776371894, 954
602875205287, 602875206532, 1245
602974044094, 602974044898, 804
603072740456, 603072742208, 1752
603171951754, 603171952867, 1113
603270565068, 603270565917, 849
603369459978, 603369461145, 1167
603468538826, 603468539984, 1158
603567171798, 603567172710, 912
603666004049, 603666005693, 1644
603764777776, 603764778562, 786
603863652615, 603863653593, 978
603962455735, 603962456533, 798
604061333151, 604061334081, 930
604160148643, 604160149645, 1002
604258993822, 604258994602, 780
604357857094, 604357857994, 900
604456626149, 604456628636, 2487
604555529098, 604555529983, 885
604654355621, 604654356542, 921
604753213537, 604753214329, 792
604852194587, 604852195778, 1191
604889077038, 604889078382, 1344
604950923502, 604950924288, 786
605049740392, 605049741163, 771
605148611249, 605148613415, 2166
605191217920, 605191220092, 2172
605247484108, 605247484828, 720
605346272432, 605346273200, 768
605445127041, 605445128067, 1026
605543972488, 605543973280, 792
605642846538, 605642848890, 2352
605741632671, 605741634432, 1761
605840499696, 605840500770, 1074
605939380537, 605939381692, 1155
606038175988, 606038176711, 723
606137039187, 606137039994, 807
606235858465, 606235859356, 891
606334717892, 606334718624, 732
606433486180, 606433487983, 1803
606532384118, 606532384922, 804
606631583290, 606631585450, 2160
606730001958, 606730002711, 753
606828856791, 606828857547, 756
606927533263, 606927534511, 1248
607026579838, 607026580654, 816
607125433425, 607125434166, 741
607224245672, 607224246803, 1131
607323210906, 607323211995, 1089
607421932510, 607421933812, 1302
607520770309, 607520771092, 783
607620422309, 607620423302, 993
607718496705, 607718497566, 861
607817395571, 607817396726, 1155
607916049953, 607916050961, 1008
608015104276, 608015105170, 894
608113827523, 608113828306, 783
608212791989, 608212793795, 1806
608311730455, 608311731883, 1428
608410334315, 608410335263, 948
608509170319, 608509171348, 1029
608608050004, 608608050934, 930
608706890187, 608706891261, 1074
608805757025, 608805757865, 840
608904621285, 608904622848, 1563
609003394404, 609003395478, 1074
609102278559, 609102279282, 723
609200931386, 609200933975, 2589
609299907317, 609299908121, 804
609398973533, 609398975204, 1671
609497562016, 609497562808, 792
609596447392, 609596449198, 1806
609695561533, 609695563669, 2136
609794171806, 609794172751, 945
609893012240, 609893013395, 1155
609991818082, 609991819321, 1239
610090614877, 610090615669, 792
610189879046, 610189882472, 3426
610288349952, 610288350714, 762
610387021193, 610387022141, 948
610486075810, 610486077187, 1377
610584839209, 610584839977, 768
610683795541, 610683796489, 948
610782548623, 610782549646, 1023
610881264826, 610881265774, 948
610980246663, 610980247437, 774
610600531117, 610600532275, 1158
610669730254, 610669731505, 1251
610713468532, 610713470002, 1470
610768302923, 610768303868, 945
610797730258, 610797731482, 1224
610867432217, 610867433615, 1398
610915850368, 610915851889, 1521
610966279082, 610966280552, 1470
610998171906, 610998173526, 1620
611065114764, 611065116831, 2067
611105172965, 611105174372, 1407
611163938492, 611163939974, 1482
611197659044, 611197660508, 1464
611262800012, 611262801353, 1341
611361651010, 611361652450, 1440
611403441266, 611403442364, 1098
611460467340, 611460468738, 1398
611492531354, 611492532722, 1368
611559315280, 611559316846, 1566
611590838292, 611590839480, 1188
611658181842, 611658182688, 846
611696531768, 611696533259, 1491
611756712120, 611756713696, 1576
611796303470, 611796304586, 1116
611855856492, 611855857704, 1212
611893643924, 611893645355, 1431
611954516351, 611954517626, 1275
611985230720, 611985231845, 1125
612053544329, 612053546480, 2151
612093019371, 612093023889, 4518
612152393047, 612152394316, 1269
612181838672, 612181839833, 1161
612250982789, 612250984544, 1755
612283646438, 612283647851, 1413
612350069210, 612350070683, 1473
612382606729, 612382608127, 1398
612448830540, 612448832202, 1662
612479582521, 612479583634, 1113
612547745208, 612547746642, 1434
612583241156, 612583243274, 2118
612646588196, 612646589609, 1413
612675677525, 612675678956, 1431
612745488226, 612745489243, 1017
612787343561, 612787344788, 1227
612844092945, 612844094217, 1272
612876029665, 612876030871, 1206
612943096760, 612943098170, 1410
612980610535, 612980611966, 1431
613041947092, 613041948454, 1362
613079503566, 613079504853, 1287
613140773613, 613140775077, 1464
613179460951, 613179462640, 1689
613239618732, 613239621720, 2988
613285833259, 613285834783, 1524
613337802386, 613337802905, 519
613372860408, 613372862370, 1962
613437331975, 613437333652, 1677
613469189063, 613469190245, 1182
613536142420, 613536143848, 1428
613570410266, 613570411478, 1212
613635112727, 613635115601, 2874
613667410278, 613667411817, 1539
613733790912, 613733792175, 1263
613766919257, 613766920505, 1248
613832650989, 613832652525, 1536
613871081774, 613871084699, 2925
613931511555, 613931512869, 1314
613971763515, 613971764670, 1155
614030327814, 614030330376, 2562
614060550056, 614060551286, 1230
614129152718, 614129154122, 1404
614168655566, 614168657168, 1602
614227928066, 614227929578, 1512
614256539482, 614256540487, 1005
614326797386, 614326798742, 1356
614425723723, 614425725568, 1845
614461977275, 614461978694, 1419
614524504281, 614524505619, 1338
614554969959, 614554971342, 1383
614623399069, 614623400323, 1254
614653407724, 614653408807, 1083
614722233973, 614722236133, 2160
614751901733, 614751902999, 1266
614821091253, 614821093386, 2133
614865433131, 614865434355, 1224
614919931514, 614919932762, 1248
614954642449, 614954644147, 1698
615018850333, 615018852031, 1698
615047597040, 615047598420, 1380
615117599589, 615117600978, 1389
615151103719, 615151104994, 1275
615216449271, 615216450741, 1470
615246143387, 615246144797, 1410
615315304382, 615315305744, 1362
615346294318, 615346295488, 1170
615414144716, 615414146075, 1359
615461971632, 615461973174, 1542
615512974154, 615512976086, 1932
615543971008, 615543972013, 1005
615611838636, 615611839950, 1314
615642921230, 615642922670, 1440
615710975750, 615710977307, 1557
615754241797, 615754243888, 2091
615809502272, 615809504030, 1758
615840410782, 615840412096, 1314
615907685768, 615907686755, 987
615949882892, 615949884476, 1584
616006969269, 616006970682, 1413
616040087802, 616040089080, 1278
616106027582, 616106029514, 1932
616137534194, 616137535460, 1266
616204863814, 616204865299, 1485
616236309959, 616236311900, 1941
616303710029, 616303712126, 2097
616335513664, 616335515116, 1452
616402556689, 616402557937, 1248
616449123294, 616449124491, 1197
616501364185, 616501365871, 1686
616534016184, 616534017873, 1689
616600217732, 616600218995, 1263
616640695371, 616640696613, 1242
616699069326, 616699070616, 1290
616746503489, 616746504752, 1263
616798106739, 616798108194, 1455
616845341060, 616845342449, 1389
616896729677, 616896730952, 1275
616955377345, 616955379355, 2010
616995297710, 616995298436, 726
617029472289, 617029473708, 1419
617094297210, 617094298503, 1293
617130289529, 617130290741, 1212
617193302236, 617193303652, 1416
617223557960, 617223560510, 2550
617292301307, 617292302678, 1371
617333622080, 617333623565, 1485
617390957353, 617390959642, 2289
617434028661, 617434029861, 1200
617490002438, 617490003767, 1329
617525530215, 617525531712, 1497
617588619328, 617588620564, 1236
617619088849, 617619089986, 1137
617687304789, 617687306031, 1242
617720421326, 617720422808, 1482
617800318780, 617800319440, 660
617900486138, 617900487428, 1290
617998131973, 617998134433, 2460
618096861158, 618096862388, 1230
618195549825, 618195550599, 774
618294456645, 618294457476, 831
618393110372, 618393111932, 1560
618492096284, 618492097043, 759
618591017968, 618591018739, 771
618689884953, 618689885733, 780
618788664454, 618788665408, 954
618887522260, 618887523061, 801
618986441858, 618986443703, 1845
619085254962, 619085255697, 735
619184007178, 619184008348, 1170
619282877227, 619282878031, 804
619381532767, 619381534069, 1302
619480572357, 619480573092, 735
619579476322, 619579477285, 963
619678357962, 619678358742, 780
619777099159, 619777101127, 1968
619875983276, 619875983993, 717
619974848620, 619974849583, 963
620073630029, 620073630764, 735
620172477045, 620172477981, 936
620271432009, 620271433245, 1236
620370200824, 620370201760, 936
620469006427, 620469007234, 807
620503057967, 620503059056, 1089
620567919416, 620567920505, 1089
620666496395, 620666497868, 1473
620765458262, 620765459060, 798
620864337113, 620864338034, 921
620963209723, 620963210452, 729
621062050901, 621062051834, 933
621160902986, 621160903778, 792
621259734156, 621259734936, 780
621358541829, 621358542603, 774
621457382531, 621457384580, 2049
621556253950, 621556254703, 753
621655093429, 621655094209, 780
621753909516, 621753910242, 726
621852747421, 621852748147, 726
621951570324, 621951571101, 777
622050436680, 622050437640, 960
622149286660, 622149287683, 1023
622248115034, 622248116030, 996
622346783008, 622346784331, 1323
622445586779, 622445587807, 1028
622544722167, 622544722890, 723
622643532761, 622643534081, 1320
622742357588, 622742359148, 1560
622841102046, 622841102826, 780
622940044332, 622940045637, 1305
623038892900, 623038894586, 1686
623137826930, 623137827878, 948
623236656731, 623236658948, 2217
623335449952, 623335450843, 891
623434304520, 623434306092, 1572
623533075805, 623533076600, 795
623631687213, 623631687786, 573
623730726960, 623730727704, 744
623829604460, 623829605375, 915
623928447800, 623928448619, 819
624027252858, 624027253590, 732
624126124230, 624126124953, 723
624224795133, 624224796804, 1671
624323775931, 624323776663, 732
624422621048, 624422621786, 738
624112078602, 624112080054, 1452
624147025527, 624147026781, 1254
624210998898, 624211001091, 2193
624253463454, 624253465035, 1581
624309854840, 624309856097, 1257
624341429737, 624341432491, 2754
624408682193, 624408683411, 1218
624438010019, 624438011453, 1434
624507544264, 624507545668, 1404
624536094183, 624536095494, 1311
624606368803, 624606370726, 1923
624637832845, 624637835413, 2568
624704839569, 624704840955, 1386
624734231393, 624734233151, 1758
624804063270, 624804064554, 1284
624833247934, 624833250385, 2451
624902756660, 624902757968, 1308
624930762977, 624930764117, 1140
625001737975, 625001739385, 1410
625048870253, 625048871711, 1458
625100596508, 625100598011, 1503
625139581323, 625139582889, 1566
625199520243, 625199521641, 1398
625228143613, 625228144720, 1107
625298268186, 625298269479, 1293
625326814265, 625326815642, 1377
625396891380, 625396892976, 1596
625424896766, 625424898197, 1431
625495747118, 625495747904, 786
625527732201, 625527734466, 2265
625594802910, 625594804626, 1716
625623174931, 625623176098, 1167
625693634586, 625693635870, 1284
625732839501, 625732841031, 1530
625792462844, 625792464062, 1218
625823407044, 625823408907, 1863
625891142262, 625891143345, 1083
625919268515, 625919269910, 1395
625989932550, 625989934044, 1494
626033769886, 626033771377, 1491
626089038167, 626089039508, 1341
626117513477, 626117515697, 2220
626187985982, 626187987485, 1503
626216752251, 626216753337, 1086
626286577319, 626286578396, 1077
626385207070, 626385208465, 1395
626417132250, 626417133888, 1638
626484595502, 626484597191, 1689
626514125965, 626514127177, 1212
626582981549, 626582982902, 1353
626622230744, 626622232733, 1989
626682317840, 626682319211, 1371
626711520273, 626711522109, 1836
626780753528, 626780755166, 1638
626829150036, 626829151272, 1236
626879458635, 626879459316, 681
626908059815, 626908060865, 1050
626978607914, 626978609456, 1542
627024868793, 627024870395, 1602
627077423124, 627077424573, 1449
627110222842, 627110224039, 1197
627176259848, 627176261504, 1656
627206638447, 627206639659, 1212
627274963130, 627274964357, 1227
627305946839, 627305948306, 1467
627373901340, 627373902870, 1530
627403309844, 627403311014, 1170
627472949748, 627472951050, 1302
627503304001, 627503305342, 1341
627571566142, 627571567717, 1575
627602538775, 627602540029, 1254
627670556514, 627670558002, 1488
627700430180, 627700431689, 1509
627769305222, 627769306767, 1545
627799279616, 627799281320, 1704
627868240713, 627868244121, 3408
627910584194, 627910585313, 1119
627966984395, 627966985655, 1260
628010087896, 628010089063, 1167
628065832421, 628065834125, 1704
628094357264, 628094358389, 1125
628164734523, 628164735891, 1368
628212880859, 628212882266, 1407
628263500195, 628263501707, 1512
628293417732, 628293418842, 1110
628362338915, 628362340340, 1425
628394241718, 628394243251, 1533
628461156145, 628461157753, 1608
628491194298, 628491195339, 1041
628560025761, 628560026604, 843
628588934286, 628588935333, 1047
628658842857, 628658844540, 1683
628695256337, 628695257939, 1602
628757668465, 628757670013, 1548
628794201807, 628794203157, 1350
628856522225, 628856523773, 1548
628885990444, 628885991923, 1479
628955482599, 628955484873, 2274
628984430317, 628984431595, 1278
629054324070, 629054326179, 2109
629093976924, 629093980218, 3294
629153033421, 629153035662, 2241
629181692399, 629181693581, 1182
629251604474, 629251605380, 906
629290325576, 629290326947, 1371
629350734496, 629350736023, 1527
629384148627, 629384149800, 1173
629449577308, 629449578732, 1424
629478634048, 629478635155, 1107
629548483762, 629548486408, 2646
629589157314, 629589158742, 1428
629646922349, 629646923318, 969
629746130068, 629746131622, 1554
629781619082, 629781620297, 1215
629844969320, 629844970598, 1278
629875799888, 629875801025, 1137
629943643093, 629943644362, 1269
629984861819, 629984864099, 2280
630042656410, 630042657751, 1341
630079204921, 630079207597, 2676
630141538126, 630141539536, 1410
630172485950, 630172487177, 1227
630240204913, 630240206155, 1242
630290229125, 630290230913, 1788
630338536841, 630338537483, 642
630384619652, 630384621020, 1368
630438063735, 630438065274, 1539
630467884986, 630467887206, 2220
630536726527, 630536727919, 1392
630568472353, 630568473940, 1587
630635974738, 630635976007, 1269
630681590214, 630681592908, 2694
630734705772, 630734709240, 3468
630762672155, 630762673550, 1395
630833642791, 630833645014, 2223
630870239770, 630870240961, 1191
630932221815, 630932223249, 1434
630964776649, 630964778713, 2064
631031051371, 631031052778, 1407
631058513013, 631058514282, 1269
631129888582, 631129889836, 1254
631175735083, 631175736508, 1425
631228726661, 631228728257, 1596
631257509264, 631257510449, 1185
631327860929, 631327863134, 2205
631426278880, 631426280287, 1407
631458803830, 631458805009, 1179
631525262910, 631525264281, 1371
631555549413, 631555551210, 1797
631624098111, 631624099560, 1449
631650980973, 631650982173, 1200
631723335366, 631723337622, 2256
631758396210, 631758397572, 1362
631821787534, 631821788896, 1362
631852067882, 631852069175, 1293
631920658846, 631920660325, 1479
631950613231, 631950614320, 1089
632019759470, 632019761270, 1800
632069290601, 632069291990, 1389
632118321609, 632118324126, 2517
632153976923, 632153978123, 1200
632217222902, 632217224474, 1572
632248985234, 632248986713, 1479
632316292679, 632316295295, 2616
632346260832, 632346262044, 1212
632414837912, 632414839397, 1485
632456787232, 632456790190, 2958
632513683143, 632513684724, 1581
632549549384, 632549550617, 1233
632612555135, 632612556842, 1707
632644949888, 632644951832, 1944
632711591361, 632711593062, 1701
632759484574, 632759485675, 1101
632810226916, 632810229148, 2232
632841997334, 632841999332, 1998
632909099198, 632909411937, 312739
632943564116, 632943566150, 2034
633007961502, 633007962213, 711
633039786309, 633039788235, 1926
633106768657, 633106770463, 1806
633137958536, 633137960162, 1626
633205565818, 633205567141, 1323
633237525843, 633237527361, 1518
633304385496, 633304386909, 1413
633350918610, 633350919969, 1359
633403130857, 633403131850, 993
633432813969, 633432815109, 1140
633502095240, 633502097007, 1767
633541826376, 633541827561, 1185
633600947262, 633600948615, 1353
633633497798, 633633499967, 2169
633700225756, 633700227996, 2240
633738696913, 633738698083, 1170
633798593535, 633798594633, 1098
633841019736, 633841021341, 1605
633897686970, 633897690576, 3606
633930782294, 633930783683, 1389
633996204183, 633996206070, 1887
634028317105, 634028318473, 1368
634094860448, 634094862368, 1920
634128193657, 634128195088, 1431
634194058563, 634194062640, 4077
634224902897, 634224904151, 1254
634292619538, 634292621155, 1617
634339355754, 634339358010, 2256
634391672544, 634391673960, 1416
634425822510, 634425824040, 1530
634490529103, 634490530408, 1305
634534674722, 634534676249, 1527
634589350148, 634589351702, 1554
634617926809, 634617927982, 1173
634688498179, 634688499592, 1413
634726952101, 634726953241, 1140
634787073771, 634787075247, 1476
634824136811, 634824140624, 3813
634885883520, 634885884894, 1374
634919928556, 634919929777, 1221
634984726042, 634984727581, 1539
635020515236, 635020516676, 1440
635083589499, 635083590585, 1086
635111760972, 635111762094, 1122
635182393948, 635182395496, 1548
635210895119, 635210896256, 1137
635281515042, 635281516896, 1854
635328272847, 635328274116, 1269
635380073886, 635380075914, 2028
635414667728, 635414669354, 1626
635479172903, 635479176665, 3762
635519676428, 635519677730, 1302
635577746418, 635577748092, 1674
635609875707, 635609876988, 1281
635676614105, 635676616610, 2505
635704697723, 635704698881, 1158
635775442021, 635775443656, 1635
635818438122, 635818440354, 2232
635874260716, 635874262186, 1470
635915896202, 635915897456, 1254
635973114323, 635973115625, 1302
636001310228, 636001311359, 1131
636071805070, 636071806777, 1707
636109848365, 636109849610, 1245
636170851917, 636170854248, 2331
636212779950, 636212781093, 1143
636269623866, 636269625486, 1620
636297947002, 636297948277, 1275
636368466632, 636368468102, 1470
636400193422, 636400194538, 1116
636467312351, 636467313941, 1590
636509992537, 636509993713, 1176
636566157550, 636566159017, 1467
636599789308, 636599790424, 1116
636665007883, 636665009623, 1740
636696779523, 636696781197, 1674
636763762246, 636763763704, 1458
636792390212, 636792391553, 1341
636862397865, 636862399542, 1677
636907121091, 636907122405, 1314
636961693139, 636961694633, 1494
637008006923, 637008008177, 1254
637060390116, 637060391817, 1701
637099656615, 637099658601, 1986
637158980294, 637158981557, 1263
637194576336, 637194577596, 1260
637258054876, 637258056388, 1512
637287312727, 637287314008, 1281
637356884768, 637356886079, 1311
637385998940, 637386000056, 1116
637455725918, 637455727490, 1572
637490695577, 637490696987, 1410
637554578789, 637554580193, 1404
637583237499, 637583238669, 1170
637653430520, 637653431957, 1437
637699617949, 637699619578, 1629
637752262999, 637752264358, 1359
637792252976, 637792254359, 1383
637851108809, 637851111335, 2526
637889950214, 637889951450, 1236
637949854430, 637949855690, 1260
637979566332, 637979567622, 1290
638048824866, 638048826318, 1452
638077582301, 638077583609, 1308
638147612378, 638147613677, 1299
638176059828, 638176060845, 1017
638246309235, 638246310744, 1509
638285169243, 638285171427, 2184
638345302412, 638345304122, 1710
638373874798, 638373875914, 1116
638444055338, 638444057498, 2160
638479404762, 638479406637, 1875
638542883802, 638542886208, 2406
638581645581, 638581646772, 1191
638641824044, 638641825676, 1632
638684565848, 638684567141, 1293
638740940343, 638740942254, 1911
638782979678, 638782983590, 3912
638839615477, 638839617583, 2106
638938465708, 638938467070, 1362
638976681610, 638976682924, 1314
639037252778, 639037255112, 2334
639073251504, 639073253223, 1719
639136074370, 639136075720, 1350
639163929159, 639163930272, 1113
639234927632, 639234928997, 1365
639275761902, 639275764473, 2571
639333747798, 639333749208, 1410
639362155724, 639362158118, 2394
639432593330, 639432594722, 1392
639461549452, 639461551075, 1623
639531019801, 639531021283, 1482
639559828199, 639559829366, 1167
639629918505, 639629919549, 1044
639674682431, 639674684012, 1581
639729134235, 639729135705, 1470
639758135930, 639758137073, 1143
639827927991, 639827929305, 1314
639869886563, 639869888054, 1491
639926785592, 639926786933, 1341
639955454039, 639955455305, 1266
640025622899, 640025624270, 1371
640061315322, 640061316747, 1425
640124475757, 640124477062, 1305
640153748139, 640153749978, 1839
640223288879, 640223290370, 1491
640252078200, 640252079553, 1353
640322331245, 640322332460, 1215
640351084286, 640351086488, 2202
640420824507, 640420826118, 1611
640451098961, 640451100191, 1230
640520032145, 640520033546, 1401
640551126828, 640551128241, 1413
640618450066, 640618453669, 3603
640648233894, 640648235964, 2070
640717664616, 640717665585, 969
640757423574, 640757424768, 1194
640816516418, 640816517825, 1407
640845867627, 640845869196, 1569
640915469890, 640915477696, 7806
640945246276, 640945247728, 1452
641014228545, 641014231566, 3021
641055628438, 641055630256, 1818
641112492049, 641112494242, 2193
641144810563, 641144812639, 2076
641211759572, 641211760868, 1296
641242391505, 641242392903, 1398
641310586083, 641310587424, 1341
641339500629, 641339501817, 1188
641409401201, 641409402521, 1320
641438121592, 641438123074, 1482
641508248878, 641508250234, 1356
641536543015, 641536544026, 1011
641607034057, 641607035650, 1593
641639343188, 641639344790, 1602
641705859326, 641705860628, 1302
641757155976, 641757157821, 1845
641804970045, 641804971458, 1413
641846698248, 641846699508, 1260
641903486967, 641903488308, 1341
641942982991, 641942984314, 1323
642002454134, 642002455406, 1272
642031769855, 642031772996, 3141
642101105624, 642101108489, 2865
642133428751, 642133430176, 1425
642200409733, 642200411095, 1362
642231808494, 642231809784, 1290
642298526272, 642298527409, 1137
642327234406, 642327235888, 1482
642397801344, 642397802739, 1395
642428601294, 642428602944, 1650
642496813314, 642496814685, 1371
642525444004, 642525446083, 2079
642595733214, 642595734579, 1365
642629907787, 642629909188, 1401
642694337031, 642694338375, 1344
642723727453, 642723728995, 1542
642793294163, 642793295456, 1293
642839692254, 642839693613, 1359
642892014280, 642892015618, 1338
642919701581, 642919702937, 1356
642990665113, 642990666466, 1353
643018416370, 643018417492, 1122
643089439169, 643089440426, 1257
643134644355, 643134647493, 3138
643188549854, 643188551129, 1275
643217580688, 643217582428, 1740
643287299631, 643287301005, 1374
643315850973, 643315852305, 1332
643386191869, 643386193117, 1248
643419319176, 643419320652, 1476
643485034263, 643485035673, 1410
643513270825, 643513272301, 1476
643583872478, 643583873804, 1326
643615459778, 643615461317, 1539
643682970081, 643682972583, 2502
643711678958, 643711680710, 1752
643781409853, 643781411866, 2013
643837672795, 643837674184, 1389
643894407562, 643894408219, 657
643993221590, 643993222352, 762
644092310983, 644092313032, 2049
644190919472, 644190920252, 780
644289737469, 644289738426, 957
644388510775, 644388511789, 1014
644487361021, 644487361804, 783
644586237401, 644586238163, 762
644685148586, 644685150011, 1425
644783955328, 644783956132, 804
644882957408, 644882958401, 993
644981658887, 644981659904, 1017
645080439102, 645080440035, 933
645179285697, 645179286480, 783
645278181130, 645278182012, 882
645376973945, 645376974794, 849
645475837075, 645475838026, 951
645574685779, 645574686625, 846
645673532790, 645673533597, 807
645772339196, 645772340003, 807
645871170819, 645871171620, 801
645969961913, 645969963239, 1326
646000976783, 646000978340, 1557
646068860568, 646068861606, 1038
646167693696, 646167694575, 879
646266547529, 646266548372, 843
646365409811, 646365410933, 1122
646464254904, 646464256419, 1515
646563001435, 646563002233, 798
646661897981, 646661899286, 1305
646760834070, 646760835477, 1407
646859400221, 646859401453, 1232
646958434566, 646958435580, 1014
647057294978, 647057295704, 726
647156192763, 647156194107, 1344
647254976601, 647254977669, 1068
647353802700, 647353803900, 1200
647452630522, 647452631248, 726
647551774895, 647551775837, 942
647650342153, 647650342936, 783
647749169132, 647749170107, 975
647848011829, 647848012819, 990
647946845599, 647946846907, 1308
648045713586, 648045714459, 873
648144885295, 648144887530, 2235
648173298795, 648173300601, 1806
648243323573, 648243324368, 795
648342191035, 648342191962, 927
648426795243, 648426796290, 1047
648455009082, 648455010141, 1059
648525879171, 648525879942, 771
648554244479, 648554245643, 1164
648624510323, 648624511589, 1266
648652996122, 648652996851, 729
648723633010, 648723634654, 1644
648754463745, 648754465119, 1374
648822382535, 648822383942, 1407
648864149071, 648864150559, 1488
648921343034, 648921344309, 1275
648951317766, 648951319326, 1560
649020332746, 649020334350, 1604
649051871163, 649051872462, 1299
649119032785, 649119034207, 1422
649153846482, 649153847781, 1299
649217863949, 649217865254, 1305
649247589469, 649247590888, 1419
649316704869, 649316706135, 1266
649346575460, 649346576816, 1356
649415293377, 649415294886, 1509
649448432771, 649448433995, 1224
649514341833, 649514343156, 1323
649545036184, 649545038104, 1920
649613019368, 649613020607, 1239
649646926259, 649646927513, 1254
649711726525, 649711729255, 2730
649756932377, 649756934156, 1779
649810957153, 649810958389, 1236
649851678735, 649851680433, 1698
649909578151, 649909580182, 2031
649957241867, 649957243541, 1674
650008683498, 650008684905, 1407
650040621910, 650040624223, 2313
650107159657, 650107160854, 1197
650139789233, 650139790634, 1401
650206052226, 650206053786, 1560
650243850942, 650243852196, 1254
650304862430, 650304863804, 1374
650336351771, 650336353118, 1347
650404465936, 650404471621, 5685
650437479323, 650437480595, 1272
650502929811, 650502931191, 1380
650542183235, 650542184663, 1428
650601648682, 650601650095, 1413
650629902562, 650629904122, 1560
650700502231, 650700503737, 1506
650733493408, 650733495043, 1635
650799419409, 650799420963, 1554
650845737355, 650845738930, 1575
650898094702, 650898095962, 1260
650940217580, 650940218909, 1329
650996999620, 650997001030, 1410
651044996803, 651045099538, 102735
651095347491, 651095348781, 1290
651156124749, 651156126117, 1368
651194601569, 651194602937, 1368
651227432733, 651227434242, 1509
651293476099, 651293477485, 1386
651325704091, 651325705348, 1257
651392749058, 651392751077, 2019
651441014531, 651441015911, 1380
651504996440, 651504997460, 1020
651603973756, 651603974554, 798
651702679606, 651702680386, 780
651801735400, 651801736735, 1335
651900502068, 651900503034, 966
651999333205, 651999333970, 765
652097963568, 652097964345, 777
652197043358, 652197044138, 780
652295703994, 652295706115, 2121
652394496090, 652394496924, 834
652493537677, 652493538412, 735
652592373341, 652592374118, 777
652691236134, 652691236914, 780
652790108229, 652790108952, 723
652888992880, 652888994572, 1692
652987799509, 652987800298, 789
653086606916, 653086607939, 1023
653185457877, 653185458864, 987
653284282823, 653284283804, 981
653383096278, 653383097061, 783
653481955771, 653481956719, 948
653580811892, 653580812693, 801
653679644170, 653679645148, 978
653778501492, 653778502275, 783
653877339163, 653877339952, 789
653976629191, 653976631432, 2241
654075018493, 654075019294, 801
654173700168, 654173701713, 1545
654214712307, 654214713561, 1254
654272718079, 654272719021, 942
654371528858, 654371529803, 945
654470418046, 654470419063, 1017
654569247001, 654569247955, 954
654668049305, 654668050115, 810
654766795534, 654766797175, 1641
654865736301, 654865737075, 774
654964673805, 654964674687, 882
655063512396, 655063513164, 768
655162293882, 655162294608, 726
655261152145, 655261153696, 1551
655359948126, 655359948924, 798
655458805870, 655458806653, 783
655557534751, 655557535960, 1209
655656658305, 655656659517, 1212
655755597377, 655755598799, 1422
655853994379, 655853995105, 726
655889519681, 655889520893, 1212
655953018818, 655953019853, 1035
656051832663, 656051833455, 792
656150514694, 656150515324, 630
656249626455, 656249627205, 750
656348392569, 656348393337, 768
656450248785, 656450249829, 1044
656549421622, 656549422738, 1116
656644872158, 656644872884, 726
656743725717, 656743726614, 897
656842595051, 656842596008, 957
656941412782, 656941413511, 729
657040319561, 657040320329, 768
657139063899, 657139064874, 975
657237927229, 657237927958, 729
657336811078, 657336813301, 2223
657435644814, 657435645771, 957
657534641628, 657534642843, 1215
657633293572, 657633294499, 927
657732170267, 657732171071, 804
657830969495, 657830970491, 996
657929779864, 657929780842, 978
658028670103, 658028670943, 840
658127531538, 658127532309, 771
658226350156, 658226351119, 963
658325193739, 658325194471, 732
658424038206, 658424039070, 864
658522912680, 658522913418, 738
658621706172, 658621707087, 915
658720732550, 658720733726, 1176
658819193550, 658819195182, 1632
658918273026, 658918273908, 882
659017148799, 659017149543, 744
659115930350, 659115931142, 792
659214772657, 659214773455, 798
659313497403, 659313498303, 900
659412421825, 659412422905, 1080
659511823872, 659511824709, 837
659610113177, 659610114593, 1416
659708960686, 659708961469, 783
659807925078, 659807926098, 1020
659906437503, 659906438856, 1353
660005625377, 660005626928, 1551
660104320389, 660104321187, 798
660203155397, 660203156402, 1005
660301953600, 660301954380, 780
660400883418, 660400884225, 807
660499690406, 660499691198, 792
660598539859, 660598540624, 765
660697365495, 660697366293, 798
660796229733, 660796231035, 1302
660895022105, 660895022894, 789
660993935253, 660994110054, 174801
661092764784, 661092765498, 714
661191644569, 661191645802, 1233
661290395512, 661290396229, 717
661389113808, 661389115953, 2145
661488142643, 661488143360, 717
661587033848, 661587035312, 1464
661685812647, 661685813367, 720
661784612846, 661784613836, 990
661883494458, 661883495412, 954
661982327793, 661982328519, 726
662081172474, 662081173422, 948
662180016526, 662180017411, 885
662278805315, 662278806044, 729
662377716460, 662377717522, 1062
662476549088, 662476549919, 831
662575375110, 662575376124, 1014
662674198980, 662674200021, 1041
662773102794, 662773103829, 1035
662871885898, 662871886660, 762
662970703695, 662970704535, 840
663069546773, 663069547541, 768
663168378332, 663168379394, 1062
663267373369, 663267374812, 1443
663366188235, 663366189561, 1326
663464762183, 663464763389, 1206
663563801514, 663563802474, 960
663662660786, 663662661752, 966
663761449712, 663761450699, 987
663860337244, 663860338222, 978
663959137584, 663959138388, 804
664058014400, 664058015117, 717
664156890930, 664156891728, 798
664255694601, 664255695390, 789
664354498790, 664354499573, 783
664453477140, 664453478520, 1380
664551985859, 664551987218, 1359
664651062848, 664651063744, 896
664749901925, 664749902849, 924
664848499465, 664848500278, 813
664950513647, 664950515957, 2310
665046382154, 665046382883, 729
665145220012, 665145221029, 1017
665243915870, 665243916950, 1080
665342880922, 665342881693, 771
665441786790, 665441787513, 723
664968318246, 664968319497, 1251
665032454738, 665032456106, 1368
665062757615, 665062760084, 2469
665131266656, 665131268165, 1509
665160950692, 665160952204, 1512
665229972837, 665229973665, 828
665268702953, 665268705047, 2094
665328959855, 665328961385, 1530
665359053586, 665359054750, 1164
665427799793, 665427801062, 1269
665458067255, 665458070270, 3015
665529692550, 665529694851, 2301
665559038242, 665559039577, 1335
665625805567, 665625806902, 1335
665655373458, 665655374667, 1209
665724349592, 665724351314, 1722
665753946712, 665753948545, 1833
665823152523, 665823154638, 2115
665852032097, 665852033177, 1080
665921432540, 665921434070, 1530
665951717037, 665951718237, 1200
666020854234, 666020856298, 2064
666046382674, 666046383409, 735
666119516985, 666119518233, 1248
666151798733, 666151800170, 1437
666218182040, 666218183426, 1386
666251738604, 666251740017, 1413
666317894905, 666317896972, 2067
666346576776, 666346578222, 1446
666416530078, 666416532940, 2862
666515200222, 666515201836, 1614
666557767375, 666557769187, 1812
666613871734, 666613872997, 1263
666642621889, 666642623674, 1785
666712707230, 666712708466, 1236
666745942847, 666745944509, 1662
666811579409, 666811580660, 1251
666840583149, 666840584745, 1596
666910431505, 666910432786, 1281
666948437037, 666948438642, 1605
667009269036, 667009270497, 1461
667038534634, 667038536119, 1485
667108117945, 667108119316, 1371
667140003028, 667140004249, 1221
667206944270, 667206945809, 1539
667237738458, 667237739871, 1413
667305743580, 667305744852, 1272
667363714702, 667363716061, 1359
667404618913, 667404620233, 1320
667432625375, 667432626770, 1395
667503512478, 667503513771, 1293
667546397835, 667546399500, 1665
667602215274, 667602216390, 1116
667630748198, 667630749599, 1401
667701192965, 667701194441, 1476
667730871901, 667730873020, 1119
667799773985, 667799774738, 753
667836090060, 667836092061, 2001
667898861885, 667898863142, 1257
667927921234, 667927922416, 1182
667997693990, 667997695112, 1122
668039065683, 668039067216, 1533
668096517915, 668096519310, 1395
668126117378, 668126118632, 1254
668195573672, 668195575346, 1674
668240622775, 668240624119, 1344
668294224439, 668294226011, 1572
668337314355, 668337315891, 1536
668393265797, 668393267177, 1380
668424721572, 668424722835, 1263
668491906256, 668491907840, 1584
668523236835, 668523238251, 1416
668590752556, 668590753870, 1314
668619655611, 668619657390, 1779
668689599878, 668689601219, 1341
668718898981, 668718900277, 1296
668788592032, 668788593361, 1329
668830541879, 668830543064, 1185
668887267500, 668887269564, 2064
668918849865, 668918851671, 1806
668986300712, 668986302635, 1923
669017616718, 669017618134, 1416
669084908519, 669084909785, 1266
669114764362, 669114765661, 1299
669183950809, 669183952174, 1365
669223390921, 669223392613, 1692
669282498376, 669282499807, 1431
669327961979, 669327963692, 1713
669381470896, 669381472258, 1362
669411918688, 669411920053, 1365
669480599100, 669480600270, 1170
669524572292, 669524573880, 1588
669579121741, 669579123070, 1329
669605880184, 669605881960, 1776
669677999970, 669678001254, 1284
669709494696, 669709496052, 1356
669777019066, 669777021223, 2157
669806756768, 669806759009, 2241
669875688830, 669875689988, 1158
669905289486, 669905291037, 1551
669974893797, 669974896029, 2232
670020812118, 670020813402, 1284
670073416331, 670073417216, 885
670124477333, 670124478671, 1338
670171965397, 670171966801, 1404
670202041895, 670202043089, 1194
670270755396, 670270756779, 1383
670323630023, 670323632510, 2487
670369446085, 670369447294, 1209
670403255233, 670403256340, 1107
670468687290, 670468688940, 1650
670505139087, 670505140620, 1533
670568019193, 670568020474, 1281
670616625837, 670616627034, 1197
670666399214, 670666400693, 1479
670706904369, 670706905683, 1314
670765299291, 670765300152, 861
670803907722, 670803909213, 1491
670864117487, 670864118819, 1332
670916117941, 670916119294, 1353
670962931380, 670962933021, 1641
670993146557, 670993147979, 1422
671061787647, 671061788559, 912
671093750247, 671093751567, 1320
671160495765, 671160496524, 759
671194981783, 671194982992, 1209
671259368274, 671259369726, 1452
671295583170, 671295584622, 1452
671358274937, 671358276170, 1233
671400533852, 671400535112, 1260
671457129682, 671457131023, 1341
671490383063, 671490384542, 1479
671555595666, 671555596428, 762
671587545879, 671587547061, 1182
671654686660, 671654688277, 1617
671691237722, 671691238772, 1050
671753690627, 671753692865, 2238
671784738861, 671784740643, 1782
671852522934, 671852524251, 1317
671887616824, 671887618180, 1356
671951351592, 671951353527, 1935
671990213621, 671990215178, 1557
672050186307, 672050187579, 1272
672084381509, 672084382640, 1131
672149047861, 672149049235, 1374
672179521862, 672179523566, 1704
672247873611, 672247875093, 1482
672276616328, 672276617603, 1275
672346739500, 672346740871, 1371
672376832762, 672376834016, 1254
672445520029, 672445522180, 2151
672481722415, 672481723975, 1560
672544372474, 672544373773, 1299
672587927892, 672587929362, 1470
672643083701, 672643084931, 1230
672676459425, 672676461012, 1587
672742407430, 672742408735, 1305
672781946515, 672781947958, 1443
672841045206, 672841048401, 3195
672882517884, 672882518994, 1110
672939435322, 672939436081, 759
672975343700, 672975345140, 1440
673038267099, 673038268947, 1848
673079329560, 673079331138, 1578
673137509189, 673137510455, 1266
673169108278, 673169110069, 1791
673236289258, 673236290548, 1290
673267366079, 673267367231, 1152
673335127487, 673335129056, 1569
673371568960, 673371570706, 1746
673433962233, 673433963490, 1257
673468108460, 673468111589, 3129
673532858427, 673532860440, 2013
673561459199, 673561460585, 1386
673631628903, 673631630343, 1440
673664614909, 673664616067, 1158
673730505988, 673730507218, 1230
673762448958, 673762450419, 1461
673829371633, 673829373001, 1368
673872199452, 673872200754, 1302
673928284603, 673928286328, 1725
673972324517, 673972326179, 1662
674026992094, 674026994249, 2155
674058196677, 674058198417, 1740
674125870096, 674125871341, 1245
674157604584, 674157606354, 1770
674224690590, 674224691874, 1284
674256222468, 674256223803, 1335
674323426716, 674323428102, 1386
674363575516, 674363578579, 3063
674422076378, 674422077764, 1386
674460953204, 674460954950, 1746
674521201459, 674521202599, 1140
674549513735, 674549515109, 1374
674620041480, 674620042731, 1251
674648953812, 674648954913, 1101
674718908042, 674718910337, 2295
674754603068, 674754604649, 1581
674817749327, 674817750755, 1428
674847983542, 674847984766, 1224
674916699311, 674916700772, 1461
674961721744, 674961723190, 1446
675015408849, 675015410163, 1314
675056065605, 675056067543, 1938
675114250193, 675114251417, 1224
675148061192, 675148062347, 1155
675213111055, 675213112504, 1449
675244951164, 675244953684, 2520
675311939216, 675311940488, 1272
675347929023, 675347930547, 1524
675410719051, 675410720383, 1332
675443077194, 675443078892, 1698
675509615421, 675509616729, 1308
675540632388, 675540633654, 1266
675608274525, 675608276019, 1494
675707312184, 675707313492, 1308
675738130359, 675738131403, 1044
675806155195, 675806156533, 1338
675839504902, 675839506276, 1374
675905010005, 675905011619, 1614
675935844706, 675935848633, 3927
676003832822, 676003835270, 2448
676047528517, 676047529771, 1254
676102669281, 676102671009, 1728
676136821731, 676136823033, 1302
676201535490, 676201536843, 1353
676240096619, 676240099454, 2835
676300592522, 676300594133, 1611
676335658951, 676335660124, 1173
676399422209, 676399423832, 1623
676429146467, 676429147949, 1482
676498051823, 676498053494, 1671
676540351472, 676540353140, 1668
676597191772, 676597193590, 1818
676640013562, 676640014831, 1269
676695744749, 676695746210, 1461
676725240724, 676725241936, 1212
676794551661, 676794553005, 1344
676824972591, 676824973584, 993
676893444936, 676893446235, 1299
676921403743, 676921405537, 1794
676992257469, 676992259077, 1608
677019445457, 677019446567, 1110
677091098700, 677091100365, 1665
677126663434, 677126664862, 1428
677189924900, 677189926652, 1752
677218602843, 677218604022, 1179
677288795716, 677288797165, 1449
677317163874, 677317165437, 1563
677387604191, 677387605820, 1629
677415621696, 677415622695, 999
677486566251, 677486568054, 1803
677531077138, 677531078320, 1182
677585650367, 677585653088, 2721
677615694122, 677615695373, 1251
677683615496, 677683616822, 1326
677716995142, 677716997428, 2286
677782622684, 677782623902, 1218
677813394295, 677813395453, 1158
677881787565, 677881789176, 1611
677924166335, 677924167919, 1584
677980685160, 677980686432, 1272
678011770455, 678011771538, 1083
678079326234, 678079328340, 2106
678122500034, 678122501231, 1197
678178356355, 678178357684, 1329
678207783789, 678207785070, 1281
678277011096, 678277012551, 1455
678319939514, 678319941671, 2157
678376149433, 678376151446, 2013
678428643864, 678428645271, 1407
678474582180, 678474583401, 1221
678504461244, 678504462435, 1191
678573763668, 678573765189, 1521
678618809480, 678618810836, 1356
678672232709, 678672234467, 1758
678771415263, 678771416757, 1494
678801440051, 678801441077, 1026
678870270126, 678870271281, 1155
678915570872, 678915572036, 1164
678969273524, 678969274970, 1446
678999414655, 678999416632, 1977
679067910289, 679067911861, 1572
679105880362, 679105881850, 1488
679166805784, 679166807137, 1353
679199122326, 679199123889, 1563
679265438475, 679265439795, 1320
679294407196, 679294408402, 1206
679364466947, 679364468306, 1359
679405923337, 679405924735, 1398
679463480571, 679463481918, 1347
679507592642, 679507595135, 2493
679561776579, 679561778184, 1605
679597650491, 679597651952, 1461
679660984316, 679660985579, 1263
679690863807, 679690865253, 1446
679759836245, 679759837763, 1518
679790361504, 679790363223, 1719
679858492859, 679858494113, 1254
679897702171, 679897703656, 1485
679957817268, 679957818552, 1284
679996673548, 679996674829, 1281
680056712856, 680056714497, 1641
680086500069, 680086501371, 1302
680155188104, 680155189358, 1254
680189977546, 680189979508, 1962
680254013366, 680254014725, 1359
680294479533, 680294482479, 2946
680352841221, 680352842457, 1236
680383404667, 680383406695, 2028
680451543088, 680451544555, 1467
680484158409, 680484160083, 1674
680550540705, 680550542805, 2100
680580141666, 680580142899, 1233
680649272647, 680649274216, 1569
680680096643, 680680100666, 4023
680748458263, 680748459526, 1263
680778996844, 680778999535, 2691
680847309664, 680847311482, 1818
680876795204, 680876796620, 1416
680946492615, 680946493404, 789
680976296553, 680976297864, 1311
681044578138, 681044579491, 1353
681075642237, 681075643794, 1557
681143560529, 681143561852, 1323
681174621838, 681174623635, 1797
681242769266, 681242770922, 1656
681289469233, 681289470952, 1719
681341254993, 681341257036, 2043
681378634891, 681378636142, 1251
681439803796, 681439805719, 1923
681481896671, 681481897994, 1323
681538928821, 681538930306, 1485
681569700524, 681569701850, 1326
681637821411, 681637822767, 1356
681668248550, 681668250176, 1626
681736656580, 681736657801, 1221
681782680741, 681782682952, 2211
681835506111, 681835507734, 1623
681864357059, 681864358907, 1848
681934352894, 681934354391, 1497
681962924759, 681962926073, 1314
682033780713, 682033782375, 1662
682062693834, 682062695208, 1374
682131926601, 682131927768, 1167
682161833056, 682161834451, 1395
682230791962, 682230793213, 1251
682268718418, 682268719834, 1416
682329584417, 682329585734, 1317
682359286928, 682359290276, 3348
682428624707, 682428627674, 2967
682464020525, 682464021818, 1293
682527612266, 682527614003, 1737
682570094721, 682570095996, 1275
682626303271, 682626304966, 1695
682655300966, 682655302547, 1581
682724640457, 682724641756, 1299
682755343329, 682755345861, 2532
682824273902, 682824276620, 2718
682865207278, 682865208979, 1701
682922744309, 682922745887, 1578
682961593076, 682961594168, 1092
683021569641, 683021571006, 1365
683048942130, 683048943306, 1176
683120382198, 683120383665, 1467
683152554159, 683152555284, 1125
683219476299, 683219477640, 1341
683248563578, 683248564874, 1296
683318121676, 683318122939, 1263
683355157769, 683355159086, 1317
683416946480, 683416947827, 1347
683446030956, 683446033731, 2775
683515795097, 683515796417, 1320
683544497942, 683544499409, 1467
683614831876, 683614833079, 1203
683657262457, 683657263654, 1197
683713663109, 683713664399, 1290
683743274547, 683743275717, 1170
683812315822, 683812317388, 1566
683842280702, 683842282151, 1449
683911170083, 683911171346, 1263
683954602341, 683954603592, 1251
684009899796, 684009901212, 1416
684047113505, 684047115197, 1692
684108836607, 684108838158, 1551
684138003548, 684138004745, 1197
684207668021, 684207670046, 2025
684236667165, 684236668950, 1785
684306761226, 684306762852, 1626
684405030822, 684405031977, 1155
684434468301, 684434469408, 1107
684504553819, 684504555214, 1395
684549254790, 684549256278, 1488
684602736587, 684602737661, 1074
684634289949, 684634291134, 1185
684701892319, 684701894050, 1731
684732195391, 684732196588, 1197
684800414698, 684800416711, 2013
684856190663, 684856192274, 1611
684899416137, 684899417589, 1452
684944502404, 684944503682, 1278
684998412508, 684998413957, 1449
685026455606, 685026457814, 2208
685097246377, 685097247727, 1350
685133804940, 685133807709, 2769
685196099237, 685196101763, 2526
685224473027, 685224474098, 1071
685294932037, 685294933582, 1545
685323034581, 685323035793, 1212
685393767511, 685393769845, 2334
685424555173, 685424556418, 1245
685492621898, 685492623305, 1407
685521282769, 685521283996, 1227
685591466315, 685591467986, 1671
685623379879, 685623381118, 1239
685690306796, 685690308248, 1452
685721816954, 685721818274, 1320
685789146753, 685789148376, 1623
685818062003, 685818063080, 1077
685887997240, 685887998707, 1467
685919342073, 685919343294, 1221
685986830941, 685986832720, 1779
686015649832, 686015651029, 1197
686085201203, 686085201887, 684
686117816044, 686117817262, 1218
686184498392, 686184499874, 1482
686215149272, 686215150898, 1626
686283176502, 686283177948, 1446
686313534783, 686313536010, 1227
686382112670, 686382114251, 1581
686480875080, 686480876559, 1479
686510955574, 686510956750, 1176
686579853714, 686579854989, 1275
686613209961, 686613211389, 1428
686678684053, 686678685688, 1635
686706069653, 686706070820, 1167
686777600446, 686777602105, 1659
686807355876, 686807381466, 25590
686876410929, 686876412300, 1371
686906980829, 686906982146, 1317
686975253543, 686975254980, 1437
687016539804, 687016541565, 1761
687074087851, 687074089183, 1332
687115496721, 687115497885, 1164
687172919198, 687172920500, 1302
687204563790, 687204565464, 1674
687271747106, 687271748552, 1446
687302011071, 687302012187, 1116
687370592915, 687370594355, 1440
687403362814, 687403364500, 1686
687469446523, 687469448179, 1656
687500504353, 687500505475, 1122
687568290304, 687568291711, 1407
687598637900, 687598639460, 1560
687667130827, 687667132339, 1512
687706848527, 687706850015, 1488
687765973099, 687765974668, 1569
687797441724, 687797443158, 1434
687864836990, 687864838583, 1593
687963649477, 687963650737, 1260
688009786616, 688009787849, 1233
688062532403, 688062534008, 1605
688101171832, 688101172969, 1137
688161331674, 688161333747, 2073
688260186952, 688260188263, 1311
688296857175, 688296858600, 1425
688359010096, 688359011416, 1320
688394836633, 688394838859, 2226
688457843110, 688457844400, 1290
688490469219, 688490470608, 1389
688556490827, 688556492522, 1695
688596249705, 688596251115, 1410
688655340664, 688655341957, 1293
688702895589, 688702896960, 1371
688754427173, 688754428826, 1653
688788326123, 688788327293, 1170
688853545513, 688853546833, 1320
688892414286, 688892415450, 1164
688952116771, 688952118139, 1368
688991940055, 688991941246, 1191
689050961537, 689050962266, 729
689087030455, 689087031823, 1368
689149785186, 689149786746, 1560
689184233091, 689184234513, 1422
689248317975, 689248319448, 1473
689286934660, 689286936142, 1482
689347467960, 689347469361, 1401
689380416493, 689380417711, 1218
689446229978, 689446231367, 1389
689481296019, 689481297735, 1716
689545118496, 689545119876, 1380
689583951939, 689583954435, 2496
689643960462, 689643961911, 1449
689683805360, 689683806845, 1485
689742780097, 689742781486, 1389
689777058434, 689777059991, 1557
689841668959, 689841670315, 1356
689872188417, 689872189800, 1383
689940487726, 689940488977, 1251
689972747062, 689972748625, 1563
690039335825, 690039337181, 1356
690070964056, 690070965928, 1872
690138151768, 690138153058, 1290
690173321450, 690173322980, 1530
690236928790, 690236931499, 2709
690281013102, 690281014656, 1554
690335701453, 690335702866, 1413
690365996019, 690365997144, 1125
690434549797, 690434551561, 1764
690480423829, 690480425293, 1464
690533542448, 690533543855, 1407
690579152580, 690579156219, 3639
690632067201, 690632068401, 1200
690680185006, 690680186521, 1515
690731193076, 690731194366, 1290
690781062080, 690781063751, 1671
690830081408, 690830083118, 1710
690871534748, 690871536506, 1758
690928859776, 690928861039, 1263
691027459019, 691027460192, 1173
691072123742, 691072124759, 1017
691126848632, 691126852310, 3678
691164592212, 691164593382, 1170
691225394582, 691225396586, 2004
691260864281, 691260865616, 1335
691338303335, 691338304568, 1233
691437090083, 691437091562, 1479
691535636062, 691535636632, 570
691634775827, 691634777045, 1218
691733621677, 691733622820, 1143
691832403870, 691832404983, 1113
691931192521, 691931193301, 780
692030043356, 692030044082, 726
692129004112, 692129005309, 1197
692227807487, 692227808276, 789
692326699630, 692326700443, 813
692425226522, 692425227797, 1275
692510029072, 692510030002, 930
692543874120, 692543875488, 1368
692609206527, 692609207931, 1404
692636656910, 692636658140, 1230
692708008942, 692708010571, 1629
692747784431, 692747785880, 1449
692806859036, 692806860293, 1257
692837072953, 692837074342, 1389
692905698068, 692905699544, 1476
692939024908, 692939026192, 1284
693004562847, 693004564350, 1503
693034893014, 693034894334, 1320
693103464166, 693103465813, 1647
693146934328, 693146936587, 2259
693202188136, 693202189816, 1680
693232606556, 693232607726, 1170
693301049299, 693301050589, 1290
693330266813, 693330268121, 1308
693399901619, 693399903326, 1707
693432793770, 693432795030, 1260
693498779608, 693498781168, 1560
693527397070, 693527398150, 1080
693597614385, 693597615882, 1497
693642955797, 693642957186, 1389
693696442057, 693696443506, 1449
693725315209, 693725316310, 1101
693794664665, 693794665631, 966
693835894655, 693835895855, 1200
693894106226, 693894107540, 1314
693936119052, 693936120195, 1143
693992972219, 693992974022, 1803
694033634841, 694033636059, 1218
694091548521, 694091549976, 1455
694126662432, 694126663548, 1116
694190676638, 694190678150, 1512
694220988969, 694220991033, 2064
694289280578, 694289282972, 2394
694332448731, 694332451095, 2364
694388058103, 694388059843, 1740
694420800270, 694420801422, 1152
694487210768, 694487212391, 1623
694515531484, 694515532702, 1218
694585629134, 694585630772, 1638
694623806468, 694623807848, 1380
694684912410, 694684913736, 1326
694713976033, 694713977149, 1116
694783674268, 694783675759, 1491
694816756110, 694816757343, 1233
694882278749, 694882279937, 1188
694928557251, 694928558658, 1407
694981201424, 694981202864, 1440
695010204418, 695010205600, 1182
695080206623, 695080207874, 1251
695112590917, 695112592054, 1137
695179009646, 695179011032, 1386
695210720921, 695210722817, 1896
695277877826, 695277879296, 1470
695309458494, 695309459985, 1491
695376718528, 695376719911, 1383
695414608506, 695414609808, 1302
695475562783, 695475564274, 1491
695504366244, 695504367366, 1122
695574410014, 695574411481, 1467
695621412078, 695621413260, 1182
695673268747, 695673270322, 1575
695701256480, 695701257710, 1230
695771856562, 695771857966, 1404
695811467730, 695811469254, 1524
695870925415, 695870926957, 1542
695904067012, 695904068182, 1170
695969827709, 695969828972, 1263
695998704756, 695998706259, 1503
696068627336, 696068628872, 1536
696097633426, 696097634620, 1194
696167625765, 696167627793, 2028
696196676627, 696196677815, 1188
696266281080, 696266282948, 1868
696306017961, 696306019161, 1200
696364795254, 696364796586, 1332
696396630519, 696396632517, 1998
696463993138, 696463994569, 1431
696494865976, 696494867548, 1572
696562818503, 696562819808, 1305
696592209583, 696592210876, 1293
696661685474, 696661686905, 1431
696695788901, 696695790281, 1380
696760446712, 696760447972, 1260
696791262116, 696791264324, 2208
696859369565, 696859372346, 2781
696887368165, 696887369389, 1224
696958199627, 696958200899, 1272
696996210643, 696996211867, 1224
697057028099, 697057030313, 2214
697099418440, 697099419655, 1215
697155871146, 697155873021, 1875
697197762577, 697197764425, 1848
697254863200, 697254866203, 3003
697285063611, 697285064787, 1176
697353655781, 697353657071, 1290
697399148903, 697399150628, 1725
697452300903, 697452302991, 2088
697483928454, 697483929669, 1215
697551227443, 697551228751, 1308
697581962518, 697581963715, 1197
697650089337, 697650091632, 2295
697682960796, 697682962065, 1269
697748939106, 697748941167, 2061
697781104403, 697781105732, 1329
697847815617, 697847817267, 1650
697878238620, 697878239760, 1140
697946551175, 697946552456, 1281
697980285528, 697980286743, 1215
698045467844, 698045469317, 1473
698074298188, 698074299667, 1479
698144329093, 698144330527, 1434
698184376983, 698184378081, 1098
698242938893, 698242940468, 1575
698279651362, 698279652421, 1059
698341926731, 698341928405, 1674
698373681127, 698373682336, 1209
698440959949, 698440962832, 2883
698473385462, 698473386683, 1221
698540082402, 698540083998, 1596
698575328918, 698575330265, 1347
698638524778, 698638526359, 1581
698669044833, 698669046078, 1245
698737563244, 698737565500, 2256
698778472278, 698778473577, 1299
698836180992, 698836182729, 1737
698869438818, 698869440033, 1215
698934960513, 698934961992, 1479
698966439299, 698966440592, 1293
699033829742, 699033831062, 1320
699073232111, 699073233647, 1536
699132701056, 699132702538, 1482
699173620556, 699173621726, 1170
699231532169, 699231533531, 1362
699261151348, 699261152941, 1593
699330338502, 699330339921, 1419
699361612441, 699361613836, 1395
699429444765, 699429447294, 2529
699458355597, 699458356884, 1287
699528216530, 699528218225, 1695
699565749357, 699565750518, 1161
699627453579, 699627455949, 2370
699659016811, 699659018056, 1245
699725717827, 699725719345, 1518
699767745387, 699767746596, 1209
699824882877, 699824883438, 561
699857519155, 699857520391, 1236
699923642036, 699923644298, 2262
699963914864, 699963917531, 2667
700022437496, 700022438870, 1374
700069212900, 700069214133, 1233
700121302210, 700121304439, 2229
700176150298, 700176152581, 2283
700233893742, 700233894730, 988
700332739940, 700332740843, 903
700431363286, 700431364282, 996
700530211876, 700530213301, 1425
700629282907, 700629283624, 717
700728147413, 700728148184, 771
700826940244, 700826941012, 768
700925981856, 700925982976, 1120
701024738404, 701024739238, 834
701123412155, 701123412995, 840
701222304086, 701222305031, 945
701321150071, 701321150911, 840
701419802027, 701419803065, 1038
701518896996, 701518897704, 708
701617669965, 701617670721, 756
701716533758, 701716534556, 798
701815411241, 701815412006, 765
701914226907, 701914227702, 795
702013009433, 702013010150, 717
702111963109, 702111965812, 2703
702210749225, 702210750038, 813
702309562913, 702309563636, 723
702408217646, 702408218360, 714
702507272414, 702507273140, 726
702606083165, 702606083891, 726
702704897173, 702704897899, 726
702803825619, 702803826348, 729
702902620870, 702902622118, 1248
703001448638, 703001449397, 759
703100139538, 703100140885, 1347
703199183273, 703199184344, 1071
703231731926, 703231733015, 1089
703297942177, 703297942906, 729
703396807668, 703396808919, 1251
703495648347, 703495650048, 1701
703594512927, 703594513959, 1032
703693442051, 703693442807, 756
703792167764, 703792168532, 768
703891919884, 703891920721, 837
703989859924, 703989861757, 1833
704088663458, 704088664265, 807
704187411201, 704187411999, 798
704286332108, 704286332870, 762
704385243513, 704385244257, 744
704484055195, 704484055981, 786
704582971492, 704582972404, 912
704683084159, 704683084915, 756
704780401268, 704780402282, 1014
704879451678, 704879452416, 738
704978433450, 704978437302, 3852
705077160783, 705077161662, 879
705175986943, 705175987780, 837
705274828190, 705274828982, 792
705373613006, 705373613849, 843
705472510643, 705472511369, 726
705571346304, 705571347354, 1050
705670139586, 705670140225, 639
705769035170, 705769035971, 801
705867814544, 705867815342, 798
705966663017, 705966663938, 921
706065634733, 706065635825, 1092
706164372324, 706164373806, 1482
706263197944, 706263198703, 759
706291384930, 706291385968, 1038
706362077549, 706362078422, 873
706460727728, 706460730092, 2364
706559765752, 706559766697, 945
706658564579, 706658565584, 1005
706757442372, 706757443170, 798
706856477408, 706856478890, 1482
706955121371, 706955122250, 879
707053930219, 707053931257, 1038
707152839766, 707152840609, 843
707251617597, 707251618587, 990
707350412192, 707350413521, 1329
707449357891, 707449358881, 990
707548118364, 707548119255, 891
707647026906, 707647027686, 780
707745858146, 707745858941, 795
707844757268, 707844758477, 1209
707943726382, 707943727093, 711
708042379538, 708042380339, 801
708141225620, 708141226418, 798
708240080540, 708240082157, 1617
708338872109, 708338872925, 816
708437537999, 708437539463, 1464
708536579018, 708536579804, 786
708635426892, 708635427858, 966
708734145188, 708734145989, 801
708833084230, 708833085364, 1134
708932155783, 708932160313, 4530
709030786010, 709030787024, 1014
709129643184, 709129644018, 834
709228470319, 709228471255, 936
709327349679, 709327350477, 798
709366203673, 709366204765, 1092
709426145462, 709426146200, 738
709525017080, 709525017857, 777
709623845977, 709623846850, 873
709722448901, 709722450668, 1767
709754975870, 709754977247, 1377
709821529472, 709821530198, 726
709920399017, 709920399737, 720
710019217359, 710019218241, 882
710118066143, 710118066872, 729
710216961750, 710216962716, 966
710315865805, 710315866696, 891
710414548284, 710414549094, 810
710513181025, 710513182660, 1635
710612245192, 710612246077, 885
710711067557, 710711068361, 804
710809762228, 710809763665, 1437
710908691281, 710908692346, 1065
711007619344, 711007620433, 1089
711106476479, 711106477262, 783
711205281142, 711205282366, 1224
711304485609, 711304487199, 1590
711402990652, 711402991432, 780
711501922639, 711501923494, 855
711600600271, 711600601054, 783
711699516198, 711699517293, 1095
711798412066, 711798412846, 780
711897192318, 711897193089, 771
711996021796, 711996022804, 1008
712094890909, 712094891707, 798
712193542456, 712193544400, 1944
712292604400, 712292605273, 873
712391415084, 712391415819, 735
712419113052, 712419114369, 1317
712489987028, 712489988264, 1236
712589055922, 712589056648, 726
712687723929, 712687724484, 555
712786780814, 712786781867, 1053
712885745095, 712885746070, 975
712984440626, 712984441409, 783
713083319857, 713083321198, 1341
713182092583, 713182093375, 792
713280784566, 713280785610, 1044
713379781422, 713379782160, 738
713478674877, 713478675831, 954
713577470604, 713577471375, 771
713676299237, 713676300341, 1104
713775339415, 713775340810, 1395
713874016694, 713874017762, 1068
713972834543, 713972835266, 723
714071733499, 714071734435, 936
714170487311, 714170488061, 750
714269364578, 714269365301, 723
714368215921, 714368216710, 789
714467085351, 714467086092, 741
714565888644, 714565889439, 795
714664572073, 714664574695, 2622
714763550404, 714763551124, 720
714862399500, 714862401057, 1557
714961281780, 714961282560, 780
715060104248, 715060104980, 732
715158877249, 715158878158, 909
715257735180, 715257735966, 786
715356655681, 715356656692, 1011
715456336560, 715456337613, 1053
715554317992, 715554318868, 876
715653191371, 715653192376, 1005
715752064327, 715752065878, 1551
715836573286, 715836574537, 1251
715863283082, 715863284405, 1323
715935697809, 715935699117, 1308
715970917758, 715970919398, 1640
716034253783, 716034255136, 1353
716072702432, 716072704091, 1659
716133412627, 716133415075, 2448
716177717544, 716177719938, 2394
716232252261, 716232253641, 1380
716264510176, 716264511511, 1335
716331160556, 716331162752, 2196
716376134073, 716376135957, 1884
716429643560, 716429644304, 744
716465385523, 716465386657, 1134
716528782917, 716528784771, 1854
716574239273, 716574240701, 1428
716627615969, 716627617742, 1773
716666712484, 716666713939, 1455
716726215090, 716726216824, 1734
716771656354, 716771658205, 1851
716825278720, 716825281282, 2562
716873244141, 716873245371, 1230
716924109697, 716924110909, 1212
716963861163, 716963862474, 1311
717022922987, 717022924400, 1413
717057678007, 717057679477, 1470
717121835662, 717121837246, 1584
717152949782, 717152950949, 1167
717220471087, 717220472503, 1416
717262777790, 717262779308, 1518
717319485686, 717319486988, 1302
717360546737, 717360549056, 2319
717418267579, 717418270870, 3291
717452348434, 717452349784, 1350
717517183759, 717517185226, 1467
717557357021, 717557358740, 1719
717615997543, 717615998827, 1284
717651202735, 717651204061, 1326
717714864181, 717714865546, 1365
717750201888, 717750203382, 1494
717813684697, 717813685879, 1182
717848432012, 717848433362, 1350
717912613874, 717912615272, 1398
717943623040, 717943624582, 1542
718011401995, 718011403486, 1491
718047140997, 718047142203, 1206
718110303942, 718110305577, 1635
718153533578, 718153535243, 1665
718208954762, 718208958131, 3369
718252486697, 718252488230, 1533
718307750119, 718307750857, 738
718347956849, 718347958289, 1440
718406558788, 718406560027, 1239
718444229543, 718444231637, 2094
718505516871, 718505518131, 1260
718604490676, 718604491978, 1302
718649791913, 718649793122, 1209
718703451125, 718703453141, 2016
718751155884, 718751157150, 1266
718802377600, 718802380054, 2454
718834546749, 718834548729, 1980
718900775851, 718900777015, 1164
718942479048, 718942480260, 1212
719000132460, 719000135454, 2994
719050769678, 719050770908, 1230
719098808139, 719098810119, 1980
719132133558, 719132135331, 1773
719197769551, 719197770760, 1209
719245637894, 719245639256, 1362
719296331098, 719296333447, 2349
719347240108, 719347241281, 1173
719395166160, 719395167495, 1335
719434417929, 719434420035, 2106
719494024259, 719494025534, 1275
719528179368, 719528180724, 1356
719592870582, 719592872070, 1488
719634498311, 719634500006, 1695
719691692804, 719691694178, 1374
719725126245, 719725128036, 1791
719790739903, 719790741481, 1578
719835541830, 719835543252, 1422
719889382391, 719889383732, 1341
719922438398, 719922439493, 1095
719987893013, 719987894528, 1515
720029363064, 720029365275, 2211
720087052449, 720087053874, 1425
720122136903, 720122138055, 1152
720185910877, 720185912470, 1593
720218405473, 720218406631, 1158
720284706863, 720284708237, 1374
720316629990, 720316632963, 2973
720383321994, 720383323125, 1131
720420806933, 720420808262, 1329
720482355528, 720482356848, 1320
720525270851, 720525271946, 1095
720581236445, 720581237978, 1533
720610266283, 720610267384, 1101
720680324421, 720680326038, 1617
720722837117, 720722839061, 1944
720778950227, 720778951529, 1302
720811472344, 720811473574, 1230
720877839686, 720877840598, 912
720909634961, 720909636266, 1305
720976718499, 720976720065, 1566
721009230374, 721009231607, 1233
721075456875, 721075458630, 1755
721106868423, 721106870874, 2451
721174317571, 721174318945, 1374
721204389454, 721204390576, 1122
721273164678, 721273166262, 1584
721305029029, 721305030838, 1809
721372295408, 721372297652, 2244
721404028202, 721404029411, 1209
721470951695, 721470952850, 1155
721503208298, 721503209867, 1569
721569827406, 721569828984, 1578
721669040757, 721669041840, 1083
721722689806, 721722691384, 1578
721767634340, 721767635816, 1476
721812097299, 721812098790, 1491
721866190768, 721866192115, 1347
721906656902, 721906658051, 1149
721964818053, 721964818893, 840
722001310003, 722001311335, 1332
722063873054, 722063874374, 1320
722094609363, 722094612168, 2805
722162466237, 722162467662, 1425
722212213705, 722212215058, 1353
722261540120, 722261542217, 2097
722294228466, 722294229876, 1410
722360249585, 722360251112, 1527
722408252647, 722408255323, 2676
722459233283, 722459234579, 1296
722496114043, 722496115489, 1446
722558245522, 722558247121, 1599
722608401788, 722608403009, 1221
722656753159, 722656754491, 1332
722707189415, 722707190894, 1479
722755521373, 722755522420, 1047
722810719756, 722810721580, 1824
722868358537, 722868359179, 642
722967383344, 722967384076, 732
723066209593, 723066210493, 900
723164906549, 723164908088, 1539
723264053986, 723264055483, 1497
723362774385, 723362775204, 819
723462434134, 723462435451, 1317
723560462150, 723560462984, 834
723659302125, 723659303145, 1020
723758198539, 723758199922, 1383
723856934796, 723856935615, 819
723955824084, 723955824870, 786
724054656199, 724054656976, 777
724153503025, 724153503805, 780
724252342004, 724252342721, 717
724351186022, 724351186769, 747
724450045970, 724450047113, 1143
724548857831, 724548858620, 789
724647537452, 724647539096, 1644
724681951400, 724681952504, 1104
724746553597, 724746554407, 810
724845456429, 724845458772, 2343
724944060912, 724944061647, 735
725043054426, 725043055218, 792
725141921761, 725141922544, 783
725240763255, 725240764059, 804
725339538142, 725339539306, 1164
725438390436, 725438391189, 753
725537284223, 725537285009, 786
725636150435, 725636151365, 930
725734976215, 725734977376, 1161
725833831248, 725833832046, 798
725932602510, 725932603272, 762
726031605292, 726031606291, 999
726130161545, 726130162496, 951
726229005460, 726229006774, 1314
726328000094, 726328000946, 852
726426856735, 726426857524, 789
726525618900, 726525619686, 786
726624519371, 726624520733, 1362
726723375371, 726723376151, 780
726822279949, 726822280750, 801
726920987954, 726920989223, 1269
727019898047, 727019898848, 801
727118698258, 727118699098, 840
727217573925, 727217574699, 774
727316378015, 727316378795, 780
727415380812, 727415382360, 1548
727514132600, 727514133899, 1299
727612862535, 727612863255, 720
727711622284, 727711623985, 1701
727744510182, 727744511304, 1122
727810559601, 727810560396, 795
727909507389, 727909508370, 981
728008279731, 728008280508, 777
728107145402, 728107146218, 816
728206049617, 728206050649, 1032
728304832106, 728304832961, 855
728403677202, 728403678090, 888
728502346300, 728502347083, 783
728601355680, 728601356712, 1032
728700334712, 728700335915, 1203
728798994688, 728798995627, 939
728897841499, 728897842372, 873
728996743946, 728996744705, 759
729095557027, 729095557753, 726
729194372568, 729194373528, 960
729293083229, 729293084483, 1254
729392047502, 729392048228, 726
729490881560, 729490882802, 1242
729589770959, 729589771985, 1026
729688584595, 729688585327, 732
729787488034, 729787489006, 972
729886294104, 729886294899, 795
729985204936, 729985206355, 1419
730083943602, 730083944439, 837
730182810964, 730182811744, 780
730281628199, 730281628973, 774
730380595944, 730380596577, 633
730479437064, 730479438195, 1131
730578215148, 730578216324, 1176
730677001456, 730677002254, 798
730775884503, 730775885253, 750
730807212159, 730807213758, 1599
730874483706, 730874484711, 1005
730973384251, 730973386078, 1827
731072457277, 731072458243, 966
731171290590, 731171291313, 723
731270085196, 731270086099, 903
731368911841, 731368912690, 849
731467997246, 731467998416, 1170
731566579735, 731566580509, 774
731665566422, 731665567475, 1053
731764458911, 731764460321, 1410
731863108181, 731863108910, 729
731964273402, 731964274302, 900
732060817853, 732060818651, 798
732159698961, 732159699678, 717
732258439212, 732258439998, 786
732357309846, 732357310644, 798
732456141632, 732456142832, 1200
732554984598, 732554985324, 726
732653823332, 732653824640, 1308
732684236670, 732684238131, 1461
732752660560, 732752661307, 747
732851555973, 732851557029, 1056
732950433670, 732950434885, 1215
733049189723, 733049190464, 741
733148071829, 733148072609, 780
733246910489, 733246911218, 729
733345769484, 733345770075, 591
733444542800, 733444543595, 795
733543519285, 733543520491, 1206
733642283395, 733642284787, 1392
733741079115, 733741079919, 804
733840449532, 733840450387, 855
733876362705, 733876363935, 1230
733938780551, 733938781277, 726
734037641216, 734037642002, 786
734136568618, 734136569947, 1329
734188971015, 734188972434, 1419
734235147707, 734235149225, 1518
734289462701, 734289463058, 357
734289482258, 734289482561, 303
734319614242, 734319615328, 1086
734325661722, 734325662148, 426
734330328207, 734330328519, 312
734375042248, 734375043520, 1272
734419128266, 734419131638, 3372
734463431760, 734463433383, 1623
734517914436, 734517915810, 1374
734549879043, 734549880432, 1389
734616447321, 734616448551, 1230
734648268498, 734648269821, 1323
734715223103, 734715224633, 1530
734750924050, 734750925526, 1476
734814455604, 734814457014, 1410
734853758028, 734853759435, 1407
734913536081, 734913537398, 1317
734947639026, 734947640544, 1518
735012045731, 735012048515, 2784
735047055837, 735047057358, 1521
735110964414, 735110966013, 1599
735140790329, 735140791790, 1461
735209790241, 735209791543, 1302
735258190355, 735258191552, 1197
735308561536, 735308562934, 1398
735343287892, 735343289740, 1848
735406937081, 735406938659, 1578
735450169124, 735450170378, 1254
735506295814, 735506297041, 1227
735550229424, 735550230759, 1335
735605121037, 735605122333, 1296
735637644296, 735637645433, 1137
735703778175, 735703780755, 2580
735746844914, 735746846336, 1422
735802801449, 735802802751, 1302
735834441850, 735834443050, 1200
735901637083, 735901638508, 1425
736000143666, 736000144431, 765
736030390443, 736030391733, 1290
736099325600, 736099326941, 1341
736133200761, 736133202006, 1245
736198173301, 736198174873, 1572
736228563891, 736228565115, 1224
736296939916, 736296941248, 1332
736337181311, 736337182382, 1071
736395885443, 736395886961, 1518
736425134370, 736425135705, 1335
736494570794, 736494572426, 1632
736535266247, 736535267717, 1470
736593538213, 736593539914, 1701
736623318740, 736623319943, 1203
736692205020, 736692205803, 783
736725150704, 736725152546, 1842
736791267504, 736791268923, 1419
736825595968, 736825597150, 1182
736890090337, 736890093261, 2924
736988773619, 736988774543, 924
737021120492, 737021121740, 1248
737087779520, 737087780963, 1443
737117944254, 737117945430, 1176
737186591605, 737186592904, 1299
737220747867, 737220749208, 1341
737285222183, 737285223629, 1446
737329242601, 737329244065, 1464
737384298166, 737384299501, 1335
737413484705, 737413486253, 1548
737483144203, 737483145484, 1281
737518478659, 737518479940, 1281
737582115257, 737582117321, 2064
737628456652, 737628458149, 1497
737680829405, 737680830854, 1449
737716791629, 737716793015, 1386
737779848576, 737779849752, 1176
737810530094, 737810532395, 2301
737878510966, 737878512301, 1335
737911058977, 737911060372, 1395
737977148465, 737977149545, 1080
738017069300, 738017070704, 1404
738075961852, 738075963229, 1377
738125988760, 738125990263, 1503
738175053481, 738175054744, 1263
738223134693, 738223136307, 1614
738273849867, 738273851247, 1380
738312394481, 738312396074, 1593
738372636881, 738372638441, 1560
738407800211, 738407801822, 1611
738471632496, 738471634488, 1992
738503118917, 738503120279, 1362
738570395060, 738570396305, 1245
738603281821, 738603283045, 1224
738669231054, 738669232383, 1329
738709763813, 738709765367, 1554
738768086905, 738768088663, 1758
738807436590, 738807437919, 1329
738866673184, 738866675653, 2469
738899340313, 738899342326, 2013
738965773743, 738965774976, 1233
739064014882, 739064016193, 1311
739078346692, 739078348426, 1734
739177578529, 739177579843, 1314
739276193004, 739276193721, 717
739375102028, 739375103036, 1008
739473921133, 739473921946, 813
739572746589, 739572747369, 780
739671667221, 739671668115, 894
739770474574, 739770475612, 1038
739869232095, 739869233670, 1575
739968148159, 739968148954, 795
740000127584, 740000129606, 2022
740066913833, 740066914652, 819
740165612679, 740165613783, 1104
740200148523, 740200149168, 645
740264707410, 740264708556, 1146
740349191016, 740349192036, 1020
740390008753, 740390010055, 1302
740448220896, 740448221709, 813
740501877379, 740501878837, 1458
740547184296, 740547185613, 1317
740577499203, 740577500361, 1158
740646423922, 740646425230, 1308
740685947069, 740685948542, 1473
740744876389, 740744877727, 1338
740789487553, 740789490982, 3429
740843746965, 740843748246, 1281
740897583902, 740897585831, 1929
740942550632, 740942551985, 1353
740982439047, 740982440733, 1686
741041741186, 741041745098, 3912
741091763819, 741091765139, 1320
741140322928, 741140324296, 1368
741172010860, 741172012300, 1440
741239460494, 741239462270, 1776
741289497997, 741289499287, 1290
741337927617, 741337928931, 1314
741382849171, 741382850671, 1500
741436696913, 741436698299, 1386
741469221303, 741469222899, 1596
741535479304, 741535480630, 1326
741567676547, 741567677636, 1089
741634588735, 741634590124, 1389
741669251429, 741669254780, 3351
741733551108, 741733553007, 1899
741765500100, 741765501513, 1413
741832140877, 741832142368, 1491
741864282610, 741864287530, 4920
741930958411, 741930960466, 2055
741959728904, 741959730023, 1119
742029808707, 742029810009, 1302
742061702507, 742061703899, 1392
742128504973, 742128507670, 2697
742171331199, 742171332552, 1353
742227516086, 742227517010, 924
742259964123, 742259965113, 990
742325957671, 742325959156, 1485
742359095272, 742359096583, 1311
742424854208, 742424855459, 1251
742458239531, 742458241781, 2250
742524072786, 742524074352, 1566
742555098294, 742555099725, 1431
742622898732, 742622900136, 1404
742669237565, 742669238990, 1425
742721895051, 742721896833, 1782
742765380963, 742765382592, 1629
742820552556, 742820553864, 1308
742857196246, 742857197734, 1488
742919385040, 742919386360, 1320
742950845051, 742950846575, 1524
743018252587, 743018253850, 1263
743117038905, 743117040414, 1509
743149178283, 743149179783, 1500
743215938655, 743215940038, 1383
743248078538, 743248079624, 1086
743314776448, 743314777969, 1521
743356859213, 743356861175, 1962
743413677458, 743413678823, 1365
743447452585, 743447453911, 1326
743512490273, 743512491896, 1623
743545583748, 743545584813, 1065
743611308707, 743611310285, 1578
743644440781, 743644442395, 1614
743710187952, 743710195236, 7284
743742860009, 743742861209, 1200
743809081765, 743809082980, 1215
743841047797, 743841048958, 1161
743907844748, 743907846302, 1554
743953383542, 743953384994, 1452
744006549582, 744006551235, 1653
744038846049, 744038847189, 1140
744105323964, 744105326181, 2217
744142267613, 744142268792, 1179
744204371538, 744204373095, 1557
744237266037, 744237268311, 2274
744303433166, 744303436058, 2892
744332361794, 744332362871, 1077
744402203946, 744402205401, 1455
744435151069, 744435155200, 4131
744500855503, 744500857093, 1590
744532789365, 744532791699, 2334
744599731134, 744599731848, 714
744634225867, 744634227157, 1290
744698490584, 744698492051, 1467
744734082972, 744734084217, 1245
744797419763, 744797421038, 1275
744829699116, 744829700484, 1368
744896210586, 744896212122, 1536
744927670582, 744927673684, 3102
744995331207, 744995332461, 1254
745026735900, 745026737091, 1191
745093886184, 745093888338, 2154
745127691818, 745127693738, 1920
745192704214, 745192705474, 1260
745234194276, 745234198191, 3915
745291590348, 745291591881, 1533
745322765502, 745322766774, 1272
745390000091, 745390001456, 1365
745436855322, 745436857563, 2241
745489520097, 745489523001, 2904
745518253875, 745518254994, 1119
745588097070, 745588098324, 1254
745621112453, 745621113548, 1095
745686989749, 745686992344, 2595
745718047783, 745718048896, 1113
745785810100, 745785811489, 1389
745820266896, 745820268093, 1197
745885510957, 745885511569, 612
745917164446, 745917165958, 1512
745983465119, 745983466772, 1653
746018382088, 746018383720, 1632
746082490647, 746082492696, 2049
746181154689, 746181157575, 2886
746212848897, 746212850394, 1497
746280374600, 746280376133, 1533
746311403063, 746311404503, 1440
746378909387, 746378910080, 693
746428249435, 746428251232, 1797
746493387556, 746493388663, 1107
746590460343, 746590461582, 1239
746689279643, 746689280822, 1179
746788101549, 746788102803, 1254
746886678765, 746886679563, 798
746985588245, 746985588968, 723
747084399271, 747084400294, 1023
747183153352, 747183154147, 795
747281964678, 747281965659, 981
747380804961, 747380805879, 918
747479598382, 747479599150, 768
747578485655, 747578486999, 1344
747677029961, 747677030756, 795
747775885985, 747775886783, 798
747874708179, 747874709154, 975
747973283644, 747973284826, 1182
748072261051, 748072261792, 741
748171118534, 748171119593, 1059
748269911341, 748269912136, 795
748368723796, 748368724993, 1197
748467413800, 748467414817, 1017
748566012791, 748566013579, 788
748664993957, 748664994683, 726
748763834020, 748763834932, 912
748848281147, 748848282026, 879
748880947610, 748880948747, 1137
748947493031, 748947494534, 1503
748998137260, 748998138817, 1557
749046478433, 749046480001, 1568
749074622545, 749074623559, 1014
749145056322, 749145057828, 1506
749243876741, 749243878811, 2070
749273199276, 749273201085, 1809
749342637002, 749342638352, 1350
749372461381, 749372462590, 1209
749441767885, 749441768764, 879
749471652045, 749471653179, 1134
749540127279, 749540127978, 699
749573979753, 749573980791, 1038
749638755612, 749638756911, 1299
749687257242, 749687258418, 1176
749737824251, 749737825889, 1638
749768346248, 749768347439, 1191
749836891196, 749836892940, 1744
749872278187, 749872279414, 1227
749935600835, 749935602257, 1422
749979289661, 749979290849, 1188
750034284809, 750034286339, 1530
750062983531, 750062985586, 2055
750132969721, 750132971179, 1458
750163282170, 750163283520, 1350
750231779220, 750231780018, 798
750260884801, 750260885977, 1176
750330458821, 750330460201, 1380
750361527900, 750361529478, 1578
750429337808, 750429339104, 1296
750458785843, 750458786860, 1017
750528101693, 750528103193, 1500
750583467910, 750583469107, 1197
750626944438, 750626945671, 1233
750659869502, 750659871131, 1629
750725996515, 750725998163, 1648
750763786744, 750763789222, 2478
750824353065, 750824355081, 2016
750866407454, 750866409224, 1770
750923274046, 750923275471, 1425
750957418509, 750957420408, 1899
751022317790, 751022319941, 2151
751068255211, 751068256468, 1257
751121082498, 751121083932, 1434
751156013488, 751156014838, 1350
751219689477, 751219691526, 2049
751256623107, 751256625540, 2433
751318496255, 751318497512, 1257
751357770232, 751357771612, 1380
751417267779, 751417269225, 1446
751447534872, 751447537149, 2277
751515874734, 751515875682, 948
751550171294, 751550173493, 2199
751615116855, 751615118586, 1731
751660487980, 751660489201, 1221
751713297767, 751713298466, 699
751745400868, 751745402377, 1509
751811904426, 751811905911, 1485
751857219650, 751857221087, 1437
751910668178, 751910669558, 1380
751940909841, 751940910921, 1080
752009968708, 752009969425, 717
752062187235, 752062188384, 1149
752108143823, 752108144297, 474
752155396315, 752155397812, 1497
752207300219, 752207301098, 879
752306088236, 752306090117, 1881
752357291604, 752357293464, 1860
752404674671, 752404675826, 1155
752437616693, 752437618184, 1491
752503730953, 752503731739, 786
752543392677, 752543394966, 2289
752616667770, 752616668406, 636
752715685136, 752715686237, 1101
752814056507, 752814057344, 837
752913134874, 752913135576, 702
753011827341, 753011828292, 951
753110627822, 753110628617, 795
753209477854, 753209478574, 720
753308251033, 753308251795, 762
753406966895, 753406967690, 795
753505780936, 753505781662, 726
753604608905, 753604609916, 1011
753703227485, 753703228817, 1332
753802198728, 753802199514, 786
753901011393, 753901012527, 1134
753999749584, 753999750511, 927
754098506651, 754098507467, 816
754197411837, 754197412623, 786
754296169415, 754296170219, 804
754395045412, 754395046318, 906
754493754779, 754493755574, 795
754592524230, 754592525025, 795
754691320664, 754691321480, 816
754790136069, 754790137731, 1662
754888928662, 754888929379, 717
754987743799, 754987745443, 1644
755086522694, 755086523594, 900
755185452414, 755185454316, 1902
755284225255, 755284226248, 993
755315948347, 755315949472, 1125
755383256675, 755383257365, 690
755481468867, 755481471183, 2316
755580470431, 755580471268, 837
755679256272, 755679257160, 888
755778047688, 755778048486, 798
755877063901, 755877067678, 3777
755975619524, 755975620304, 780
756074422693, 756074423899, 1206
756173174295, 756173175117, 822
756272003559, 756272004285, 726
756370852071, 756370853169, 1098
756469616623, 756469618045, 1422
756568375238, 756568376042, 804
756667183447, 756667185364, 1917
756765967971, 756765968808, 837
756864756716, 756864758198, 1482
756963516849, 756963517578, 729
757062339650, 757062341345, 1695
757161007421, 757161009173, 1752
757259962325, 757259963927, 1602
757358809520, 757358810705, 1185
757400059289, 757400061425, 2136
757457276926, 757457277502, 576
757556269193, 757556270129, 936
757655071145, 757655071949, 804
757753866048, 757753867365, 1317
757852918532, 757852919840, 1308
757951454357, 757951455449, 1092
758050223272, 758050224067, 795
758163370386, 758163371064, 678
758247874160, 758247874820, 660
758346612077, 758346613601, 1524
758445441717, 758445442737, 1020
758544434062, 758544435061, 999
758642990005, 758642990746, 741
758741794841, 758741795579, 738
758840537868, 758840538615, 747
758939278586, 758939280161, 1575
758985468690, 758985469785, 1095
759038348512, 759038349571, 1059
759137047284, 759137048112, 828
759235882901, 759235885478, 2577
759334569493, 759334570327, 834
759433316181, 759433317096, 915
759532114569, 759532115316, 747
759630939704, 759630940691, 987
759729792774, 759729794178, 1404
759828519742, 759828520531, 789
759927321240, 759927322227, 987
760026107981, 760026108923, 942
760124870508, 760124871327, 819
760223691550, 760223692273, 723
760322492593, 760322493415, 822
760421273789, 760421274791, 1002
760520248988, 760520250380, 1392
760618906308, 760618907142, 834
760717453904, 760717455152, 1248
760816451822, 760816452776, 954
760915244509, 760915245307, 798
761014031451, 761014032633, 1182
761112795691, 761112796477, 786
761211560266, 761211561055, 789
761310400449, 761310401310, 861
761409126682, 761409127222, 540
761507945398, 761507946499, 1101
761606755731, 761606756454, 723
761705566298, 761705567372, 1074
761804335476, 761804336196, 720
761903159135, 761903160029, 894
762001949123, 762001950050, 927
762100706394, 762100707216, 822
762199474857, 762199476084, 1227
762298395214, 762298396036, 822
762397117195, 762397117984, 789
762495920371, 762495921319, 948
762594507603, 762594509796, 2193
762693396743, 762693397742, 999
762792275894, 762792276884, 990
762891044607, 762891045372, 765
762989708113, 762989708869, 756
763088809501, 763088810731, 1230
763187431504, 763187432308, 804
763287022740, 763287025455, 2715
763385031505, 763385032228, 723
763483840329, 763483841109, 780
763582614586, 763582615312, 726
763681371227, 763681372847, 1620
763780103767, 763780105270, 1503
763878786474, 763878787758, 1284
763977721990, 763977722818, 828
764076549497, 764076550226, 729
764175369589, 764175370426, 837
764274132959, 764274133967, 1008
764373180318, 764373181875, 1557
764471645394, 764471646183, 789
764570485775, 764570486591, 816
764669302763, 764669303516, 753
764768112482, 764768113244, 762
764866898266, 764866899046, 780
764965680286, 764965681084, 798
765064525206, 765064526514, 1308
765163382157, 765163383090, 933
765261888560, 765261890066, 1506
765360830047, 765360830833, 786
765459664651, 765459665431, 780
765558455191, 765558455974, 783
765657255487, 765657256558, 1071
765756013949, 765756014672, 723
765854807010, 765854807952, 942
765953621320, 765953622049, 729
766052382501, 766052383401, 900
766151117242, 766151118037, 795
766249969815, 766249970697, 882
766348766348, 766348767242, 894
766447552454, 766447553390, 936
766546333514, 766546334240, 726
766645305598, 766645307755, 2157
766743899417, 766743900275, 858
766842560863, 766842562243, 1380
766941541103, 766941541826, 723
767040338550, 767040339522, 972
767139227767, 767139228694, 927
767238015829, 767238016801, 972
767336711929, 767336712733, 804
767435577926, 767435579237, 1311
767534357713, 767534358637, 924
767567935433, 767567937263, 1830
767633089446, 767633090556, 1110
767732291870, 767732295314, 3444
767830623476, 767830624481, 1005
767859459884, 767859461087, 1203
767929450848, 767929451985, 1137
768028287195, 768028288281, 1086
768126863055, 768126863616, 561
768225799606, 768225800515, 909
768324446017, 768324446770, 753
768423386372, 768423387326, 954
768521976922, 768521977993, 1071
768620987516, 768620988257, 741
768719755814, 768719756579, 765
768818547206, 768818548679, 1473
768917375702, 768917376485, 783
769016130650, 769016131376, 726
769119970175, 769119971261, 1086
769213703787, 769213705245, 1458
769312725355, 769312726693, 1338
769411241782, 769411242595, 813
769510019035, 769510019806, 771
769608942413, 769608943142, 729
769707743844, 769707744615, 771
769806506126, 769806507170, 1044
769905283672, 769905284395, 723
770003907139, 770003908822, 1683
770102893387, 770102894365, 978
770201687912, 770201689334, 1422
770300535337, 770300536702, 1365
770399207422, 770399208376, 954
770498127807, 770498129358, 1551
770596934919, 770596935732, 813
770638126106, 770638127849, 1743
770695619213, 770695620341, 1128
770794411974, 770794412697, 723
770893345848, 770893346835, 987
770992002572, 770992003469, 897
771090721404, 771090722469, 1065
771189579411, 771189580497, 1086
771288391557, 771288392352, 795
771386957006, 771386958152, 1146
771485903603, 771485904554, 951
771584794727, 771584795675, 948
771683525119, 771683525842, 723
771782314537, 771782315308, 771
771881198769, 771881199846, 1077
771979916038, 771979916836, 798
772078689491, 772078690562, 1071
772177303260, 772177303818, 558
772276258594, 772276259320, 726
772374890042, 772374890642, 600
772473865687, 772473866467, 780
772572686472, 772572687459, 987
772671479597, 772671481706, 2109
772770074118, 772770075492, 1374
772868995534, 772868996557, 1023
772967789548, 772967790298, 750
773066692755, 773066693580, 825
773165418621, 773165419413, 792
773264204794, 773264205634, 840
773363029585, 773363030656, 1071
773461802332, 773461803058, 726
773560618348, 773560619185, 837
773659154936, 773659156331, 1395
773694005190, 773694006714, 1524
773758170619, 773758171357, 738
773856994687, 773856995518, 831
773955688385, 773955689372, 987
774054547373, 774054548162, 789
774153126544, 774153128617, 2073
774252134296, 774252136339, 2043
774350876638, 774350877421, 783
774449699190, 774449699973, 783
774548631211, 774548632315, 1104
774647278511, 774647279237, 726
774746286409, 774746288461, 2052
774844826349, 774844827573, 1224
774943843538, 774943844978, 1440
775042462508, 775042463345, 837
775141224364, 775141225147, 783
775240074801, 775240075686, 885
775338867368, 775338868724, 1356
775437453676, 775437455359, 1683
775536422771, 775536423497, 726
775636102247, 775636103258, 1011
775733966230, 775733967037, 807
775832890076, 775832890886, 810
775931552442, 775931554419, 1977
776030372891, 776030373662, 771
776132630307, 776132631933, 1626
776227725491, 776227726298, 807
776326706662, 776326707658, 996
776425524713, 776425525439, 726
776524297974, 776524298724, 750
776634047152, 776634049273, 2121
776721884953, 776721885958, 1005
776749327089, 776749328226, 1137
776820676017, 776820676800, 783
776919306387, 776919307683, 1296
777018284540, 777018285320, 780
777117089001, 777117089787, 786
777215852844, 777215853597, 753
777314637669, 777314638389, 720
777413432953, 777413433979, 1026
777512274361, 777512275159, 798
777611147848, 777611149068, 1220
777709850255, 777709851176, 921
777808584169, 777808585180, 1011
777907499539, 777907500301, 762
778006194402, 778006196322, 1920
778105124674, 778105125478, 804
778203844438, 778203845242, 804
778302418429, 778302419920, 1491
778387062136, 778387063618, 1482
778431581848, 778431583273, 1425
778486018250, 778486019048, 798
778516601242, 778516602427, 1185
778584861938, 778584863189, 1251
778625690042, 778625691728, 1686
778683834851, 778683836873, 2022
778712201764, 778712203288, 1524
778782617679, 778782619170, 1491
778822759966, 778822761178, 1212
778881599400, 778881601359, 1959
778922403785, 778922405411, 1626
778980213265, 778980214570, 1305
779008030846, 779008032337, 1491
779079191125, 779079192556, 1431
779114888908, 779114890189, 1281
779178080378, 779178081737, 1359
779216202486, 779216203635, 1149
779276804242, 779276805544, 1302
779316214617, 779316216648, 2031
779375383806, 779375384937, 1131
779416665132, 779416666497, 1365
779474154174, 779474155662, 1488
779509221849, 779509223370, 1521
779572692830, 779572718999, 26169
779617772515, 779617773805, 1290
779672209440, 779672210691, 1251
779705176296, 779705178369, 2073
779770703636, 779770705188, 1552
779814169841, 779814171986, 2145
779869659025, 779869660765, 1740
779904904029, 779904905325, 1296
779967847728, 779967849327, 1599
779998451500, 779998452862, 1362
780067091353, 780067092748, 1395
780096054611, 780096056024, 1413
780165701476, 780165702796, 1320
780194747933, 780194749688, 1755
780264461183, 780264462734, 1551
780292865788, 780292867006, 1218
780363284595, 780363285948, 1353
780392853259, 780392854720, 1461
780462117097, 780462118537, 1440
780501956484, 780501957759, 1275
780560886417, 780560887677, 1260
780590486604, 780590488761, 2157
780659656331, 780659657639, 1308
780688411060, 780688412161, 1101
780758638820, 780758640275, 1455
780790784494, 780790786411, 1917
780856874189, 780856875209, 1020
780885866857, 780885868039, 1182
780955902753, 780955904034, 1281
780986868228, 780986869596, 1368
781054857221, 781054858640, 1419
781093412052, 781093413249, 1197
781153574685, 781153575240, 555
781185216556, 781185220285, 3729
781252513991, 781252516731, 2740
781283070388, 781283071417, 1029
781351236881, 781351238192, 1311
781382743505, 781382745704, 2199
781449987914, 781449989300, 1386
781478797871, 781478799011, 1140
781548744777, 781548746220, 1443
781578389996, 781578391478, 1482
781647820671, 781647821940, 1269
781677752811, 781677754599, 1788
781746731534, 781746733196, 1662
781776949992, 781776951228, 1236
781845077902, 781845078889, 987
781881651685, 781881652972, 1287
781943951289, 781943952591, 1302
781975676257, 781975677649, 1392
782042734031, 782042735579, 1548
782084179798, 782084181082, 1284
782141528200, 782141529463, 1263
782171504294, 782171505716, 1422
782240110226, 782240111123, 897
782268610477, 782268611590, 1113
782339168495, 782339169824, 1329
782385405465, 782385406986, 1521
782437897792, 782437899082, 1290
782477980156, 782477981302, 1146
782536698810, 782536700196, 1386
782565822418, 782565823732, 1314
782635412218, 782635413427, 1209
782668917804, 782668919166, 1362
782734317223, 782734318609, 1386
782772936455, 782772937730, 1275
782833088431, 782833089808, 1377
782878643115, 782878644849, 1734
782931866615, 782931867956, 1341
782964637181, 782964638387, 1206
783030650228, 783030651560, 1332
783060041810, 783060043172, 1362
783129451559, 783129452822, 1263
783160410902, 783160412057, 1155
783228150763, 783228152044, 1281
783257276578, 783257278690, 2112
783327031689, 783327033402, 1713
783356661013, 783356662234, 1221
783425823803, 783425825171, 1368
783456610069, 783456611476, 1407
783524575361, 783524576231, 870
783560266831, 783560268106, 1275
783623442099, 783623444178, 2079
783655115752, 783655117078, 1326
783722338205, 783722339489, 1284
783765519277, 783765520795, 1518
783821085071, 783821086478, 1407
783849776587, 783849777943, 1356
783919777785, 783919779114, 1329
783953877432, 783953878551, 1119
784018553775, 784018555155, 1380
784049025634, 784049027065, 1431
784117351889, 784117353537, 1648
784147951330, 784147952737, 1407
784216157742, 784216158912, 1170
784257522430, 784257523831, 1401
784314549593, 784314550871, 1278
784356621357, 784356622680, 1323
784413384301, 784413385594, 1293
784511923874, 784511924549, 675
784513574387, 784513574912, 525
784513594910, 784513595387, 477
784559977772, 784559979155, 1383
784611100611, 784611101397, 786
784640265992, 784640267396, 1404
784709752684, 784709754238, 1554
784741571751, 784741573248, 1497
784808893492, 784808894536, 1044
784839409667, 784839410921, 1254
784907486806, 784907488894, 2088
784957675310, 784957677677, 2367
785005899437, 785005900004, 567
785034994036, 785034995719, 1683
785105017652, 785105018892, 1240
785145616444, 785145617926, 1482
785203780869, 785203783044, 2175
785250814817, 785250816998, 2181
785302517372, 785302518917, 1545
785352412908, 785352414330, 1422
785401382040, 785401383066, 1026
785454233033, 785454234572, 1539
785500155544, 785500157857, 2313
785539560731, 785539562492, 1761
785613987851, 785613989297, 1446
785697409051, 785697410092, 1041
785712526220, 785712528791, 2571
785796446193, 785796448617, 2424
785810768957, 785810769728, 771
785853411839, 785853412925, 1086
785909757106, 785909758654, 1548
785938268153, 785938269407, 1254
786008320895, 786008322050, 1155
786106923259, 786106924804, 1545
786205921553, 786205922333, 780
786290436914, 786290437925, 1011
786319769857, 786319770970, 1113
786389587165, 786389588131, 966
786420875332, 786420876739, 1407
786488366266, 786488367664, 1398
786520839718, 786520842541, 2823
786586941900, 786586943340, 1440
786615294367, 786615295699, 1332
786685845965, 786685847366, 1401
786723352321, 786723353971, 1650
786784560067, 786784561267, 1200
786813868632, 786813869790, 1158
786883564340, 786883565642, 1302
786920169763, 786920172154, 2391
786982341495, 786982343142, 1647
787018631987, 787018633958, 1971
787081183709, 787081185002, 1293
787121054866, 787121056516, 1650
787179938566, 787179940120, 1554
787217054392, 787217055883, 1491
787278666289, 787278667534, 1245
787307782621, 787307783980, 1359
787377523975, 787377525307, 1332
787411717373, 787411719296, 1923
787476352154, 787476352874, 720
787505576752, 787505578723, 1971
787575086390, 787575087689, 1299
787620216454, 787620217855, 1401
787673884150, 787673885653, 1503
787704473487, 787704474831, 1344
787772663253, 787772664669, 1416
787805394681, 787805396391, 1710
787871336219, 787871338154, 1935
787916190306, 787916192295, 1989
787969915603, 787969917370, 1767
787999273672, 787999274887, 1215
788069110047, 788069112027, 1980
788112096762, 788112097986, 1224
788167955541, 788167956768, 1227
788202645333, 788202646464, 1131
788266602828, 788266604055, 1227
788303260161, 788303262777, 2616
788365096646, 788365097762, 1116
788405666266, 788405667661, 1395
788464139191, 788464141210, 2019
788512226767, 788512229464, 2697
788562501553, 788562503014, 1461
788604014845, 788604016309, 1464
788661481452, 788661483078, 1626
788694469363, 788694471229, 1866
788760435085, 788760436279, 1194
788792275794, 788792276997, 1203
788859245360, 788859246872, 1512
788888239449, 788888240856, 1407
788957871525, 788957872880, 1355
789056976568, 789056978062, 1494
789086738675, 789086740847, 2172
789155777010, 789155779794, 2784
789186168335, 789186169544, 1209
789254269375, 789254270410, 1035
789305361147, 789305362527, 1380
789352662856, 789352663336, 480
789381888354, 789381889596, 1242
789452139908, 789452142521, 2613
789499821344, 789499822511, 1167
789550918051, 789550919416, 1365
789589836692, 789589837871, 1179
789649726549, 789649728067, 1518
789690322513, 789690323716, 1203
789748509207, 789748510599, 1392
789781679504, 789781681073, 1569
789847344306, 789847345875, 1569
789876525668, 789876527606, 1938
789946109317, 789946110694, 1377
789979930525, 789979931794, 1269
790044871609, 790044873301, 1692
790075465376, 790075466663, 1287
790143733519, 790143735087, 1568
790185038125, 790185039433, 1308
790242254489, 790242256295, 1806
790273230263, 790273231463, 1200
790341229617, 790341230952, 1335
790381774068, 790381775349, 1281
790440036363, 790440037986, 1623
790478063313, 790478064615, 1302
790538825194, 790538826574, 1380
790578253019, 790578254267, 1248
790637605984, 790637607538, 1554
790668504098, 790668505274, 1176
790736296474, 790736297674, 1200
790771195862, 790771198751, 2889
790835202366, 790835203935, 1569
790865820150, 790865821470, 1320
790933984469, 790933985723, 1254
790962361228, 790962362338, 1110
791032796160, 791032797975, 1815
791065372674, 791065374726, 2052
791131567423, 791131568686, 1263
791160071674, 791160072919, 1245
791229950466, 791229951927, 1461
791266769231, 791266771052, 1821
791328939577, 791328940420, 843
791358339667, 791358340804, 1137
791427947288, 791427948602, 1314
791482839410, 791482840787, 1377
791526733113, 791526734889, 1776
791557254093, 791557255287, 1194
791625276963, 791625278093, 1130
791661105402, 791661106848, 1446
791724311732, 791724313157, 1425
791752953262, 791752954369, 1107
791823124025, 791823125318, 1293
791854654335, 791854656231, 1896
791922006744, 791922011037, 4293
791950990160, 791950991363, 1203
792020728556, 792020729636, 1080
792066153032, 792066154475, 1443
792119482706, 792119484167, 1461
792148699816, 792148700950, 1134
792218371746, 792218373438, 1692
792246498006, 792246499566, 1560
792316698325, 792316700128, 1803
792346557069, 792346558101, 1032
792415852544, 792415854092, 1548
792446801586, 792446802801, 1215
792514530730, 792514532248, 1518
792545949139, 792545950285, 1146
792613438173, 792613440081, 1908
792642184443, 792642185571, 1128
792711950791, 792711952587, 1796
792744632628, 792744633885, 1257
792810715532, 792810717056, 1524
792854201822, 792854203103, 1281
792909836704, 792909838300, 1596
792938530616, 792938531831, 1215
793008443658, 793008445707, 2049
793052500016, 793052501600, 1584
793107469220, 793107470738, 1518
793143400278, 793143401391, 1113
793206205825, 793206207238, 1413
793245316316, 793245317591, 1275
793305009412, 793305012361, 2949
793337504348, 793337505593, 1245
793403780157, 793403781459, 1302
793444822254, 793444823289, 1035
793502587986, 793502589660, 1674
793532553252, 793532554251, 999
793601372616, 793601373924, 1308
793634289272, 793634290934, 1662
793700170010, 793700171651, 1641
793739180263, 793739181511, 1248
793798978975, 793798980301, 1326
793829437043, 793829438138, 1095
793897750462, 793897751872, 1410
793930253230, 793930254790, 1560
793996542296, 793996544132, 1836
794025739335, 794025740535, 1200
794095366663, 794095368280, 1617
794134277186, 794134279055, 1869
794194172422, 794194173715, 1293
794226981396, 794226982545, 1149
794292872328, 794292873930, 1602
794321341531, 794321343409, 1878
794391714036, 794391715320, 1284
794425706322, 794425707591, 1269
794490454333, 794490455887, 1554
794519350213, 794519351362, 1149
794589299166, 794589300444, 1278
794629380305, 794629381562, 1257
794688100905, 794688102255, 1350
794716724125, 794716725499, 1374
794786876925, 794786878341, 1416
794817295302, 794817296787, 1485
794885446006, 794885447230, 1224
794915225614, 794915227036, 1422
794984253513, 794984254707, 1194
795020050922, 795020052023, 1101
795083258282, 795083259665, 1383
795124616658, 795124617840, 1182
795182055029, 795182056712, 1683
795224402417, 795224403986, 1569
795280720593, 795280721931, 1338
795319842191, 795319844255, 2064
795379673172, 795379674870, 1698
795412223749, 795412224799, 1050
795478432856, 795478435076, 2220
795509459335, 795509460547, 1212
795577221069, 795577222605, 1536
795620822636, 795620824019, 1383
795675754769, 795675755636, 867
795704008399, 795704009596, 1197
795774814768, 795774816190, 1422
795803353497, 795803354745, 1248
795873370772, 795873374354, 3582
795920066271, 795920067954, 1683
795972387186, 795972388674, 1488
796001278797, 796001279901, 1104
796071197596, 796071198955, 1359
796100848377, 796100850054, 1677
796170004539, 796170006156, 1617
796203407469, 796203409299, 1830
796268475623, 796268476697, 1074
796300459546, 796300460755, 1209
796367379873, 796367382495, 2622
796399678843, 796399680052, 1209
796466276413, 796466277682, 1269
796503661101, 796503662529, 1428
796565147764, 796565149198, 1434
796596714209, 796596716021, 1812
796663583923, 796663585411, 1488
796708302142, 796708303384, 1242
796762689082, 796762690516, 1434
796792510295, 796792511702, 1407
796861488003, 796861489239, 1236
796890907682, 796890908744, 1062
796960603466, 796960606373, 2907
796999680475, 796999681726, 1251
797059061123, 797059062422, 1299
797098021445, 797098022942, 1497
797157855787, 797157857611, 1824
797190218483, 797190219602, 1119
797256656360, 797256657623, 1263
797290401865, 797290404463, 2598
797355422066, 797355425798, 3732
797402126301, 797402127849, 1548
797454207444, 797454208758, 1314
797489598719, 797489599835, 1116
797553043139, 797553044717, 1578
797595554095, 797595556660, 2565
797651490923, 797651493614, 2691
797680062032, 797680063298, 1266
797750613007, 797750614423, 1416
797796511426, 797796512749, 1323
797849418695, 797849419982, 1287
797880098054, 797880100505, 2451
797948228022, 797948229501, 1479
797977481240, 797977482470, 1230
798047010900, 798047012205, 1305
798076771004, 798076772567, 1563
798145933099, 798145934962, 1863
798244332574, 798244333717, 1143
798292750429, 798292751866, 1437
798343396680, 798343398330, 1650
798383440121, 798383441693, 1572
798441809961, 798441811196, 1235
798477283718, 798477285296, 1578
798540696448, 798540697099, 651
798580688988, 798580690200, 1212
798639756164, 798639757484, 1320
798680808321, 798680809728, 1407
798738639613, 798738641641, 2028
798787724418, 798787725789, 1371
798837347074, 798837348367, 1293
798870521240, 798870522671, 1431
798936126867, 798936128211, 1344
798972526819, 798972529081, 2262
799034919711, 799034920974, 1263
799063296811, 799063298188, 1377
799133731553, 799133733107, 1554
799163088340, 799163089336, 996
799232596091, 799232599037, 2946
799261611254, 799261613003, 1749
799331082105, 799331083431, 1326
799363663128, 799363664361, 1233
799430110206, 799430110908, 702
799461896782, 799461898180, 1398
799528881113, 799528883183, 2070
799573171070, 799573172267, 1197
799627729904, 799627731212, 1308
799662094170, 799662096549, 2379
799726475291, 799726476602, 1311
799755544303, 799755545641, 1338
799824997381, 799824998683, 1302
799856857083, 799856858628, 1545
799923969267, 799923970626, 1359
799956291813, 799956293094, 1281
800022823180, 800022824422, 1242
800051379608, 800051381045, 1437
800121456691, 800121457969, 1278
800165529263, 800165530784, 1521
800220352608, 800220353412, 804
800248630170, 800248632099, 1929
800319039916, 800319041560, 1644
800367061931, 800367063167, 1236
800418117767, 800418119360, 1593
800452246339, 800452248154, 1815
800516824538, 800516825912, 1374
800559026834, 800559028073, 1239
800615743879, 800615748343, 4464
800647146965, 800647148399, 1434
800714379507, 800714381466, 1959
800743442124, 800743443798, 1674
800813082510, 800813083947, 1437
800853053914, 800853055270, 1356
800911981167, 800911982607, 1440
800949292650, 800949294042, 1392
801010766626, 801010768075, 1449
801040015267, 801040016707, 1440
801109558427, 801109559702, 1275
801142394680, 801142395889, 1209
801208336244, 801208338437, 2193
801260347108, 801260348422, 1314
801307138503, 801307139745, 1242
801343340708, 801343342667, 1959
801405605276, 801405606392, 1116
801504726677, 801504727931, 1254
801540906551, 801540907877, 1326
801603530951, 801603532292, 1341
801632923970, 801632925557, 1587
801702033839, 801702035219, 1380
801744130584, 801744131943, 1359
801801117145, 801801118459, 1314
801830177559, 801830179056, 1497
801900055905, 801900057759, 1854
801937773762, 801937774980, 1218
801998790829, 801998792929, 2100
802042013536, 802042014982, 1446
802097483772, 802097485356, 1584
802135367947, 802135369114, 1167
802196342364, 802196343852, 1488
802233019377, 802233020877, 1500
802295138752, 802295140432, 1680
802331029985, 802331031467, 1482
802393861414, 802393863628, 2214
802428826357, 802428827815, 1458
802492653599, 802492655591, 1992
802540205076, 802540208418, 3342
802591459911, 802591461297, 1386
802627297059, 802627298607, 1548
802689898416, 802689899546, 1130
802729961790, 802729963242, 1452
802788992775, 802788994332, 1557
802824512916, 802824514155, 1239
802887819045, 802887820506, 1461
802923474215, 802923475925, 1710
802986622410, 802986624276, 1866
803027460920, 803027463086, 2166
803085415776, 803085417596, 1820
803125904748, 803125906323, 1575
803184237559, 803184239275, 1716
803213697184, 803213698597, 1413
803283020699, 803283022202, 1503
803311262925, 803311264572, 1647
803381788947, 803381790228, 1281
803414064974, 803414066207, 1233
803480537214, 803480538573, 1359
803512970109, 803512971429, 1320
803579385323, 803579386664, 1341
803614451715, 803614453194, 1479
803678173023, 803678174385, 1362
803722540511, 803722542286, 1775
803776947757, 803776949191, 1434
803811817875, 803811819246, 1371
803876076175, 803876077435, 1260
803911663520, 803911665053, 1533
803974434207, 803974435482, 1275
804009207916, 804009209335, 1419
804073344388, 804073345564, 1176
804109989570, 804109990857, 1287
804172028389, 804172029790, 1401
804218666197, 804218667616, 1419
804270975451, 804270976849, 1398
804322288032, 804322289538, 1506
804369741026, 804369743039, 2013
804398592706, 804398594023, 1317
804468593404, 804468596911, 3507
804524214691, 804524218654, 3963
804567301448, 804567303980, 2532
804597032440, 804597033721, 1281
804666106953, 804666108327, 1374
804697803113, 804697804460, 1347
804764889039, 804764891271, 2232
804800828229, 804800830068, 1839
804863664071, 804863665712, 1641
804902560257, 804902561616, 1359
804962493234, 804962494521, 1287
805003211211, 805003212675, 1464
805061251494, 805061252769, 1275
805101444900, 805101447420, 2520
805160041418, 805160042858, 1440
805197173344, 805197175705, 2361
805258612648, 805258613611, 963
805289571695, 805289573129, 1434
805357439337, 805357440375, 1038
805402909717, 805402911061, 1344
805456405090, 805456406497, 1407
805486118068, 805486119127, 1059
805555120261, 805555122673, 2412
805595946464, 805595947823, 1359
805654000417, 805654001746, 1329
805685279154, 805685280963, 1809
805752780035, 805752782171, 2136
805799734001, 805799735465, 1464
805851160416, 805851161133, 717
805881644947, 805881646354, 1407
805950371261, 805950372545, 1284
805978907339, 805978908596, 1257
806049138359, 806049139688, 1329
806086661432, 806086662974, 1542
806147940410, 806147941709, 1299
806177909177, 806177910308, 1131
806246519367, 806246520738, 1371
806303052159, 806303054583, 2424
806344873944, 806344874637, 693
806387813245, 806387814646, 1401
806444348872, 806444350321, 1449
806487249180, 806487250896, 1716
806543096614, 806543097892, 1278
806575675234, 806575676905, 1671
806641899038, 806641901171, 2133
806674865332, 806674867396, 2064
806740703554, 806740704883, 1329
806771465130, 806771466516, 1386
806839499024, 806839500437, 1413
806873277494, 806873278901, 1407
806937974421, 806937975942, 1521
806979829503, 806979830904, 1401
807037092528, 807037094013, 1485
807075341396, 807075342776, 1380
807135623376, 807135624588, 1212
807178204503, 807178205841, 1338
807234907223, 807234908630, 1407
807267418234, 807267419353, 1119
807333527276, 807333529166, 1890
807432300424, 807432301723, 1299
807462582099, 807462583563, 1464
807531093137, 807531094376, 1239
807564176433, 807564177603, 1170
807629847796, 807629849038, 1242
807662275928, 807662277458, 1530
807728644577, 807728645930, 1353
807762289356, 807762291918, 2562
807827551260, 807827552841, 1581
807866144205, 807866145552, 1347
807926122300, 807926123020, 720
807955294793, 807955296335, 1542
808024985198, 808024986482, 1284
808061045304, 808061046258, 954
808123442819, 808123444268, 1449
808158403342, 808158404785, 1443
808222310381, 808222312028, 1647
808267126346, 808267127732, 1386
808321124734, 808321126180, 1446
808353200945, 808353202124, 1179
808420162797, 808420164243, 1446
808456612635, 808456613865, 1230
808518972019, 808518973648, 1629
808546677340, 808546678642, 1302
808617750286, 808617751798, 1512
808649927610, 808649929023, 1413
808716550865, 808716552203, 1338
808744745530, 808744747087, 1557
808814880744, 808814882004, 1260
808858266943, 808858268365, 1422
808914190071, 808914191400, 1329
808943212923, 808943214297, 1374
809012938253, 809012939561, 1308
809041951887, 809041953030, 1143
809111713197, 809111714517, 1320
809145470296, 809145472588, 2292
809210530989, 809210532276, 1287
809238469595, 809238470687, 1092
809309264713, 809309265982, 1269
809352330062, 809352331691, 1629
809408093150, 809408094464, 1314
809445878166, 809445879600, 1434
809506847957, 809506849328, 1371
809545221072, 809545222416, 1344
809605655486, 809605656878, 1392
809653073300, 809653074545, 1245
809704165857, 809704166601, 744
809751769140, 809751771384, 2244
809817127360, 809817128035, 675
809916020089, 809916020809, 720
810014538038, 810014539106, 1068
810113650900, 810113652100, 1200
810212337358, 810212339125, 1767
810311151171, 810311151969, 798
810409902234, 810409903308, 1074
810508717669, 810508718455, 786
810607500300, 810607500981, 681
810706306243, 810706307641, 1398
810805117786, 810805118584, 798
810903888586, 810903889855, 1269
811002704937, 811002705777, 840
811101487342, 811101488125, 783
811200350794, 811200352564, 1770
811299049681, 811299050545, 864
811397757370, 811397760283, 2913
811496666918, 811496667818, 900
811595284739, 811595286380, 1641
811694247701, 811694248481, 780
811793035372, 811793036164, 792
811891877023, 811891878253, 1230
811990702327, 811990703050, 723
812089424161, 812089424950, 789
812188200109, 812188201096, 987
812286972352, 812286973078, 726
812385810541, 812385811285, 744
812484543173, 812484543992, 819
812583372514, 812583373574, 1060
812681950774, 812681952604, 1830
812780966460, 812780968035, 1575
812879697794, 812879698754, 960
812981342660, 812981344190, 1530
813077325957, 813077326680, 723
813176125606, 813176126335, 729
813274915047, 813274915878, 831
813373675807, 813373676761, 954
813472501768, 813472502608, 840
813571101999, 813571103706, 1707
813670186494, 813670187313, 819
813768849359, 813768850355, 996
813867651058, 813867652027, 969
813966435769, 813966436774, 1005
814065219358, 814065220150, 792
814164026675, 814164027779, 1104
814262647450, 814262648029, 579
814361624103, 814361625123, 1020
814460411135, 814460411933, 798
814559181051, 814559181888, 837
814658002065, 814658002962, 897
814758079981, 814758081994, 2013
814855561521, 814855562544, 1023
814954383710, 814954384583, 873
815053163503, 815053164325, 822
815151948887, 815151949868, 981
815250923477, 815250925622, 2145
815349749113, 815349750805, 1692
815448354918, 815448355710, 792
815546953023, 815546954871, 1848
815645814189, 815645815050, 861
815744747930, 815744749190, 1260
815843442754, 815843443669, 915
815942266499, 815942268029, 1530
816041456247, 816041458503, 2256
816140041183, 816140042335, 1152
816238647745, 816238648561, 816
816337416607, 816337417516, 909
816436238272, 816436239439, 1167
816535034446, 816535035247, 801
816561389861, 816561391202, 1341
816633785516, 816633786320, 804
816732657295, 816732658084, 789
816831361153, 816831362344, 1191
816930210694, 816930211555, 861
817028824875, 817028825457, 582
817127832052, 817127832994, 942
817226617931, 817226619080, 1149
817325377782, 817325378499, 717
817424167368, 817424168394, 1026
817522742027, 817522743257, 1230
817621726352, 817621727192, 840
817720531704, 817720532499, 795
817819333358, 817819334084, 726
817919057972, 817919059910, 1938
818016928798, 818016929554, 756
818115859928, 818115860660, 732
818214475683, 818214476691, 1008
818313262008, 818313262803, 795
818412082762, 818412083542, 780
818510838569, 818510839364, 795
818609681807, 818609682776, 969
818708469016, 818708469742, 726
818807258563, 818807259361, 798
818905997037, 818905997763, 726
819004805502, 819004806915, 1413
819103592212, 819103592941, 729
819202424664, 819202425729, 1065
819308579928, 819308581932, 2004
819399807806, 819399809135, 1329
819498778968, 819498779712, 744
819597556117, 819597557068, 951
819696318221, 819696319049, 828
819795223786, 819795224788, 1002
819893957416, 819893958199, 783
819992806363, 819992807668, 1305
820091549676, 820091550444, 768
820190296487, 820190297249, 762
820289187663, 820289188605, 942
820387923518, 820387924376, 858
820486807650, 820486808973, 1323
820585588004, 820585589981, 1977
820684268001, 820684268730, 729
820783126607, 820783127324, 717
820882009295, 820882011266, 1971
820981527667, 820981529848, 2181
821079467689, 821079468571, 882
821178334184, 821178335033, 849
821277117897, 821277118644, 747
821375661494, 821375662292, 798
821474636218, 821474637146, 928
821573431856, 821573432921, 1065
821672237260, 821672237980, 720
821770953470, 821770954697, 1227
821869764236, 821869765196, 960
821968609159, 821968610413, 1254
822067383936, 822067384734, 798
822166131323, 822166132376, 1053
822264966088, 822264966853, 765
822363761890, 822363762772, 882
822462543386, 822462544160, 774
822561345878, 822561346730, 852
822660129834, 822660130608, 774
822690479758, 822690480961, 1203
822758879946, 822758881269, 1323
822857825981, 822857827286, 1305
822956479931, 822956480708, 777
823055249337, 823055250132, 795
823154092137, 823154093127, 990
823252798268, 823252799252, 984
823351489463, 823351491032, 1569
823450471746, 823450472712, 966
823549254704, 823549255436, 732
823648043421, 823648044438, 1017
823746832689, 823746833526, 837
823845816044, 823845817010, 966
823944470762, 823944471518, 756
824043160565, 824043161504, 939
824141995750, 824141996677, 927
824240760768, 824240761557, 789
824339711591, 824339712596, 1005
824438353310, 824438354279, 969
824537039391, 824537040270, 879
824635969912, 824635971298, 1386
824734753627, 824734754407, 780
824833872285, 824833873320, 1035
824932303039, 824932303822, 783
825031042098, 825031042842, 744
825129947229, 825129947955, 726
825228719786, 825228720842, 1056
825327351083, 825327352478, 1395
825426350944, 825426352042, 1098
825525035785, 825525036637, 852
825623836276, 825623837002, 726
825722672592, 825722673390, 798
825821452182, 825821453266, 1084
825920223130, 825920223856, 726
826019053874, 826019054678, 804
826117814584, 826117815364, 780
826216623655, 826216624501, 846
826315434245, 826315435022, 777
826414169740, 826414170532, 792
826512970130, 826512970883, 753
826611754557, 826611755367, 810
826710597420, 826710598356, 936
826809407884, 826809408652, 768
826908146697, 826908147480, 783
827006761721, 827006762843, 1122
827105789592, 827105790556, 964
827204501962, 827204502919, 957
827314333711, 827314334248, 537
827402164467, 827402165172, 705
827501200959, 827501201931, 972
827599715484, 827599716435, 951
827698551203, 827698552013, 810
827797314460, 827797315486, 1026
827896068660, 827896069434, 774
827994656486, 827994657332, 846
828093498266, 828093499127, 861
828192246391, 828192247873, 1482
828291619409, 828291620228, 819
828390013297, 828390014275, 978
828488669396, 828488670116, 720
828587479101, 828587481282, 2181
828686405713, 828686406586, 873
828785229900, 828785230698, 798
828884026545, 828884027277, 732
828982850155, 828982851271, 1116
829081791620, 829081793663, 2043
829180347687, 829180348413, 726
829279185708, 829279186506, 798
829377953441, 829377954443, 1002
829476748383, 829476749148, 765
829575574016, 829575575039, 1023
829674386351, 829674387164, 813
829773365438, 829773367301, 1863
829871936432, 829871937218, 786
829970570265, 829970571162, 897
830069574388, 830069575360, 972
830168296773, 830168297844, 1071
830267061459, 830267062188, 729
830365711419, 830365712919, 1500
830464658257, 830464658992, 735
830563508092, 830563509049, 957
830662287466, 830662288240, 774
830761066270, 830761067533, 1263
830859832824, 830859833706, 882
830958655111, 830958656197, 1086
831057463599, 831057464424, 825
831156209034, 831156209916, 882
831255003548, 831255004346, 798
831353815289, 831353816282, 993
831452564956, 831452565913, 957
831551397784, 831551398888, 1104
831650226726, 831650228001, 1275
831748773796, 831748774600, 804
831847592409, 831847593744, 1335
831875779089, 831875780961, 1872
831946605027, 831946605855, 828
832045292491, 832045293601, 1110
832144226352, 832144227159, 807
832243038923, 832243040180, 1257
832341741373, 832341742147, 774
832440529638, 832440530646, 1008
832539374259, 832539375048, 789
832638144063, 832638145122, 1059
832736879091, 832736879823, 732
832835698522, 832835699698, 1176
832934472802, 832934473621, 819
833033226823, 833033227879, 1056
833132067315, 833132068140, 825
833230690498, 833230692334, 1836
833329655616, 833329657053, 1437
833428404785, 833428405589, 804
833527240728, 833527241487, 759
833626028306, 833626029044, 738
833724817633, 833724818437, 804
833823577742, 833823578693, 951
833922400989, 833922401769, 780
834021159164, 834021159908, 744
834120000104, 834120001046, 942
834218767743, 834218768700, 957
834317578444, 834317579188, 744
834416367642, 834416368596, 954
834514980080, 834514983065, 2985
834613966352, 834613967375, 1023
834712740649, 834712741375, 726
834811546992, 834811547946, 954
834910341699, 834910342659, 960
834950157435, 834950158509, 1074
835009216885, 835009218004, 1119
835107913826, 835107914756, 930
835206642339, 835206643059, 720
835305457624, 835305458359, 735
835404309557, 835404310271, 714
835502970226, 835502971000, 774
835601838329, 835601839124, 795
835700663131, 835700663929, 798
835799465880, 835799466912, 1032
835898056447, 835898057890, 1443
835997028329, 835997029127, 798
836095683649, 836095684414, 765
836194576956, 836194577814, 858
836293373192, 836293373924, 732
836392187165, 836392187954, 789
836490948418, 836490949456, 1038
836589790485, 836589791448, 963
836688530036, 836688530996, 960
836787368109, 836787368835, 726
836886149174, 836886150257, 1083
836984948830, 836984949553, 723
837083722979, 837083723912, 933
837182453161, 837182453947, 786
837281332992, 837281333784, 792
837379937069, 837379938647, 1578
837478907754, 837478908660, 906
837577704759, 837577705542, 783
837676484445, 837676485390, 945
837775201201, 837775201744, 543
837874007192, 837874008092, 900
837972877975, 837972878812, 837
838071682460, 838071683291, 831
838170641580, 838170643500, 1920
838268988168, 838268988951, 783
838368033569, 838368034265, 696
838466890982, 838466892377, 1395
838565454099, 838565456664, 2565
838664443833, 838664444905, 1072
838763199163, 838763200345, 1182
838862033822, 838862034755, 933
838960781420, 838960782218, 798
839059581620, 839059582649, 1029
839158402206, 839158403001, 795
839257222126, 839257223182, 1056
839356022221, 839356023046, 825
839454750564, 839454751473, 909
839553735668, 839553737048, 1380
839652299515, 839652300283, 768
839751187598, 839751188369, 771
839849875244, 839849876198, 954
839948668259, 839948669057, 798
840047378822, 840047379647, 825
840146244836, 840146245562, 726
840245089159, 840245089921, 762
840343684375, 840343685326, 951
840442649096, 840442649891, 795
840541482628, 840541483552, 924
840640254666, 840640255617, 951
840739046184, 840739046928, 744
840837837458, 840837838241, 783
840936647139, 840936647937, 798
841035420249, 841035421014, 765
841069795888, 841069797169, 1281
841134573947, 841134576917, 2970
841232814892, 841232815453, 561
841331774848, 841331775973, 1125
841430546266, 841430547001, 735
841529380220, 841529381351, 1131
841628135490, 841628136207, 717
841726940558, 841726941824, 1266
841825719275, 841825720073, 798
841924773913, 841924775578, 1665
842023334484, 842023335318, 834
842122133247, 842122134030, 783
842221018423, 842221019743, 1320
842319715493, 842319717128, 1635
842418569728, 842418570658, 930
842517126622, 842517130087, 3465
842616068549, 842616069344, 795
842715114903, 842715116628, 1725
842813692923, 842813694358, 1435
842912453475, 842912454267, 792
843011252439, 843011253165, 726
843110007651, 843110008425, 774
843208961391, 843208963050, 1659
843307634436, 843307635150, 714
843407131222, 843407132149, 927
843505164690, 843505165500, 810
843604012159, 843604012981, 822
843702866984, 843702868607, 1623
843801542425, 843801543616, 1191
843900386599, 843900387397, 798
843999232371, 843999233340, 969
844097921063, 844097922260, 1197
844196768722, 844196769484, 762
844295532583, 844295533309, 726
844394348100, 844394348820, 720
844493225785, 844493226652, 867
844591880063, 844591880903, 840
844690678108, 844690679062, 954
844789480764, 844789482936, 2172
844888300792, 844888301563, 771
844987095462, 844987096227, 765
845085888911, 845085889637, 726
845184650324, 845184651056, 732
845283443419, 845283444550, 1131
845382310822, 845382311566, 744
845481024579, 845481025644, 1065
845579946141, 845579947560, 1419
845678662909, 845678663965, 1056
845777435397, 845777436183, 786
845876270866, 845876272192, 1326
845975024064, 845975024862, 798
846073836380, 846073837583, 1203
845862619630, 845862621910, 2280
845895478993, 845895481159, 2166
845961073016, 845961074369, 1353
845989811727, 845989813578, 1851
846059664557, 846059666030, 1473
846091585238, 846091586387, 1149
846158638948, 846158640760, 1812
846187602772, 846187604029, 1257
846256960451, 846256961849, 1398
846285886213, 846285887521, 1308
846356061826, 846356063581, 1755
846401323482, 846401324724, 1242
846454982274, 846454983774, 1500
846483528680, 846483529820, 1140
846553845098, 846553847534, 2436
846587077615, 846587078911, 1296
846652862563, 846653094538, 231975
846689696037, 846689697510, 1473
846751409439, 846751411089, 1650
846779267968, 846779269102, 1134
846850188382, 846850190788, 2406
846889345591, 846889346947, 1356
846948980558, 846948983042, 2484
846980981724, 846980982942, 1218
847047411702, 847047413295, 1593
847075486987, 847075488031, 1044
847146573131, 847146574484, 1353
847245362520, 847245363975, 1455
847276411127, 847276412219, 1092
847344152188, 847344153448, 1260
847372444087, 847372446484, 2397
847442964036, 847442965476, 1440
847484337470, 847484338730, 1260
847541732046, 847541733444, 1398
847572207468, 847572209085, 1617
847640538389, 847640539796, 1407
847669390129, 847669391278, 1149
847739327865, 847739329281, 1416
847778643681, 847778645304, 1623
847838114118, 847838115678, 1560
847865882584, 847865883703, 1119
847936905649, 847936907005, 1356
847965507446, 847965508892, 1446
848035710735, 848035712112, 1377
848063858512, 848063860138, 1626
848134490975, 848134492190, 1215
848165995090, 848165996185, 1095
848233647204, 848233648554, 1350
848272924672, 848272926208, 1536
848332074157, 848332075684, 1527
848360661161, 848360662235, 1074
848430857641, 848430858955, 1314
848466912707, 848466913892, 1185
848529817645, 848529819232, 1587
848558893392, 848558895147, 1755
848628446400, 848628447852, 1452
848656209426, 848656210767, 1341
848727229322, 848727231191, 1869
848762571110, 848762572724, 1614
848826047913, 848826049158, 1245
848855731935, 848855733159, 1224
848924808789, 848924810118, 1329
848958524287, 848958525769, 1482
849023614197, 849023616429, 2232
849068518329, 849068519553, 1224
849122234938, 849122236398, 1460
849154943537, 849154944953, 1416
849220779924, 849220781163, 1239
849261709939, 849261711433, 1494
849319978284, 849319979670, 1386
849359222760, 849359224569, 1809
849418787574, 849418789494, 1920
849450581944, 849450582931, 987
849517688658, 849517691058, 2400
849555616220, 849555617891, 1671
849616449419, 849616451342, 1923
849648133124, 849648134087, 963
849715133760, 849715135107, 1347
849746594933, 849746596193, 1260
849813989115, 849813991116, 2001
849842343898, 849842345290, 1392
849912799857, 849912800649, 792
849944418854, 849944420537, 1683
850011335147, 850011337763, 2616
850041927522, 850041929205, 1683
850110327965, 850110330263, 2298
850143004373, 850143005435, 1062
850209046962, 850209048291, 1329
850251769464, 850251771135, 1671
850307599702, 850307601331, 1629
850338288906, 850338290511, 1605
850406684165, 850406685347, 1182
850436512911, 850436514660, 1749
850505129921, 850505131391, 1470
850550241853, 850550243266, 1413
850618226307, 850618226976, 669
850716797048, 850716799019, 1971
850816086792, 850816088163, 1371
850914563570, 850914564839, 1269
851013365690, 851013366587, 897
851112208308, 851112209061, 753
851210977381, 851210978581, 1200
851309541489, 851309542731, 1242
851408756182, 851408757181, 999
851507137979, 851507138861, 882
851606093080, 851606093998, 918
851704900353, 851704901094, 741
851804739836, 851804741156, 1320
851902473485, 851902474265, 780
852001369146, 852001369911, 765
852100065452, 852100066256, 804
852206479634, 852206480777, 1143
852297509622, 852297511338, 1716
852396442046, 852396443879, 1833
852495333441, 852495334701, 1260
852593991579, 852593992527, 948
852692890538, 852692891614, 1076
852791602054, 852791602783, 729
852891744856, 852891745984, 1128
852989165063, 852989165864, 801
853087993637, 853087994417, 780
853187177778, 853187178543, 765
853286493572, 853286498870, 5298
853384580012, 853384580732, 720
853483053397, 853483054531, 1134
853581903182, 853581905714, 2532
853666494941, 853666495994, 1053
853694474969, 853694476289, 1320
853765386018, 853765386945, 927
853795873635, 853795874904, 1269
853864262813, 853864264413, 1600
853909204870, 853909206220, 1350
853963240639, 853963242052, 1413
853991450919, 853991453247, 2328
854061794896, 854061796198, 1302
854092577116, 854092578328, 1212
854160581829, 854160583383, 1554
854194120031, 854194121027, 996
854259372682, 854259373906, 1224
854294279936, 854294281517, 1581
854358091908, 854358093135, 1227
854390808018, 854390809974, 1956
854456852863, 854456854177, 1314
854489606744, 854489607803, 1059
854556245482, 854556247645, 2163
854587649863, 854587651186, 1323
854654844343, 854654845918, 1575
854686703002, 854686704526, 1524
854753346987, 854753348307, 1320
854797076486, 854797078100, 1614
854852347226, 854852348561, 1335
854879888110, 854879889253, 1143
854951315651, 854951317847, 2196
854981424398, 854981425436, 1038
855049927599, 855049928946, 1347
855085398095, 855085399238, 1143
855148687520, 855148688933, 1413
855184596370, 855184597681, 1311
855247708909, 855247710190, 1281
855287215429, 855287217718, 2289
855346424239, 855346425703, 1464
855387424681, 855387426094, 1413
855445057003, 855445058305, 1302
855473832020, 855473833325, 1305
855543851437, 855543852790, 1353
855594856303, 855594857638, 1335
855642662093, 855642663377, 1284
855670602456, 855670603746, 1290
855741787514, 855741788753, 1239
855779543820, 855779545146, 1326
855839841662, 855839842979, 1317
855881353664, 855881354741, 1077
855939029312, 855939030700, 1388
855980242621, 855980244541, 1920
856038195694, 856038197299, 1605
856066808086, 856066810048, 1962
856136438742, 856136440599, 1857
856174111828, 856174113169, 1341
856235498788, 856235500141, 1353
856264238640, 856264240116, 1476
856334254507, 856334256991, 2484
856375023401, 856375024580, 1179
856433091093, 856433092584, 1491
856477623296, 856477624961, 1665
856531348619, 856531349582, 963
856585293266, 856585294547, 1281
856630586391, 856630587738, 1347
856660776399, 856660777887, 1488
856729119248, 856729120025, 777
856774071424, 856774072921, 1497
856827732665, 856827733544, 879
856859546230, 856859547796, 1566
856926940603, 856926941977, 1374
856954178352, 856954179660, 1308
857025689927, 857025692387, 2460
857063041114, 857063043058, 1944
857124554383, 857124557299, 2916
857153912815, 857153913766, 951
857222967841, 857222968693, 852
857255718502, 857255719885, 1383
857321830231, 857321830867, 636
857363150810, 857363153849, 3039
857420649835, 857420651044, 1209
857462896084, 857462897701, 1617
857519560776, 857519562258, 1482
857571016791, 857571018498, 1707
857618343599, 857618344385, 786
857648706812, 857648707997, 1185
857717043498, 857717044893, 1395
857760947619, 857760949068, 1449
857815792765, 857815793536, 771
857858501564, 857858503979, 2415
857914911626, 857914912991, 1365
857942954688, 857942955948, 1260
858013574360, 858013576172, 1812
858059773741, 858059775031, 1290
858112538886, 858112539834, 948
858142866279, 858142868460, 2181
858211621705, 858211623391, 1686
858255856308, 858255859044, 2736
858310028788, 858310030276, 1488
858349484293, 858349485625, 1332
858408823055, 858408824339, 1284
858436757790, 858436758930, 1140
858507619749, 858507621033, 1284
858549974377, 858549976702, 2325
858606416716, 858606418126, 1410
858634555880, 858634557020, 1140
858705205757, 858705207161, 1404
858733218581, 858733220189, 1608
858803940829, 858803942143, 1314
858834753332, 858834754742, 1410
858902504820, 858902506041, 1221
858930138336, 858930139647, 1311
859001637184, 859001638498, 1314
859032541483, 859032543676, 2193
859100360317, 859100361610, 1293
859131362329, 859131363676, 1347
859199100185, 859199101358, 1173
859230730314, 859230731928, 1614
859297996660, 859297997392, 732
859327881724, 859327883413, 1689
859396756545, 859396757967, 1422
859495737121, 859495739101, 1980
859539139461, 859539140637, 1176
859594335193, 859594336498, 1305
859627813405, 859627815088, 1683
859693150030, 859693436361, 286331
859732712644, 859732714048, 1404
859791977592, 859791979224, 1632
859822920965, 859822922009, 1044
859890731815, 859890733300, 1485
859925465810, 859925467241, 1431
859988834262, 859988834814, 552
860023538573, 860023539647, 1074
860088002301, 860088003726, 1425
860129000872, 860129002045, 1173
860186851409, 860186852414, 1005
860222205850, 860222207335, 1485
860285907454, 860285908597, 1143
860316342121, 860316343390, 1269
860384361120, 860384363082, 1962
860418669862, 860418671203, 1341
860483494236, 860483495754, 1518
860511856876, 860511858724, 1848
860582290965, 860582292504, 1539
860614370912, 860614372061, 1149
860681043040, 860681044462, 1422
860716478536, 860716479997, 1461
860779863299, 860779865729, 2430
860810883394, 860810884567, 1173
860878639268, 860878640777, 1509
860909722939, 860909724007, 1068
860977441835, 860977443560, 1725
861020840577, 861020843073, 2496
861076242336, 861076243665, 1329
861107805457, 861107806579, 1122
861175332719, 861175335332, 2613
861208003729, 861208005028, 1299
861273891401, 861273893309, 1908
861305047703, 861305048834, 1131
861372696448, 861372698884, 2436
861417001603, 861417003970, 2367
861471418982, 861471420209, 1227
861502754491, 861502755664, 1173
861570210176, 861570211640, 1464
861600582758, 861600584057, 1299
861668951798, 861668953700, 1902
861710711328, 861710712894, 1566
861767520061, 861767521825, 1764
861820558418, 861820559948, 1530
861866417629, 861866419396, 1767
861895229500, 861895230793, 1293
861965529090, 861965856886, 327796
861996478593, 861996479922, 1329
862064118776, 862064120096, 1320
862101659098, 862101661210, 2112
862162924875, 862162926498, 1623
862204538144, 862204540499, 2355
862261771129, 862261772443, 1314
862303674366, 862303675593, 1227
862360496783, 862360498418, 1635
862397717123, 862397719376, 2253
862459289986, 862459291462, 1476
862557909219, 862557910953, 1734
862588203184, 862588204495, 1311
862656889892, 862656891317, 1425
862701420169, 862701423139, 2970
862755969824, 862755971348, 1524
862786474275, 862786476426, 2151
862854483756, 862854485085, 1329
862888721796, 862888723431, 1635
862953265333, 862953266710, 1377
862984560153, 862984561179, 1026
863052047709, 863052050232, 2523
863088491645, 863088492941, 1296
863150180867, 863150181536, 669
863193641584, 863193643471, 1887
863249651725, 863249653216, 1491
863279229846, 863279231142, 1296
863348296076, 863348298629, 2553
863389035600, 863389037655, 2055
863447359596, 863447360955, 1359
863478788906, 863478791603, 2697
863545966554, 863545967943, 1389
863577951382, 863577953713, 2331
863644559716, 863644560472, 756
863694581195, 863694582854, 1659
863743611748, 863743612999, 1251
863785161936, 863785163280, 1344
863842824980, 863842826684, 1704
863884652089, 863884653898, 1809
863941235966, 863941237316, 1350
863973213965, 863973215045, 1080
864040066248, 864040067769, 1521
864068415117, 864068416458, 1341
864138752565, 864138753867, 1302
864174391126, 864174392716, 1590
864237850696, 864237878687, 27991
864269938148, 864269939477, 1329
864336352753, 864336354022, 1269
864373402909, 864373404097, 1188
864435271180, 864435274987, 3807
864467318576, 864467320019, 1443
864534099994, 864534101992, 1998
864572099528, 864572100980, 1452
864632984614, 864632986396, 1782
864675262845, 864675264300, 1455
864731501890, 864731503183, 1293
864770936887, 864770938159, 1272
864830308871, 864830311154, 2283
864860737457, 864860738792, 1335
864929075299, 864929076673, 1374
864965607844, 864965610739, 2895
865027888767, 865027890198, 1431
865061476353, 865061477916, 1563
865126666258, 865126667515, 1257
865169087647, 865169088955, 1308
865225774004, 865225775888, 1884
865256460013, 865256461435, 1422
865324246745, 865324249340, 2595
865356657508, 865356659020, 1512
865423078475, 865423079675, 1200
865457333130, 865457334579, 1449
865521840421, 865521841993, 1572
865567489284, 865567490769, 1485
865621109362, 865621110415, 1053
865667949226, 865667951290, 2064
865719170681, 865719172205, 1524
865751420727, 865751422083, 1356
865817841856, 865817843515, 1659
865865021785, 865865023378, 1593
865916769157, 865916769745, 588
865951609844, 865951611143, 1299
866015792632, 866015793913, 1281
866046489339, 866046490476, 1137
866114537639, 866114539079, 1440
866160942610, 866160944872, 2262
866213410282, 866213411899, 1617
866266796769, 866266798275, 1506
866312199713, 866312201141, 1428
866341505930, 866341507124, 1194
866410929155, 866410930385, 1230
866443246249, 866443248961, 2712
866509759944, 866509761321, 1377
866540580865, 866540581939, 1074
866608750857, 866608752903, 2046
866649541194, 866649542562, 1368
866707508402, 866707510787, 2385
866753384991, 866753386629, 1638
866805931402, 866805932317, 915
866835050220, 866835051336, 1116
866905146283, 866905147636, 1353
866935185541, 866935186741, 1200
867003947265, 867003949368, 2103
867043907318, 867043909094, 1776
867102122842, 867102124042, 1200
867140041866, 867140043078, 1212
867201328750, 867201330295, 1545
867241269246, 867241270632, 1386
867300104953, 867300106291, 1338
867340103260, 867340104715, 1455
867398901156, 867398902029, 873
867441423057, 867441425478, 2421
867497409771, 867497410851, 1080
867554694515, 867554696006, 1491
867595945509, 867595946365, 856
867626970299, 867626971706, 1407
867695237780, 867695239007, 1227
867742213911, 867742215279, 1368
867794074913, 867794076278, 1365
867824544174, 867824545971, 1797
867893136720, 867893144745, 8025
867937613581, 867937615099, 1518
867991527906, 867991529166, 1260
868027543424, 868027544804, 1380
868090240938, 868090242657, 1719
868132431325, 868132432645, 1320
868189239870, 868189241785, 1915
868220957504, 868220958935, 1431
868288013836, 868288015327, 1491
868317214781, 868317216128, 1347
868386846009, 868386847731, 1722
868420593520, 868420596148, 2628
868485621628, 868485624010, 2382
868528430697, 868528432578, 1881
868584405990, 868584407736, 1746
868683227218, 868683228664, 1446
868726114987, 868726116019, 1032
868781997427, 868781999008, 1581
868822630677, 868822632051, 1374
868880785084, 868880786317, 1233
868912478317, 868912479406, 1089
868979705076, 868979708910, 3834
869022123464, 869022124844, 1380
869078544315, 869078546565, 2250
869111071540, 869111072704, 1164
869176609736, 869176610570, 834
869204781348, 869204782635, 1287
869275965352, 869275966831, 1479
869307276956, 869307278396, 1440
869374740761, 869374742360, 1599
869412452099, 869412454142, 2043
869473540231, 869473541512, 1281
869506801412, 869506802576, 1164
869572167245, 869572168772, 1527
869603695972, 869603697181, 1209
869671131707, 869671132607, 900
869700695521, 869700697075, 1554
869769907054, 869769908782, 1728
869802137480, 869802138803, 1323
869868509550, 869868510330, 780
869905498500, 869905500006, 1506
869967354799, 869967356362, 1563
870012104419, 870012106555, 2136
870066203328, 870066204096, 768
870104545155, 870104548260, 3105
870165191115, 870165192795, 1680
870200843572, 870200844700, 1128
870263806468, 870263807740, 1272
870299326204, 870299327470, 1266
870362899256, 870362900768, 1512
870394520149, 870394521328, 1179
870461433278, 870461434709, 1431
870490420659, 870490421844, 1185
870560343649, 870560346067, 2418
870588753301, 870588754417, 1116
870659519116, 870659523322, 4206
870688700752, 870688701931, 1179
870757821433, 870757822990, 1557
870799494583, 870799496521, 1938
870856607460, 870856608870, 1410
870899863925, 870899865083, 1158
870955419326, 870955420889, 1563
870984512514, 870984513669, 1155
871054200380, 871054201649, 1269
871095325797, 871095328263, 2466
871153005743, 871153007239, 1496
871183189048, 871183190257, 1209
871251667958, 871251669194, 1236
871295199469, 871295200786, 1317
871351027891, 871351030039, 2148
871382421431, 871382422490, 1059
871449440410, 871449442555, 2145
871491284511, 871491285705, 1194
871548093897, 871548095256, 1359
871580756886, 871580758386, 1500
871646940625, 871646941867, 1242
871686647324, 871686648809, 1485
871745740018, 871745741680, 1662
871776520564, 871776521740, 1176
871844528729, 871844530028, 1299
871876146310, 871876149652, 3342
871943329183, 871943330686, 1503
871971109749, 871971110886, 1137
872042169035, 872042169854, 819
872085134442, 872085136521, 2079
872140900984, 872140903204, 2220
872170185655, 872170187725, 2070
872239521133, 872239522471, 1338
872270939425, 872270940637, 1212
872338480016, 872338481450, 1434
872371698386, 872371700213, 1827
872437271363, 872437272791, 1428
872467985678, 872467987181, 1503
872536063260, 872536064739, 1479
872567156663, 872567159243, 2580
872634861770, 872634864296, 2526
872677054566, 872677056360, 1794
872733659275, 872733660757, 1482
872761735497, 872761736619, 1122
872832493878, 872832495093, 1215
872862747639, 872862748770, 1131
872931250896, 872931252381, 1485
872961729047, 872961730541, 1494
873030149664, 873030153117, 3453
873073078709, 873073079924, 1215
873128541427, 873128542573, 1146
873161324459, 873161325512, 1053
873227341261, 873227342770, 1509
873282692144, 873282694313, 2169
873326016213, 873326016963, 750
873356451174, 873356452311, 1137
873424992043, 873424993978, 1935
873466828619, 873466829786, 1167
873523689019, 873523690419, 1400
873556481682, 873556482999, 1317
873622713653, 873622715120, 1467
873658861182, 873658864353, 3171
873721566591, 873721568139, 1548
873766771599, 873766772775, 1176
873820472163, 873820473828, 1665
873859537871, 873859539053, 1182
873919160494, 873919161865, 1371
873950744923, 873950746669, 1746
874017936150, 874017937863, 1713
874045885881, 874045887699, 1818
874116724805, 874116726386, 1581
874151600079, 874151601282, 1203
874215342718, 874215344128, 1410
874247882063, 874247883593, 1530
874314284232, 874314285894, 1662
874343032323, 874343033445, 1122
874413101764, 874413103276, 1512
874446011181, 874446012588, 1407
874511509318, 874511510560, 1242
874552990911, 874552992345, 1434
874610757606, 874610759868, 2262
874645253733, 874645255305, 1572
874709472345, 874709473731, 1386
874753042054, 874753044745, 2691
874808280521, 874808283773, 3252
874839263630, 874839264827, 1197
874907075810, 874907077319, 1509
874950672481, 874950673954, 1473
875005854941, 875005856462, 1521
875047234367, 875047235546, 1179
875104625979, 875104627314, 1335
875139058423, 875139060130, 1707
875203457935, 875203459216, 1281
875245293535, 875245295158, 1623
875302230901, 875302232461, 1560
875335328229, 875335329390, 1161
875400994593, 875400995955, 1362
875437593426, 875437594821, 1395
875499798381, 875499799809, 1428
875533891735, 875533893070, 1335
875598596228, 875598598463, 2235
875626964114, 875626965284, 1170
875697406502, 875697407951, 1449
875732591547, 875732593110, 1563
875796218444, 875796219842, 1398
875825923096, 875825924281, 1185
875895034131, 875895035706, 1575
875923385426, 875923386698, 1272
875993785096, 875993786650, 1554
876031541462, 876031542875, 1413
876092563214, 876092564597, 1383
876120938433, 876120939717, 1284
876191291879, 876191292992, 1113
876238127643, 876238129320, 1677
876290142829, 876290144569, 1740
876318701262, 876318702498, 1236
876388953122, 876388954424, 1302
876417243154, 876417244285, 1131
876487739858, 876487741475, 1617
876518651936, 876518653745, 1809
876586509976, 876586510771, 795
876615924808, 876615925831, 1023
876685324901, 876685327241, 2340
876713811384, 876713812533, 1149
876784122067, 876784123414, 1347
876817183179, 876817184463, 1284
876882911392, 876882912883, 1491
876911531099, 876911532320, 1221
876981430787, 876981432497, 1710
877027362184, 877027363750, 1566
877080181466, 877080209227, 27761
877112068296, 877112070084, 1788
877179035310, 877179036640, 1330
877210220406, 877210221690, 1284
877277754452, 877277755922, 1470
877318479306, 877318480533, 1227
877376893124, 877376894795, 1671
877406718684, 877406719860, 1176
877475652330, 877475654673, 2343
877505311399, 877505312587, 1188
877574766793, 877574768194, 1401
877610456597, 877610458682, 2085
877673312665, 877673315272, 2607
877701407489, 877701408518, 1029
877771960115, 877771961432, 1317
877870756764, 877870758381, 1617
877901035088, 877901036249, 1161
877969652208, 877969653519, 1311
877998346648, 877998348061, 1413
878068255558, 878068256809, 1251
878106055879, 878106057127, 1248
878167665562, 878167667827, 2265
878195883142, 878195885314, 2172
878266046628, 878266047957, 1329
878296919977, 878296921363, 1386
878364802570, 878364803803, 1233
878395339891, 878395341703, 1812
878463482340, 878463483216, 876
878497126142, 878497127516, 1374
878562403092, 878562404857, 1765
878596095527, 878596097489, 1962
878661164454, 878661165708, 1254
878689133597, 878689134968, 1371
878760256378, 878760257632, 1254
878795049876, 878795051112, 1236
878858769015, 878858770302, 1287
878893256955, 878893259007, 2052
878957549870, 878957550794, 924
878985380513, 878985381593, 1080
879056323580, 879056324798, 1218
879087859105, 879087860530, 1425
879155137312, 879155138740, 1428
879187987855, 879187989307, 1452
879253910632, 879253912003, 1371
879285905419, 879285907072, 1653
879352716036, 879352717461, 1425
879400316208, 879400318088, 1880
879451660571, 879451662962, 2391
879494271701, 879494272922, 1221
879549930396, 879549931575, 1179
879592634708, 879592636001, 1293
879649147942, 879649149094, 1152
879680454377, 879680457014, 2637
879747622299, 879747624411, 2112
879790186540, 879790187824, 1284
879846676237, 879846677749, 1512
879881200252, 879881201527, 1275
879944879575, 879944880850, 1275
879978263571, 879978264810, 1239
880044325706, 880044327050, 1344
880088518922, 880088520257, 1335
880143049079, 880143050330, 1251
880171753515, 880171754802, 1287
880241830035, 880241831391, 1356
880270585193, 880270586510, 1317
880340339842, 880340341360, 1518
880384357806, 880384359816, 2010
880439159751, 880439160510, 759
880476678199, 880476679489, 1290
880538216770, 880538219128, 2358
880570973808, 880570975215, 1407
880637278190, 880637279300, 1110
880673098831, 880673100124, 1293
880735925380, 880735926913, 1533
880773262361, 880773263759, 1398
880834612809, 880834614099, 1290
880884711911, 880884713477, 1566
880933235417, 880933237433, 2016
880965975336, 880965976950, 1614
881032068173, 881032070093, 1920
881069330529, 881069332035, 1506
881130838202, 881130840731, 2529
881170123836, 881170126539, 2703
881229791505, 881229792774, 1269
881264341932, 881264343972, 2040
881328418045, 881328419335, 1290
881361530957, 881361532739, 1782
881427536731, 881427538690, 1959
881461245691, 881461247251, 1560
881526116720, 881526117950, 1230
881575740591, 881575742118, 1527
881624901074, 881624902415, 1341
881665747118, 881665748477, 1359
881723793139, 881723794567, 1428
881761999705, 881762001256, 1551
881822813120, 881822816741, 3621
881855419962, 881855421624, 1662
881921200661, 881921203301, 2640
881956424109, 881956425363, 1254
882020088999, 882020091039, 2040
882063904994, 882063906746, 1752
882118969591, 882118972126, 2535
882149954329, 882149955604, 1275
882217716742, 882217718248, 1506
882250079070, 882250080447, 1377
882316434597, 882316436367, 1770
882344698161, 882344699448, 1287
882415224014, 882415225529, 1515
882445785333, 882445786590, 1257
882514030431, 882514032027, 1596
882552355337, 882552356564, 1227
882612822686, 882612824194, 1508
882642692955, 882642695214, 2259
882711406454, 882711407876, 1422
882756026747, 882756027902, 1155
882810394139, 882810396008, 1869
882846807999, 882846809520, 1521
882909043711, 882909045253, 1542
882952661396, 882952662890, 1494
883007981248, 883007982823, 1575
883037969359, 883037971156, 1797
883106771057, 883106772431, 1374
883142229448, 883142230627, 1179
883205573377, 883205574640, 1263
883238307983, 883238310077, 2094
883304377628, 883304378921, 1293
883341975542, 883341977120, 1578
883403144999, 883403146763, 1764
883431350083, 883431377158, 27075
883501987754, 883501989140, 1386
883532277791, 883532278937, 1146
883600744385, 883600745633, 1248
883654275815, 883654277465, 1650
883699527122, 883699528553, 1431
883730343328, 883730344909, 1581
883798281951, 883798283301, 1350
883826930405, 883826931665, 1260
883897094751, 883897096107, 1356
883935232049, 883935233219, 1170
883996260081, 883996261206, 1125
884029971334, 884029973368, 2034
884094680951, 884094682121, 1170
884127553287, 884127555378, 2091
884193468529, 884193469870, 1341
884221700729, 884221702046, 1317
884292279656, 884292281042, 1386
884326210121, 884326211417, 1296
884391066876, 884391068184, 1308
884431243587, 884431246341, 2754
884489855622, 884489856855, 1233
884518319359, 884518320490, 1131
884588708157, 884588709525, 1368
884620745191, 884620746775, 1584
884687483281, 884687484784, 1503
884717182614, 884717183856, 1242
884786055339, 884786056437, 1098
884816692090, 884816693365, 1275
884884877636, 884884879838, 2202
884915479812, 884915481003, 1191
884983729510, 884983730842, 1332
885012969914, 885012972611, 2697
885082612910, 885082614230, 1320
885112959353, 885112964588, 5235
885181412830, 885181414087, 1257
885219767071, 885219768772, 1701
885279992844, 885279994260, 1416
885312189754, 885312190942, 1188
885379006919, 885379008257, 1338
885409387843, 885409389310, 1467
885477814600, 885477816421, 1821
885508603999, 885508605169, 1170
885576648655, 885576650716, 2061
885610118774, 885610120310, 1536
885675392413, 885675393685, 1272
885713554513, 885713555890, 1377
885774165448, 885774167251, 1803
885804565665, 885804567006, 1341
885873031730, 885873033977, 2247
885902622119, 885902623289, 1170
885971842838, 885971845214, 2376
886014124500, 886014126624, 2124
886070660323, 886070661910, 1587
886114385533, 886114386727, 1194
886169373047, 886169375312, 2265
886198110731, 886198112099, 1368
886268185309, 886268186869, 1560
886296217006, 886296218131, 1125
886366767915, 886366769160, 1245
886398952264, 886398953626, 1362
886465450712, 886465452128, 1416
886499978821, 886499980024, 1203
886564559863, 886564561336, 1473
886601207390, 886601209106, 1716
886663307259, 886663308543, 1284
886697867346, 886697868744, 1398
886762081071, 886762083375, 2304
886790319465, 886790320749, 1284
886860866787, 886860868185, 1398
886902638795, 886902640088, 1293
886959664853, 886959666095, 1242
886998739599, 886998740967, 1368
887058442357, 887058443776, 1419
887096335703, 887096338145, 2442
887157298254, 887157300462, 2208
887186634385, 887186637460, 3075
887256048801, 887256050181, 1380
887284167112, 887284168447, 1335
887354842197, 887354843439, 1242
887385070634, 887385072140, 1506
887453394724, 887453396050, 1326
887491357292, 887491358840, 1548
887552410411, 887552411971, 1560
887580157253, 887580158699, 1446
887651138862, 887651140152, 1290
887679830479, 887679831919, 1440
887749989341, 887749990793, 1452
887777905482, 887777906709, 1227
887848786718, 887848788146, 1428
887886655677, 887886657948, 2271
887947849848, 887947858515, 8667
887993423136, 887993424498, 1362
888046389324, 888046390716, 1392
888074402415, 888074403816, 1401
888145164622, 888145165867, 1245
888177108934, 888177110761, 1827
888243947344, 888243948646, 1302
888271702954, 888271704286, 1332
888342537568, 888342538810, 1242
888373105404, 888373106919, 1515
888441547564, 888441549274, 1710
888469250950, 888469252357, 1407
888540285516, 888540286905, 1389
888568211150, 888568212257, 1107
888638844807, 888638846181, 1374
888671180418, 888671183172, 2754
888737816155, 888737817478, 1323
888765659579, 888765660881, 1302
888836764971, 888836766210, 1239
888866389075, 888866391091, 2016
888935492779, 888935494033, 1254
888977115677, 888977117234, 1557
889034336452, 889034337700, 1248
889065521364, 889065523083, 1719
889133091106, 889133092402, 1296
889163136448, 889163138092, 1644
889231821519, 889231822806, 1287
889260209539, 889260210913, 1374
889330659817, 889330661143, 1326
889361212584, 889361215653, 3069
889429484935, 889429486270, 1335
889458079083, 889458080931, 1848
889528178053, 889528179436, 1383
889556317501, 889556318662, 1161
889627061723, 889627062971, 1248
889661528641, 889661530867, 2226
889725827504, 889725828815, 1311
889754412492, 889754413611, 1119
889824662457, 889824663765, 1308
889854779471, 889854780965, 1494
889923259077, 889923259938, 861
889966183653, 889966185069, 1416
890022211933, 890022213661, 1728
890059224500, 890059225793, 1293
890120604117, 890120605620, 1503
890154856698, 890154857865, 1167
890219819869, 890219821303, 1434
890253640710, 890253642276, 1566
890318569589, 890318570927, 1338
890356252921, 890356254295, 1374
890417495204, 890417497961, 2757
890451665295, 890451667113, 1818
890516185674, 890516186961, 1287
890550558653, 890550559886, 1233
890615175708, 890615176953, 1245
890643310567, 890643311704, 1137
890713914108, 890713915443, 1335
890748207135, 890748208917, 1782
890812864870, 890812866358, 1488
890840962117, 890840963788, 1671
890911375667, 890911377152, 1485
890942470170, 890942471688, 1518
891010165731, 891010167021, 1290
891038343323, 891038344712, 1389
891108962509, 891108965182, 2673
891136627524, 891136628676, 1152
891207463349, 891207465230, 1881
891235731854, 891235733435, 1581
891306345630, 891306348264, 2634
891331311126, 891331311795, 669
891405283235, 891405284657, 1422
891435902016, 891435903993, 1977
891504024616, 891504026581, 1965
891530197192, 891530198731, 1539
891603085495, 891603088249, 2754
891630428036, 891630429176, 1140
891701666794, 891701668063, 1269
891732204954, 891732206400, 1446
891800727755, 891800730015, 2260
891834938432, 891834939902, 1470
891899510473, 891899511646, 1173
891926677915, 891926678929, 1014
891998052106, 891998053468, 1362
892028678061, 892028680149, 2088
892096841622, 892096842900, 1278
892125684366, 892125685572, 1206
892195878314, 892195879682, 1368
892232551902, 892232553474, 1572
892294429910, 892294431728, 1818
892321828436, 892321829552, 1116
892393357426, 892393358710, 1284
892436047051, 892436049400, 2349
892492223273, 892492225802, 2529
892521565248, 892521566559, 1311
892590854732, 892590856016, 1284
892635845158, 892635846646, 1488
892689313906, 892689315262, 1356
892728190036, 892728191515, 1479
892788650153, 892788652373, 2220
892818421445, 892818423173, 1728
892887353366, 892887355247, 1881
892933565649, 892933567062, 1413
892985956094, 892985957705, 1611
893014715558, 893014717079, 1521
893084740816, 893084742010, 1194
893122774379, 893122775594, 1215
893183548527, 893183549913, 1386
893228963368, 893228964709, 1341
893282333692, 893282335234, 1542
893310833864, 893310837404, 3540
893381096190, 893381097792, 1602
893419263836, 893419702058, 438222
893479924301, 893479925666, 1365
893515377214, 893515378450, 1236
893578706155, 893578707616, 1461
893613997433, 893613998990, 1557
893677519197, 893677520463, 1266
893707804633, 893707805776, 1143
893776294001, 893776295441, 1440
893818854404, 893818855994, 1590
893875089243, 893875090644, 1401
893903270971, 893903272201, 1230
893973911645, 893973914345, 2700
894003415171, 894003416464, 1293
894072688193, 894072689966, 1773
894100972862, 894100974020, 1158
894171455704, 894171457012, 1308
894203283495, 894203285247, 1752
894270538630, 894270540493, 1863
894300189433, 894300190819, 1386
894369049684, 894369051004, 1320
894411077081, 894411078659, 1578
894467832842, 894467835155, 2313
894496274897, 894496276025, 1128
894566622580, 894566623840, 1260
894606817163, 894606819584, 2421
894665176384, 894665177746, 1362
894699937349, 894699938744, 1395
894764227211, 894764228918, 1707
894792985116, 894792986463, 1347
894862980347, 894862981655, 1308
894901009946, 894901011170, 1224
894961806415, 894961807699, 1284
894998417564, 894998418884, 1320
895060595430, 895060596777, 1347
895091984297, 895091985389, 1092
895159391275, 895159392685, 1410
895191483609, 895191485028, 1419
895258202351, 895258203689, 1338
895295519179, 895295520451, 1272
895357037271, 895357041648, 4377
895393865930, 895393867625, 1695
895455413059, 895455414181, 1122
895501820629, 895501822252, 1623
895554558440, 895554559826, 1386
895590717216, 895590718821, 1605
895653355097, 895653356438, 1341
895683870618, 895683871851, 1233
895752178466, 895752180101, 1635
895783431669, 895783433328, 1659
895851001936, 895851003223, 1287
895880739364, 895880740771, 1407
895949736637, 895949738119, 1482
895980582780, 895980584241, 1461
896048506600, 896048508064, 1464
896080204028, 896080206596, 2568
896147315080, 896147316415, 1335
896246156460, 896246157162, 702
896278867937, 896278869047, 1110
896344909455, 896344910967, 1512
896386621144, 896386622548, 1404
896443549185, 896443550739, 1554
896473379107, 896473380424, 1317
896542254439, 896542255870, 1431
896592103962, 896592105204, 1242
896640611955, 896640612732, 777
896671880692, 896671882012, 1320
896739860699, 896739931910, 71211
896791092873, 896791094541, 1668
896838611986, 896838612808, 822
896879240839, 896879242348, 1509
896937940815, 896937942432, 1617
896989055973, 896989057461, 1488
897036398284, 897036400780, 2496
897079131582, 897079133082, 1500
897135036946, 897135038731, 1785
897170757280, 897170758513, 1233
897234045418, 897234046765, 1347
897264207557, 897264209135, 1578
897333147509, 897333150023, 2514
897378315893, 897378318203, 2310
897431419462, 897431421538, 2076
897472002253, 897472003699, 1446
897530385917, 897530387477, 1560
897576416037, 897576417378, 1341
897629182706, 897629184020, 1314
897662343541, 897662344975, 1434
897727480781, 897727483955, 3174
897764916927, 897764918274, 1347
897826769038, 897826770397, 1359
897861613581, 897861614982, 1401
897925557983, 897925559414, 1431
897956960377, 897956961583, 1206
898024267369, 898024268815, 1446
898059201652, 898059203008, 1356
898123126545, 898123385179, 258634
898159979537, 898159981805, 2268
898221928555, 898221930688, 2133
898254808234, 898254809494, 1260
898320749041, 898320750508, 1467
898367614433, 898367616644, 2211
898419539919, 898419541566, 1647
898441857224, 898441859777, 2553
898539846929, 898539848696, 1767
898638823781, 898638824981, 1200
872056170096, 872056171650, 1554
872154795724, 872154796441, 717
872253650194, 872253651409, 1215
872352441167, 872352441965, 798
872451230585, 872451231374, 789
872550045224, 872550046439, 1215
872648713228, 872648714026, 798
872747609352, 872747610195, 843
872846399916, 872846400648, 732
872945151749, 872945152520, 771
873043948937, 873043949711, 774
873142750555, 873142751458, 903
873241340093, 873241341005, 912
873340325331, 873340326168, 837
873439364021, 873439365245, 1224
873538016007, 873538017186, 1179
873636780771, 873636781497, 726
873735505416, 873735506253, 837
873834352019, 873834353564, 1545
873933052405, 873933053548, 1143
874031896291, 874031897299, 1008
874130681620, 874130682532, 912
874230118457, 874230119546, 1089
874328293605, 874328294352, 747
874427583978, 874427586690, 2712
874525831209, 874525832292, 1083
874624766874, 874624767663, 789
874723472366, 874723473164, 798
874822231779, 874822232784, 1005
874921020655, 874921021900, 1245
875019757412, 875019758945, 1533
875118606556, 875118607351, 795
875217234526, 875217236137, 1611
875316187862, 875316188666, 804
875414950012, 875414951104, 1092
875513814373, 875513815345, 972
875612567684, 875612568698, 1014
875711402866, 875711403640, 774
875810138381, 875810139863, 1482
875909202413, 875909203244, 831
876007909437, 876007910703, 1266
876106532208, 876106533096, 888
876205340190, 876205341822, 1632
876304079196, 876304079988, 792
876402918940, 876402919888, 948
876501660461, 876501661337, 876
876600459130, 876600459895, 765
876699294384, 876699295380, 996
876798319827, 876798321390, 1563
876896841671, 876896842559, 888
876995616725, 876995617805, 1080
877094565903, 877094567025, 1122
877193139786, 877193140665, 879
877291860924, 877291863348, 2424
877390751319, 877390752930, 1611
877489606405, 877489607227, 822
877588376972, 877588378412, 1440
877687190438, 877687191398, 960
877785996103, 877785997309, 1206
877818127756, 877818129520, 1764
877884769439, 877884770507, 1068
877983547279, 877983548059, 780
878082584426, 878082587564, 3138
878181156700, 878181157549, 849
878280492268, 878280495055, 2787
878378755870, 878378756671, 801
878477416766, 878477417681, 915
878576311428, 878576312392, 964
878675125050, 878675125944, 894
878773883508, 878773884306, 798
878872715190, 878872716102, 912
878971506845, 878971507679, 834
879070305716, 879070306823, 1107
879169070110, 879169070980, 870
879267869173, 879267870157, 984
879366480899, 879366483335, 2436
879465458984, 879465459989, 1005
879564234287, 879564235187, 900
879663062243, 879663063056, 813
879761837296, 879761838061, 765
879860579002, 879860579731, 729
879959418687, 879959419461, 774
880058236335, 880058237910, 1575
880156943582, 880156944365, 783
880255788927, 880255790553, 1626
880354529328, 880354530102, 774
880453455781, 880453457275, 1494
880552132380, 880552133121, 741
880650934566, 880650935364, 798
880749751748, 880749752462, 714
880848513581, 880848515969, 2388
880947312573, 880947313368, 795
881046161928, 881046163076, 1148
881144876520, 881144877345, 825
881243738401, 881243739625, 1224
881342468894, 881342469626, 732
881441113627, 881441114224, 597
881539907748, 881539909518, 1770
881638861463, 881638862765, 1302
881737627699, 881737628617, 918
881836460475, 881836461291, 816
881935662630, 881935665168, 2538
882034080017, 882034081892, 1875
882132862345, 882132863128, 783
882231601632, 882231602490, 858
882330451665, 882330452436, 771
882429369578, 882429371114, 1536
882528008333, 882528009611, 1278
882626768601, 882626769717, 1116
882725633784, 882725634618, 834
882824344710, 882824345724, 1014
882923047217, 882923048540, 1323
883021960013, 883021960739, 726
883120754371, 883120755094, 723
883219509658, 883219510606, 948
883318239413, 883318240139, 726
883417126445, 883417127183, 738
883515949661, 883515951218, 1557
883614577937, 883614580271, 2334
883713454111, 883713454843, 732
883812251525, 883812252314, 789
883911083311, 883911084139, 828
884009861218, 884009861944, 726
884108607909, 884108608692, 783
884207458823, 884207459885, 1062
884306371184, 884306372324, 1140
884405021805, 884405022903, 1098
884503830001, 884503830814, 813
884602529263, 884602530313, 1050
884701369701, 884701370436, 735
884800231231, 884800232698, 1467
884899022307, 884899023300, 993
884997769124, 884997769961, 837
885096563165, 885096563948, 783
885195360376, 885195361213, 837
885294225334, 885294226129, 795
885392858560, 885392859286, 726
885491753308, 885491754136, 828
885590535767, 885590536556, 789
885689125696, 885689127010, 1314
885788118369, 885788119398, 1029
885886889831, 885886891028, 1197
885985711347, 885985712184, 837
886085001496, 886085002396, 900
886183303148, 886183303688, 540
886282085980, 886282086781, 801
886380858061, 886380859381, 1320
886479786930, 886479788493, 1563
886578447360, 886578448167, 807
886677258031, 886677258865, 834
886776030588, 886776031803, 1215
886874860412, 886874861990, 1578
886973633438, 886973634227, 789
887072368166, 887072369534, 1368
887171225894, 887171226704, 810
887270008660, 887270009584, 924
887368940924, 887368942253, 1329
887467735517, 887467737944, 2427
887566385747, 887566386632, 885
887665140070, 887665141102, 1032
887764009812, 887764011042, 1230
887862731850, 887862732672, 822
887961348171, 887961349116, 945
888060256710, 888060257508, 798
888159331180, 888159332791, 1611
888257949508, 888257950279, 771
888356698041, 888356699133, 1092
888455523709, 888455524624, 915
888554127539, 888554128160, 621
888653085486, 888653086344, 858
888751884578, 888751885529, 951
888850687144, 888850687906, 762
888949444568, 888949445627, 1059
889048266387, 889048267263, 876
889147102117, 889147102909, 792
889245850423, 889245851518, 1095
889344413436, 889344414324, 888
889443424779, 889443425775, 996
889542220663, 889542222514, 1851
889640983485, 889640984250, 765
889739808102, 889739808939, 837
889838390030, 889838391014, 984
889937441688, 889937443158, 1470
890036166076, 890036167111, 1035
890135090940, 890135092515, 1575
890233743724, 890233744456, 732
890332389939, 890332391439, 1500
890439736346, 890439738164, 1818
890530130979, 890530131714, 735
890628909451, 890628910351, 900
890727750732, 890727752082, 1350
890826460707, 890826461487, 780
890925282198, 890925283566, 1368
891024085406, 891024086462, 1056
891122797851, 891122798793, 942
891221664515, 891221665451, 936
891331142994, 891331143504, 510
891419287344, 891419288106, 762
891524782243, 891524783503, 1260
891616748336, 891616749197, 861
891716285366, 891716289602, 4236
891814416456, 891814417544, 1088
891913242202, 891913244071, 1869
892019054454, 892019059152, 4698
892110784704, 892110785499, 795
892209786816, 892209788037, 1221
892308379859, 892308380759, 900
892407124570, 892407125461, 891
892505987952, 892505988960, 1008
892604923507, 892604925163, 1656
892703304310, 892703305270, 960
892802290703, 892802291504, 801
892901150112, 892901151057, 945
893000043635, 893000044808, 1173
893098757588, 893098759073, 1485
893197470508, 893197471405, 897
893296309610, 893296310336, 726
893395037696, 893395038524, 828
893493860504, 893493861521, 1017
893592680773, 893592681610, 837
893691423286, 893691424081, 795
893790436832, 893790437786, 954
893889256606, 893889257866, 1260
893987835178, 893987835973, 795
894086609279, 894086610386, 1107
894185368646, 894185369435, 789
894284228220, 894284229240, 1020
894383076448, 894383078002, 1554
894481819466, 894481820558, 1092
894580612247, 894580613240, 993
894679370183, 894679371185, 1002
894778204764, 894778205724, 960
894876792485, 894876793913, 1428
894975766133, 894975766850, 717
895074547880, 895074548606, 726
895173325629, 895173326355, 726
895272031246, 895272031996, 750
895370905751, 895370906516, 765
895469749738, 895469750701, 963
895568503113, 895568504508, 1395
895667308503, 895667310108, 1605
895766059284, 895766060064, 780
895864820068, 895864821016, 948
895963675932, 895963676712, 780
896062441907, 896062442651, 744
896161297527, 896161298556, 1029
896196876603, 896196878040, 1437
896260175066, 896260176473, 1407
896358717085, 896358719722, 2637
896457627766, 896457628558, 792
896556341436, 896556342441, 1005
896655220975, 896655221791, 816
896753930154, 896753931066, 912
896852589649, 896852590936, 1287
896951379894, 896951381475, 1581
897050167623, 897050168892, 1269
897149161780, 897149162584, 804
897247957886, 897247958681, 795
897346702274, 897346703282, 1008
897445562785, 897445563586, 801
897544292220, 897544293252, 1032
897643156414, 897643157158, 744
897742018266, 897742019127, 861
897840678357, 897840679497, 1140
897939531563, 897939532559, 996
898038271891, 898038272758, 867
898137105760, 898137106714, 954
898235880207, 898235881185, 978
898334653267, 898334653996, 729
898433441744, 898433442698, 954
898532360951, 898532361773, 822
898630827232, 898630828555, 1323
898729607503, 898729608112, 609
898829078795, 898829080403, 1608
898927864743, 898927866105, 1362
899026436863, 899026438105, 1242
899125274296, 899125275517, 1221
899224322364, 899224323828, 1464
538964357463, 538964357778, 315
539063418686, 539063421014, 2328
539162534555, 539162536292, 1737
539245069548, 539245070163, 615
539351716865, 539351717507, 642
539370820105, 539370820942, 837
539450655950, 539450656643, 693
539489406724, 539489408035, 1311
539489465107, 539489465647, 540
539520858232, 539520859093, 861
539520879556, 539520879865, 309
539783410095, 539783410809, 714
539841766943, 539841768059, 1116
539841800687, 539841801131, 444
539925656975, 539925659150, 2175
540110849920, 540110850547, 627
540110873077, 540110873416, 339
541191649002, 541191650421, 1419
541191779826, 541191780471, 645
541318926868, 541318928503, 1635
541490443340, 541490444207, 867
541493591672, 541493592446, 774
541493609714, 541493610278, 564
541626210379, 541626211855, 1476
541657767439, 541657767871, 432
541781727677, 541781729039, 1362
541801354277, 541801354931, 654
541801372721, 541801373081, 360
541877789589, 541877790447, 858
541877814825, 541877815149, 324
542019160746, 542019161690, 944
542026761194, 542026761584, 390
542026777865, 542026778168, 303
542116863329, 542116863644, 315
542117001152, 542117001455, 303
542152498084, 542152499119, 1035
542187143364, 542187144561, 1197
542251317970, 542251318729, 759
542058119985, 542058122175, 2190
542115834062, 542115835376, 1314
542126986375, 542126987446, 1071
542127011722, 542127012049, 327
542262509065, 542262510385, 1320
542271907892, 542271909026, 1134
542273509895, 542273511431, 1536
542363184173, 542363184521, 348
542363204933, 542363205233, 300
542562264914, 542562266549, 1635
542562424760, 542562425075, 315
542562537743, 542562538043, 300
542661621600, 542661622365, 765
542760604262, 542760605459, 1197
542859719532, 542859721122, 1590
542958359476, 542958360229, 753
543057277189, 543057277987, 798
543156196869, 543156197634, 765
543255119163, 543255119925, 762
543354042455, 543354043238, 783
543452950000, 543452950765, 765
543551999747, 543552000977, 1230
543595391342, 543595393565, 2223
543650786883, 543650788164, 1281
543749710352, 543749711381, 1029
543848761466, 543848762735, 1269
543947526439, 543947527390, 951
544046482781, 544046483507, 726
544145614363, 544145615209, 846
544244313931, 544244314717, 786
544343276565, 544343277555, 990
544442165543, 544442166308, 765
544540990909, 544540991767, 858
544639800919, 544639802230, 1311
544738752431, 544738754885, 2454
544837858129, 544837858909, 780
544936689071, 544936690025, 954
545035740666, 545035741389, 723
545134635598, 545134636978, 1380
545233550853, 545233552305, 1452
545332459845, 545332460934, 1089
545431371360, 545431372239, 879
545530281544, 545530283878, 2334
545629225402, 545629226197, 795
545728176994, 545728177867, 873
545827055009, 545827055777, 768
545926045083, 545926047027, 1944
546024687725, 546024688940, 1215
546123817579, 546123818374, 795
546222765138, 546222765864, 726
546321728504, 546321729356, 852
546420520686, 546420521487, 801
546519523640, 546519524651, 1011
546505862649, 546505864113, 1464
546544973744, 546544975166, 1422
546604288016, 546604289225, 1209
546649257280, 546649259293, 2013
546703357348, 546703358812, 1464
546735622346, 546735623762, 1416
546802302232, 546802303777, 1545
546844887439, 546844888795, 1356
546900880594, 546900881329, 735
547000166137, 547000169377, 3240
547037263549, 547037264725, 1176
547099081990, 547099352770, 270780
547138161352, 547138163068, 1716
547197994571, 547197996005, 1434
547238212020, 547238213409, 1389
547311210126, 547311212433, 2307
547395225960, 547395228117, 2157
547431193050, 547431194514, 1464
547494713198, 547494714554, 1356
547527361149, 547527362667, 1518
547593686723, 547593688079, 1356
547630930539, 547630931970, 1431
547692599576, 547692601148, 1572
547726343658, 547726344996, 1338
547791679638, 547791681039, 1401
547830506217, 547830507261, 1044
547890443832, 547890445242, 1410
547935400999, 547935402598, 1599
547989459858, 547989461304, 1446
548021534201, 548021535440, 1239
548088267934, 548088269206, 1272
548124290385, 548124291996, 1611
548187453436, 548187455470, 2034
548229948289, 548229949744, 1455
548286135279, 548286136632, 1353
548317148376, 548317149561, 1185
548384972940, 548384974311, 1371
548419216603, 548419218028, 1425
548483937740, 548483939906, 2166
548515672252, 548515673686, 1434
548582843650, 548582844949, 1299
548614115471, 548614116872, 1401
548681803428, 548681804739, 1311
548732541834, 548732543163, 1329
548794760507, 548794761167, 660
548893717834, 548893718980, 1146
548992313122, 548992314760, 1638
549091549195, 549091550584, 1389
549190305345, 549190306137, 792
549289069339, 549289070722, 1383
549388305453, 549388306689, 1236
549486908464, 549486909442, 978
549586173100, 549586173877, 777
549572405430, 549572406780, 1350
549611278714, 549611280247, 1533
549670997406, 549670998999, 1593
549722283252, 549722284455, 1203
549769920250, 549769921675, 1425
549809774025, 549809775423, 1398
549868864962, 549868867422, 2460
549919628407, 549919629868, 1461
549967775433, 549967776857, 1424
550066679274, 550066680537, 1263
550109720440, 550109721778, 1338
550165641764, 550165643369, 1605
550210558655, 550210560914, 2259
550264640864, 550264643486, 2622
550309467192, 550309468545, 1353
550378356053, 550378357142, 1089
550476470829, 550476471951, 1122
550575440537, 550575441953, 1416
550674395559, 550674396783, 1224
550773101453, 550773102389, 936
550872037755, 550872038553, 798
550970784753, 550970785728, 975
551073003209, 551073004205, 996
551168741022, 551168742156, 1134
551267493263, 551267494637, 1374
551352043659, 551352044721, 1062
551398758003, 551398759344, 1341
551451376883, 551451378113, 1230
551481652910, 551481654203, 1293
551550713269, 551550714643, 1374
551582199069, 551582200494, 1425
551649819784, 551649821065, 1281
551695621084, 551695622476, 1392
551748578917, 551748580216, 1299
551783332811, 551783334341, 1530
551847265854, 551847267234, 1380
551883323110, 551883324568, 1458
551946021327, 551946022830, 1503
551980061319, 551980062804, 1485
552045061973, 552045063236, 1263
552079719486, 552079720869, 1383
552143974572, 552143975937, 1365
552172143860, 552172145237, 1377
552242890675, 552242892121, 1446
552274512269, 552274513466, 1197
552341890737, 552341892972, 2235
552373640783, 552373642883, 2100
552441098812, 552441101776, 2964
552473813194, 552473815780, 2586
552539677447, 552539678650, 1203
552571378055, 552571379333, 1278
552638643047, 552638644331, 1284
552693077774, 552693079256, 1482
552737538992, 552737540543, 1551
552787402086, 552787403424, 1338
552836443594, 552836445172, 1578
552884499807, 552884501223, 1416
552966701158, 552966702613, 1455
553048204453, 553048205203, 750
553078460548, 553078461646, 1098
553147218923, 553147220780, 1857
553231764363, 553231765764, 1401
553239855387, 553239855750, 363
553239872805, 553239873120, 315
553271877684, 553271878770, 1086
553330869683, 553330870937, 1254
553360775753, 553360777514, 1761
553430086872, 553430088099, 1227
553462741669, 553462743154, 1485
553528578857, 553528580177, 1320
553564071449, 553564073903, 2454
553628075434, 553628079874, 4440
553663648008, 553663649256, 1248
553726752707, 553726754099, 1392
553758773663, 553758774800, 1137
553825667349, 553825668660, 1311
553859803983, 553859805183, 1200
553924552265, 553924553858, 1593
553980239243, 553980240530, 1287
554023523702, 554023525187, 1485
554056203611, 554056204754, 1143
554122445340, 554122446750, 1410
554158067391, 554158068939, 1548
554221388600, 554221389857, 1257
554258677856, 554258679104, 1248
554320306208, 554320307600, 1392
554351885944, 554351887312, 1368
554419231995, 554419233267, 1272
554453622509, 554453624168, 1659
554517897884, 554517900251, 2367
554546454533, 554546455997, 1464
554617024672, 554617026022, 1350
554651980336, 554651981890, 1554
554715976848, 554715978117, 1269
554747085896, 554747087195, 1299
554814945147, 554814947409, 2262
554844722116, 554844723508, 1392
554913796302, 554913797673, 1371
554946810135, 554946811671, 1536
555012727792, 555012730348, 2556
555050814688, 555050816038, 1350
555111670188, 555111671904, 1716
555141246506, 555141248180, 1674
555210658346, 555210660089, 1743
555255549664, 555255550846, 1182
555309477931, 555309479314, 1383
555346459631, 555346461434, 1803
555408388796, 555408390116, 1320
555442466985, 555442468098, 1113
555507297277, 555507298768, 1491
555537504743, 555537505916, 1173
555606223102, 555606224530, 1428
555661870849, 555661872172, 1323
555705153125, 555705155345, 2220
555733321762, 555733323163, 1401
555804067101, 555804068325, 1224
555835149199, 555835150345, 1146
555902995918, 555902997211, 1293
555936964048, 555936965608, 1560
556002162234, 556002170838, 8604
556031602246, 556031603365, 1119
556100818488, 556100819823, 1335
556199782682, 556199784515, 1833
556229718488, 556229719559, 1071
556298639416, 556298640982, 1566
556328436059, 556328437223, 1164
556397615451, 556397617359, 1908
556430016381, 556430017521, 1140
556496425598, 556496426783, 1185
556525704934, 556525706056, 1122
556595410726, 556595414113, 3387
556629495782, 556629497096, 1314
556694351778, 556694353089, 1311
556729543618, 556729544923, 1305
556793216437, 556793506528, 290091
556825612327, 556825613518, 1191
556892198869, 556892200150, 1281
556920484441, 556920485719, 1278
556991088289, 556991089936, 1647
557023906649, 557023908440, 1791
557090080935, 557090083968, 3033
557136761823, 557136763137, 1314
557189205185, 557189207210, 2025
557242751519, 557242752764, 1245
557287898794, 557287900201, 1407
557323722501, 557323725963, 3462
557386785478, 557386787533, 2055
557429000121, 557429001360, 1239
557485584448, 557485586176, 1728
557520226755, 557520228084, 1329
557584585923, 557584587897, 1974
557619330643, 557619331819, 1176
557683846352, 557683848980, 2628
557722306974, 557722308507, 1533
557782739438, 557782740779, 1341
557817139084, 557817140521, 1437
557881218049, 557881219702, 1653
557925221603, 557925223091, 1488
557980516559, 557980517828, 1269
558015883275, 558015885135, 1860
558079523423, 558079524819, 1396
558111353036, 558111354284, 1248
558178201256, 558178202570, 1314
558225371974, 558225373516, 1542
558277108702, 558277110403, 1701
558307844239, 558307845430, 1191
558376021569, 558376022838, 1269
558415971149, 558415972346, 1197
558474957080, 558474958775, 1695
558507632251, 558507633523, 1272
558573834823, 558573836215, 1392
558605910982, 558605912119, 1137
558673268091, 558673269669, 1578
558731500302, 558731501760, 1458
558785422446, 558785422893, 447
558884554835, 558884555615, 780
558983613125, 558983613863, 738
559021242272, 559021243388, 1116
559082647049, 559082648474, 1425
559181281658, 559181282426, 768
559211271100, 559211273305, 2205
559280194541, 559280195786, 1245
559379202661, 559379203441, 780
559478108437, 559478110042, 1605
559577049215, 559577049926, 711
559675932844, 559675933861, 1017
559774845525, 559774846308, 783
559873855656, 559873856694, 1038
559972735387, 559972736350, 963
560071430131, 560071431310, 1179
560116391265, 560116392525, 1260
560170869759, 560170870731, 972
560269450676, 560269451894, 1218
560368514478, 560368515579, 1101
560467360364, 560467361084, 720
560566271715, 560566272705, 990
560665090383, 560665091106, 723
560764075970, 560764076852, 882
560863007586, 560863008312, 726
560961996409, 560961997132, 723
561060788499, 561060789315, 816
561159757353, 561159758667, 1314
561258630261, 561258631059, 798
561357412764, 561357414052, 1288
561456414535, 561456415522, 987
561555406332, 561555407049, 717
561654266630, 561654267500, 870
561753166958, 561753167672, 714
561851970559, 561851971735, 1176
561951193065, 561951194112, 1047
562050044074, 562050044854, 780
562148941382, 562148942360, 978
562247915251, 562247916337, 1086
562293948415, 562293949615, 1200
562346786381, 562346787155, 774
562445719254, 562445719977, 723
562544518938, 562544520801, 1863
562629264706, 562629265561, 855
562669863888, 562669866513, 2625
562727848819, 562727849329, 510
562767701906, 562767703424, 1518
562827728445, 562827729252, 807
562855612761, 562855613940, 1179
562926669003, 562926670326, 1323
562965311563, 562965314092, 2529
563025521692, 563025522370, 678
563059493302, 563059495096, 1794
563124402420, 563124405054, 2634
563172481527, 563172483297, 1770
563222989689, 563222991027, 1338
563259440645, 563259441821, 1176
563322116824, 563322118207, 1383
563358204258, 563358206019, 1761
563420303916, 563420304438, 522
563454246882, 563454248262, 1380
563519885284, 563519886706, 1422
563563321176, 563563323921, 2745
563618974581, 563618976036, 1455
563660883606, 563660885028, 1422
563718344835, 563718346242, 1407
563761277714, 563761279652, 1938
563816470422, 563816471541, 1119
563850299495, 563850300632, 1137
563915301615, 563915302785, 1170
563954774358, 563954776530, 2172
564014304186, 564014305593, 1407
564047815001, 564047816342, 1341
564113600657, 564113603315, 2658
564153551401, 564153552865, 1464
564212044912, 564212045848, 936
564244856148, 564244858665, 2517
564311256715, 564311258038, 1323
564344914915, 564344916247, 1332
564409876748, 564409877645, 897
564445225065, 564445226403, 1338
564509059199, 564509061296, 2097
564541214088, 564541216443, 2355
564607886540, 564607889219, 2679
564640722914, 564640805018, 82104
564706873698, 564706875570, 1872
564739032018, 564739033704, 1686
564806083969, 564806085244, 1275
564838483597, 564838484938, 1341
564904772018, 564904773302, 1284
564956968129, 564956969323, 1194
565003144857, 565003145616, 759
565036091231, 565036092947, 1716
565102734255, 565102735734, 1479
565135233427, 565135234543, 1116
565201531246, 565201532695, 1449
565229611873, 565229613355, 1482
565300422423, 565300423665, 1242
565399248494, 565399249997, 1503
565432755247, 565432756552, 1305
565498473880, 565498476052, 2172
565529026290, 565529027781, 1491
565597332243, 565597333590, 1347
565627995143, 565627996421, 1278
565696393117, 565696394500, 1383
565727931498, 565727933481, 1983
565795466739, 565795468209, 1470
565826797809, 565826799048, 1239
565894117549, 565894119127, 1578
565927743448, 565927744678, 1230
565992904925, 565992906482, 1557
566024570304, 566024571825, 1521
566092079750, 566092081316, 1566
566124573651, 566124574758, 1107
566190699230, 566190700490, 1260
566225839984, 566225841166, 1182
566289875016, 566289877323, 2307
566321871728, 566321873117, 1389
566388953707, 566388954934, 1227
566427024806, 566427026012, 1206
566487484447, 566487485878, 1431
566518952686, 566518953814, 1128
566586651169, 566586653272, 2103
566617074072, 566617075242, 1170
566685341407, 566685342934, 1527
566722654474, 566722655671, 1197
566784218291, 566784219632, 1341
566813816438, 566813818319, 1881
566883052576, 566883053842, 1266
566915561522, 566915562755, 1233
566981900770, 566981902249, 1479
567018226292, 567018227564, 1272
567080720522, 567080721815, 1293
567110089246, 567110090431, 1185
567179572555, 567179574109, 1554
567212082849, 567212083923, 1074
567278409373, 567278410786, 1413
567311164495, 567311165701, 1206
567377322283, 567377323759, 1476
567408200411, 567408201698, 1287
567476149296, 567476177463, 28167
567509152919, 567509154311, 1392
567574991603, 567574994051, 2448
567602899347, 567602900532, 1185
567673790895, 567673792269, 1374
567719202756, 567719204004, 1248
567772594214, 567772595957, 1743
567808115810, 567808117268, 1458
567871465035, 567871466397, 1362
567903074037, 567903075405, 1368
567970306115, 567970307615, 1500
568006774067, 568006775405, 1338
568069173485, 568069174736, 1251
568112769804, 568112771133, 1329
568168015378, 568168019551, 4173
568199974589, 568199975795, 1206
568266846514, 568266848323, 1809
568302341423, 568302342905, 1482
568365675139, 568365676840, 1701
568464376238, 568464377384, 1146
568503842369, 568503843989, 1620
568563367659, 568563368946, 1287
568593728461, 568593729739, 1278
568662190389, 568662191730, 1341
568691886581, 568691887736, 1155
568760720253, 568760721411, 1158
568789749329, 568789750835, 1506
568859876891, 568859878406, 1515
568899885101, 568899886508, 1407
568958542413, 568958544723, 2310
569001669017, 569001670835, 1818
569057576529, 569057577840, 1311
569089630782, 569089632366, 1584
569156431799, 569156434169, 2370
569184536919, 569184538143, 1224
569254815269, 569254816370, 1101
569296832486, 569296834541, 2055
569354099156, 569354100533, 1377
569391728556, 569391729834, 1278
569452965458, 569452966820, 1362
569498552583, 569498553924, 1341
569551814195, 569551815557, 1362
569585733652, 569585734858, 1206
569650423980, 569650424820, 840
569680817573, 569680819382, 1809
569749292904, 569749293771, 867
569795142647, 569795143979, 1332
569848276968, 569848278285, 1317
569886795346, 569886796630, 1284
569947144916, 569947147085, 2169
570003833341, 570003835078, 1737
570046013221, 570046014637, 1416
570084307707, 570084308967, 1260
570144678638, 570144679970, 1332
570175756629, 570175758231, 1602
570243499069, 570243500623, 1554
570274161310, 570274162663, 1353
570342759920, 570342761312, 1392
570371831597, 570371833028, 1431
570441410755, 570441413365, 2610
570474732496, 570474733690, 1194
570540166489, 570540167950, 1461
570576407481, 570576409128, 1647
570639002141, 570639003593, 1452
570670643150, 570670644239, 1089
570737849646, 570737850981, 1335
570785596276, 570785598070, 1794
570836672301, 570836674764, 2463
570868962825, 570868964187, 1362
570935826185, 570935828636, 2451
570985263976, 570985265587, 1611
571034401483, 571034403451, 1968
571075746794, 571075748204, 1410
571133231116, 571133232397, 1281
571170895776, 571170897294, 1518
571232070678, 571232072124, 1446
571266016823, 571266018698, 1875
571330904460, 571330905873, 1413
571368517368, 571368519258, 1890
571429744647, 571429746192, 1545
571528383111, 571528385256, 2145
571568275043, 571568276606, 1563
571627456696, 571627458214, 1518
571659462574, 571659464059, 1485
571726259803, 571726261162, 1359
571758838806, 571758840015, 1209
571825082377, 571825084006, 1629
571857681759, 571857682992, 1233
571923958550, 571923959846, 1296
571955417903, 571955419007, 1104
572022791708, 572022793205, 1497
572058508666, 572058510154, 1488
572121636995, 572121638435, 1440
572152176652, 572152177723, 1071
572220467555, 572220469463, 1908
572251949168, 572251950353, 1185
572319363161, 572319364418, 1257
572358567572, 572358568916, 1344
572418141903, 572418143445, 1542
572449706282, 572449707485, 1203
572516998378, 572516999854, 1476
572547526970, 572547528149, 1179
572615865200, 572615867660, 2460
572649176688, 572649178212, 1524
572714700497, 572714702129, 1632
572757919808, 572757920996, 1188
572813524000, 572813525347, 1347
572860570795, 572860572520, 1725
572911954615, 572911955479, 864
572943160579, 572943161746, 1167
573011207457, 573011208357, 900
573044347431, 573044348583, 1152
573110140105, 573110141329, 1224
573154187017, 573154188271, 1254
573208856828, 573208858280, 1452
573241457056, 573241458238, 1182
573307744653, 573307745904, 1251
573351138498, 573351139776, 1278
573406654787, 573406656395, 1608
573448793786, 573448795100, 1314
573505394019, 573505395378, 1359
573543304373, 573543305633, 1260
573604262537, 573604264169, 1632
573648805503, 573648807063, 1560
573703039576, 573703041019, 1443
573732145305, 573732146478, 1173
573801978114, 573801979872, 1758
573832128322, 573832129438, 1116
573900457001, 573900457949, 948
573933104363, 573933105494, 1131
573999584279, 573999585860, 1581
574031243040, 574031244204, 1164
574098057816, 574098059496, 1680
574136303292, 574136304960, 1668
574197499245, 574197502029, 2784
574228939742, 574228941020, 1278
574296210455, 574296211931, 1476
574340604869, 574340606342, 1473
574395029449, 574395031114, 1665
574429503080, 574429504274, 1194
574493830707, 574493832021, 1314
574592787614, 574592789873, 2259
574637065750, 574637067586, 1836
574691530855, 574691532100, 1245
574733295359, 574733383391, 88032
574790331181, 574790332561, 1380
574825289329, 574825290511, 1182
574889185677, 574889187060, 1383
574925145162, 574925146824, 1662
574988000747, 574988002301, 1554
575019454279, 575019455404, 1125
575086887542, 575086889819, 2277
575118602994, 575118604338, 1344
575185728308, 575185729397, 1089
575221480675, 575221481911, 1236
575284582622, 575284584008, 1386
575317305422, 575317306853, 1431
575383460940, 575383461801, 861
575419905725, 575419906919, 1194
575482259602, 575482260907, 1305
575518154045, 575518155239, 1194
575581100981, 575581102280, 1299
575613949404, 575613950931, 1527
575680026847, 575680028164, 1317
575726854493, 575726856965, 2472
575778934782, 575778936831, 2049
575812583403, 575812584828, 1425
575877659322, 575877660720, 1398
575907302839, 575907306100, 3261
575976573354, 575976575076, 1722
576014019191, 576014020883, 1692
576074860232, 576074861918, 1686
576115045590, 576115046850, 1260
576174113882, 576174115262, 1380
576215766837, 576215769024, 2187
576272667383, 576272668157, 774
576306029879, 576306032225, 2346
576371432343, 576371432973, 630
576402339713, 576402340748, 1035
576470550983, 576470552387, 1404
576521851809, 576521853753, 1944
576583235828, 576583236317, 489
576682103139, 576682104204, 1065
576781253970, 576781255566, 1596
576814931241, 576814933329, 2088
576881234867, 576881235815, 948
576978596825, 576978597485, 660
577077678811, 577077679693, 882
577176314937, 577176316578, 1641
577275129399, 577275130554, 1155
577374156573, 577374157299, 726
577472990997, 577472991999, 1002
577571950759, 577571951968, 1209
577603589822, 577603591700, 1878
577671321130, 577671324169, 3039
577769370746, 577769372456, 1710
577868401548, 577868402349, 801
577967365751, 577967366663, 912
578066084008, 578066084731, 723
578164980022, 578164981300, 1278
578263726474, 578263727254, 780
578364039322, 578364041017, 1695
578462210498, 578462212904, 2406
578560255770, 578560256790, 1020
578659232869, 578659233595, 726
578757931438, 578757932383, 945
578856587367, 578856588828, 1461
578955618804, 578955619584, 780
579054317699, 579054319733, 2034
579082022024, 579082024160, 2136
579153670493, 579153786164, 115671
579252056683, 579252057517, 834
579336601376, 579336602306, 930
579374006039, 579374007386, 1347
579436249181, 579436250012, 831
579471425160, 579471427668, 2508
579534713553, 579534715131, 1578
579564187565, 579564188735, 1170
579633627772, 579633629698, 1926
579676104073, 579676105843, 1770
579732726264, 579732727764, 1500
579766626916, 579766629697, 2781
579831271208, 579831274652, 3444
579877657544, 579877659443, 1899
579943851164, 579943851542, 378
580042883776, 580042884571, 795
580141804153, 580141805464, 1311
580240581892, 580240582618, 726
580339258540, 580339259917, 1377
580438018361, 580438018796, 435
580536925719, 580536927573, 1854
580621696366, 580621697260, 894
580671235816, 580671236905, 1089
580721151296, 580721152787, 1491
580763711627, 580763713115, 1488
580819814404, 580819816294, 1890
580863856001, 580863858335, 2334
580918559553, 580918562139, 2586
580961815560, 580961816838, 1278
581016729386, 581016730199, 813
581049081140, 581049082580, 1440
581116257172, 581116258477, 1305
581146980923, 581146982078, 1155
581215031999, 581215033295, 1296
581249627688, 581249629260, 1572
581313895636, 581313897178, 1542
581344698699, 581344700139, 1440
581412733123, 581412734515, 1392
581443822595, 581443823750, 1155
581511470071, 581511471457, 1386
581542898929, 581542900849, 1920
581610416770, 581610418090, 1320
581652009702, 581652012519, 2817
581709552938, 581709555161, 2223
581740913799, 581740915035, 1236
581808102563, 581808104099, 1536
581839764664, 581839767091, 2427
581906949848, 581906951210, 1362
581938214087, 581938215275, 1188
582005672826, 582005674356, 1530
582035761676, 582035763782, 2106
582104155757, 582104157503, 1746
582154038298, 582154040224, 1926
582203193751, 582203195191, 1440
582232365228, 582232367856, 2628
582301882516, 582301883680, 1164
582334490567, 582334492304, 1737
582401422881, 582401424561, 1680
582432868293, 582432870429, 2136
582500556302, 582500560130, 3828
582535507741, 582535509700, 1959
582599070949, 582599072629, 1680
582628687652, 582628688846, 1194
582697581260, 582697582460, 1200
582744276988, 582744280360, 3372
582795965059, 582795965959, 900
582834459550, 582834460876, 1326
582895340485, 582895341712, 1227
582929709024, 582929710257, 1233
582994151936, 582994153796, 1860
583036824861, 583036826040, 1179
583093070562, 583093071816, 1254
583125770536, 583125771793, 1257
583192034860, 583192037410, 2550
583224846067, 583224847267, 1200
583290689891, 583290691301, 1410
583321134681, 583321136043, 1362
583389557536, 583389558970, 1434
583422210525, 583422211674, 1149
583488347033, 583488348500, 1467
583520183652, 583520184819, 1167
583586951209, 583586953345, 2136
583619420326, 583619422045, 1719
583685871484, 583685873656, 2172
583784790282, 583784791032, 750
583826724810, 583826726115, 1305
583883746303, 583883747644, 1341
583919682839, 583919684228, 1389
583982586702, 583982589387, 2685
584017231018, 584017418260, 187242
584081417034, 584081418342, 1308
584134163509, 584134165675, 2166
584179844142, 584179844685, 543
584210781941, 584210783318, 1377
584279091080, 584279092556, 1476
584310307548, 584310308739, 1191
584377948222, 584377950286, 2064
584420863582, 584420865286, 1704
584476774575, 584476775937, 1362
584506286626, 584506287913, 1287
584575627515, 584575629393, 1878
584604486413, 584604487619, 1206
584674492553, 584674493945, 1392
584704801411, 584704802704, 1293
584773615602, 584773617243, 1641
584803457171, 584803458644, 1473
584872441185, 584872442637, 1452
584905640509, 584905641997, 1488
584971052491, 584971053994, 1503
585002187293, 585002188937, 1644
585070080057, 585070081794, 1737
585100064866, 585100065736, 870
585168933055, 585168933736, 681
585216378934, 585216380893, 1959
585267530065, 585267531316, 1251
585300252092, 585300253607, 1515
585366760308, 585366769785, 9477
585400172780, 585400174256, 1476
585485915859, 585485917524, 1665
585486726708, 585486727632, 924
585515020194, 585515020512, 318
585515039163, 585515039475, 312
585572488522, 585572490163, 1641
585622721933, 585622722575, 642
585628994105, 585628994921, 816
585675087647, 585675089417, 1770
585730053905, 585730054274, 369
585730312379, 585730312691, 312
585736430198, 585736430564, 366
585777344615, 585777345809, 1194
585823594788, 585823595130, 342
585874319318, 585874320332, 1014
585973430148, 585973431651, 1503
586072197063, 586072197991, 928
586171034940, 586171036131, 1191
586269873454, 586269874634, 1180
586368716930, 586368717731, 801
586467553160, 586467553889, 729
586566463975, 586566464800, 825
586665446375, 586665447284, 909
586764085708, 586764086422, 714
586794925027, 586794926089, 1062
586862804145, 586862805768, 1623
586961792798, 586961793830, 1032
587060646255, 587060647872, 1617
587159479075, 587159480083, 1008
587258262150, 587258263062, 912
587357522939, 587357524598, 1659
587456005049, 587456005829, 780
587555043968, 587555045342, 1374
587653509996, 587653511316, 1320
587752508659, 587752509646, 987
587851318155, 587851319013, 858
587950300565, 587950301537, 972
588049048098, 588049049253, 1155
588147873179, 588147873899, 720
588246679973, 588246680768, 795
588345550645, 588345551422, 777
588444394082, 588444394814, 732
588543244857, 588543245787, 930
588642078039, 588642078756, 717
588740950100, 588740951078, 978
588839757666, 588839758431, 765
588938593889, 588938594618, 729
589136073105, 589136073957, 852
589235134835, 589235135639, 804
589334049333, 589334050059, 726
589432659321, 589432660710, 1389
589531672399, 589531673209, 810
589630371828, 589630372611, 783
589729357311, 589729358106, 795
589828165074, 589828165917, 843
589927042154, 589927043072, 918
590025885520, 590025886309, 789
590124695733, 590124696762, 1029
590223633473, 590223634190, 717
590322413013, 590322413961, 948
590421262699, 590421263491, 792
590520036116, 590520037151, 1035
590618971863, 590618972667, 804
590717812227, 590717812950, 723
590816582675, 590816583470, 795
590915617366, 590915619205, 1839
591014282484, 591014283222, 738
591113091453, 591113092359, 906
591211774129, 591211775263, 1134
591310785755, 591310786811, 1056
591409655645, 591409656509, 864
591508497938, 591508498742, 804
591607457751, 591607458960, 1209
591706188131, 591706189046, 915
591805001787, 591805002561, 774
591903865571, 591903867803, 2232
592002822576, 592002823332, 756
592101606192, 592101607158, 966
592200367766, 592200368564, 798
592299225331, 592299226228, 897
592398080103, 592398080895, 792
592496884521, 592496885247, 726
592595732701, 592595733493, 792
592694615347, 592694616772, 1425
592793452794, 592793453571, 777
592892337271, 592892338285, 1014
592919069086, 592919070187, 1101
592991092555, 592991093338, 783
593089756124, 593089757234, 1110
593188848537, 593188849500, 963
593287643544, 593287644456, 912
593386492713, 593386493472, 759
593485334610, 593485335405, 795
593584144511, 593584145312, 801
593682779205, 593682779823, 618
593781903841, 593781905257, 1416
593880639612, 593880640467, 855
593979576343, 593979578566, 2223
594078262907, 594078263690, 783
594177208355, 594177209315, 960
594276039998, 594276040832, 834
594374908315, 594374909302, 987
594473829325, 594473830297, 972
594572552685, 594572553450, 765
594671483836, 594671484691, 855
594770066316, 594770067480, 1164
594869120147, 594869122937, 2790
594967988042, 594967989788, 1746
595066918210, 595066919425, 1215
595165566950, 595165567745, 795
595264596134, 595264597481, 1347
595363386790, 595363387720, 930
595462150553, 595462151591, 1038
595561088627, 595561089398, 771
595659826963, 595659827740, 777
595758757803, 595758759273, 1470
595857498904, 595857499690, 786
595956201376, 595956202186, 810
595997327595, 595997329098, 1503
596055217622, 596055218345, 723
596154004543, 596154005320, 777
596252873947, 596252874886, 939
596351827840, 596351829556, 1716
596450362677, 596450364333, 1656
596549355925, 596549356675, 750
596648275127, 596648276324, 1197
596747065515, 596747066397, 882
596845887622, 596845888402, 780
596944733784, 596944734579, 795
597043601279, 597043602071, 792
597142516295, 597142518098, 1803
597241298213, 597241299059, 846
597340125902, 597340126682, 780
597438975624, 597438976881, 1257
597537780408, 597537781194, 786
597636562898, 597636563621, 723
597735471939, 597735472710, 771
597834247761, 597834248541, 780
597933182105, 597933183068, 963
598032034153, 598032035065, 912
598130698130, 598130699534, 1404
598229892130, 598229893819, 1689
598328524376, 598328525336, 960
598427388529, 598427389324, 795
598526132086, 598526133034, 948
598625031965, 598625032766, 801
598723861908, 598723862751, 843
598822787306, 598822788104, 798
598921601173, 598921601983, 810
599020494166, 599020495273, 1107
599048814445, 599048815702, 1257
599119240850, 599119241630, 780
599218226286, 599218227015, 729
599316951012, 599316951870, 858
599415808451, 599415809177, 726
599514790502, 599514791882, 1380
599613442526, 599613443252, 726
599712382989, 599712384198, 1209
599811335416, 599811337198, 1782
599909806984, 599909808121, 1137
600008784481, 600008785468, 987
600107689257, 600107690232, 975
600206522128, 600206522857, 729
600305335618, 600305337403, 1785
600404145189, 600404145987, 798
600503070981, 600503072436, 1455
600601659066, 600601660251, 1185
600700745173, 600700746093, 920
600799516516, 600799517347, 831
600898371768, 600898372608, 840
600997279590, 600997280670, 1080
601096267738, 601096270111, 2373
601194960833, 601194961667, 834
601293674176, 601293676174, 1998
601392630718, 601392631510, 792
601491431494, 601491432877, 1383
601590289654, 601590290455, 801
601689085922, 601689086705, 783
601787953523, 601787954288, 765
601886858939, 601886859947, 1008
601985611665, 601985612460, 795
602084479682, 602084480633, 951
602183188569, 602183189322, 753
602282151682, 602282152705, 1023
602381068585, 602381069539, 954
602479852786, 602479853746, 960
602578720031, 602578720790, 759
602677739521, 602677740868, 1347
602776370940, 602776371894, 954
602875205287, 602875206532, 1245
602974044094, 602974044898, 804
603072740456, 603072742208, 1752
603171951754, 603171952867, 1113
603270565068, 603270565917, 849
603369459978, 603369461145, 1167
603468538826, 603468539984, 1158
603567171798, 603567172710, 912
603666004049, 603666005693, 1644
603764777776, 603764778562, 786
603863652615, 603863653593, 978
603962455735, 603962456533, 798
604061333151, 604061334081, 930
604160148643, 604160149645, 1002
604258993822, 604258994602, 780
604357857094, 604357857994, 900
604456626149, 604456628636, 2487
604555529098, 604555529983, 885
604654355621, 604654356542, 921
604753213537, 604753214329, 792
604852194587, 604852195778, 1191
604889077038, 604889078382, 1344
604950923502, 604950924288, 786
605049740392, 605049741163, 771
605148611249, 605148613415, 2166
605191217920, 605191220092, 2172
605247484108, 605247484828, 720
605346272432, 605346273200, 768
605445127041, 605445128067, 1026
605543972488, 605543973280, 792
605642846538, 605642848890, 2352
605741632671, 605741634432, 1761
605840499696, 605840500770, 1074
605939380537, 605939381692, 1155
606038175988, 606038176711, 723
606137039187, 606137039994, 807
606235858465, 606235859356, 891
606334717892, 606334718624, 732
606433486180, 606433487983, 1803
606532384118, 606532384922, 804
606631583290, 606631585450, 2160
606730001958, 606730002711, 753
606828856791, 606828857547, 756
606927533263, 606927534511, 1248
607026579838, 607026580654, 816
607125433425, 607125434166, 741
607224245672, 607224246803, 1131
607323210906, 607323211995, 1089
607421932510, 607421933812, 1302
607520770309, 607520771092, 783
607620422309, 607620423302, 993
607718496705, 607718497566, 861
607817395571, 607817396726, 1155
607916049953, 607916050961, 1008
608015104276, 608015105170, 894
608113827523, 608113828306, 783
608212791989, 608212793795, 1806
608311730455, 608311731883, 1428
608410334315, 608410335263, 948
608509170319, 608509171348, 1029
608608050004, 608608050934, 930
608706890187, 608706891261, 1074
608805757025, 608805757865, 840
608904621285, 608904622848, 1563
609003394404, 609003395478, 1074
609102278559, 609102279282, 723
609200931386, 609200933975, 2589
609299907317, 609299908121, 804
609398973533, 609398975204, 1671
609497562016, 609497562808, 792
609596447392, 609596449198, 1806
609695561533, 609695563669, 2136
609794171806, 609794172751, 945
609893012240, 609893013395, 1155
609991818082, 609991819321, 1239
610090614877, 610090615669, 792
610189879046, 610189882472, 3426
610288349952, 610288350714, 762
610387021193, 610387022141, 948
610486075810, 610486077187, 1377
610584839209, 610584839977, 768
610683795541, 610683796489, 948
610782548623, 610782549646, 1023
610881264826, 610881265774, 948
610980246663, 610980247437, 774
610600531117, 610600532275, 1158
610669730254, 610669731505, 1251
610713468532, 610713470002, 1470
610768302923, 610768303868, 945
610797730258, 610797731482, 1224
610867432217, 610867433615, 1398
610915850368, 610915851889, 1521
610966279082, 610966280552, 1470
610998171906, 610998173526, 1620
611065114764, 611065116831, 2067
611105172965, 611105174372, 1407
611163938492, 611163939974, 1482
611197659044, 611197660508, 1464
611262800012, 611262801353, 1341
611361651010, 611361652450, 1440
611403441266, 611403442364, 1098
611460467340, 611460468738, 1398
611492531354, 611492532722, 1368
611559315280, 611559316846, 1566
611590838292, 611590839480, 1188
611658181842, 611658182688, 846
611696531768, 611696533259, 1491
611756712120, 611756713696, 1576
611796303470, 611796304586, 1116
611855856492, 611855857704, 1212
611893643924, 611893645355, 1431
611954516351, 611954517626, 1275
611985230720, 611985231845, 1125
612053544329, 612053546480, 2151
612093019371, 612093023889, 4518
612152393047, 612152394316, 1269
612181838672, 612181839833, 1161
612250982789, 612250984544, 1755
612283646438, 612283647851, 1413
612350069210, 612350070683, 1473
612382606729, 612382608127, 1398
612448830540, 612448832202, 1662
612479582521, 612479583634, 1113
612547745208, 612547746642, 1434
612583241156, 612583243274, 2118
612646588196, 612646589609, 1413
612675677525, 612675678956, 1431
612745488226, 612745489243, 1017
612787343561, 612787344788, 1227
612844092945, 612844094217, 1272
612876029665, 612876030871, 1206
612943096760, 612943098170, 1410
612980610535, 612980611966, 1431
613041947092, 613041948454, 1362
613079503566, 613079504853, 1287
613140773613, 613140775077, 1464
613179460951, 613179462640, 1689
613239618732, 613239621720, 2988
613285833259, 613285834783, 1524
613337802386, 613337802905, 519
613372860408, 613372862370, 1962
613437331975, 613437333652, 1677
613469189063, 613469190245, 1182
613536142420, 613536143848, 1428
613570410266, 613570411478, 1212
613635112727, 613635115601, 2874
613667410278, 613667411817, 1539
613733790912, 613733792175, 1263
613766919257, 613766920505, 1248
613832650989, 613832652525, 1536
613871081774, 613871084699, 2925
613931511555, 613931512869, 1314
613971763515, 613971764670, 1155
614030327814, 614030330376, 2562
614060550056, 614060551286, 1230
614129152718, 614129154122, 1404
614168655566, 614168657168, 1602
614227928066, 614227929578, 1512
614256539482, 614256540487, 1005
614326797386, 614326798742, 1356
614425723723, 614425725568, 1845
614461977275, 614461978694, 1419
614524504281, 614524505619, 1338
614554969959, 614554971342, 1383
614623399069, 614623400323, 1254
614653407724, 614653408807, 1083
614722233973, 614722236133, 2160
614751901733, 614751902999, 1266
614821091253, 614821093386, 2133
614865433131, 614865434355, 1224
614919931514, 614919932762, 1248
614954642449, 614954644147, 1698
615018850333, 615018852031, 1698
615047597040, 615047598420, 1380
615117599589, 615117600978, 1389
615151103719, 615151104994, 1275
615216449271, 615216450741, 1470
615246143387, 615246144797, 1410
615315304382, 615315305744, 1362
615346294318, 615346295488, 1170
615414144716, 615414146075, 1359
615461971632, 615461973174, 1542
615512974154, 615512976086, 1932
615543971008, 615543972013, 1005
615611838636, 615611839950, 1314
615642921230, 615642922670, 1440
615710975750, 615710977307, 1557
615754241797, 615754243888, 2091
615809502272, 615809504030, 1758
615840410782, 615840412096, 1314
615907685768, 615907686755, 987
615949882892, 615949884476, 1584
616006969269, 616006970682, 1413
616040087802, 616040089080, 1278
616106027582, 616106029514, 1932
616137534194, 616137535460, 1266
616204863814, 616204865299, 1485
616236309959, 616236311900, 1941
616303710029, 616303712126, 2097
616335513664, 616335515116, 1452
616402556689, 616402557937, 1248
616449123294, 616449124491, 1197
616501364185, 616501365871, 1686
616534016184, 616534017873, 1689
616600217732, 616600218995, 1263
616640695371, 616640696613, 1242
616699069326, 616699070616, 1290
616746503489, 616746504752, 1263
616798106739, 616798108194, 1455
616845341060, 616845342449, 1389
616896729677, 616896730952, 1275
616955377345, 616955379355, 2010
616995297710, 616995298436, 726
617029472289, 617029473708, 1419
617094297210, 617094298503, 1293
617130289529, 617130290741, 1212
617193302236, 617193303652, 1416
617223557960, 617223560510, 2550
617292301307, 617292302678, 1371
617333622080, 617333623565, 1485
617390957353, 617390959642, 2289
617434028661, 617434029861, 1200
617490002438, 617490003767, 1329
617525530215, 617525531712, 1497
617588619328, 617588620564, 1236
617619088849, 617619089986, 1137
617687304789, 617687306031, 1242
617720421326, 617720422808, 1482
617800318780, 617800319440, 660
617900486138, 617900487428, 1290
617998131973, 617998134433, 2460
618096861158, 618096862388, 1230
618195549825, 618195550599, 774
618294456645, 618294457476, 831
618393110372, 618393111932, 1560
618492096284, 618492097043, 759
618591017968, 618591018739, 771
618689884953, 618689885733, 780
618788664454, 618788665408, 954
618887522260, 618887523061, 801
618986441858, 618986443703, 1845
619085254962, 619085255697, 735
619184007178, 619184008348, 1170
619282877227, 619282878031, 804
619381532767, 619381534069, 1302
619480572357, 619480573092, 735
619579476322, 619579477285, 963
619678357962, 619678358742, 780
619777099159, 619777101127, 1968
619875983276, 619875983993, 717
619974848620, 619974849583, 963
620073630029, 620073630764, 735
620172477045, 620172477981, 936
620271432009, 620271433245, 1236
620370200824, 620370201760, 936
620469006427, 620469007234, 807
620503057967, 620503059056, 1089
620567919416, 620567920505, 1089
620666496395, 620666497868, 1473
620765458262, 620765459060, 798
620864337113, 620864338034, 921
620963209723, 620963210452, 729
621062050901, 621062051834, 933
621160902986, 621160903778, 792
621259734156, 621259734936, 780
621358541829, 621358542603, 774
621457382531, 621457384580, 2049
621556253950, 621556254703, 753
621655093429, 621655094209, 780
621753909516, 621753910242, 726
621852747421, 621852748147, 726
621951570324, 621951571101, 777
622050436680, 622050437640, 960
622149286660, 622149287683, 1023
622248115034, 622248116030, 996
622346783008, 622346784331, 1323
622445586779, 622445587807, 1028
622544722167, 622544722890, 723
622643532761, 622643534081, 1320
622742357588, 622742359148, 1560
622841102046, 622841102826, 780
622940044332, 622940045637, 1305
623038892900, 623038894586, 1686
623137826930, 623137827878, 948
623236656731, 623236658948, 2217
623335449952, 623335450843, 891
623434304520, 623434306092, 1572
623533075805, 623533076600, 795
623631687213, 623631687786, 573
623730726960, 623730727704, 744
623829604460, 623829605375, 915
623928447800, 623928448619, 819
624027252858, 624027253590, 732
624126124230, 624126124953, 723
624224795133, 624224796804, 1671
624323775931, 624323776663, 732
624422621048, 624422621786, 738
624112078602, 624112080054, 1452
624147025527, 624147026781, 1254
624210998898, 624211001091, 2193
624253463454, 624253465035, 1581
624309854840, 624309856097, 1257
624341429737, 624341432491, 2754
624408682193, 624408683411, 1218
624438010019, 624438011453, 1434
624507544264, 624507545668, 1404
624536094183, 624536095494, 1311
624606368803, 624606370726, 1923
624637832845, 624637835413, 2568
624704839569, 624704840955, 1386
624734231393, 624734233151, 1758
624804063270, 624804064554, 1284
624833247934, 624833250385, 2451
624902756660, 624902757968, 1308
624930762977, 624930764117, 1140
625001737975, 625001739385, 1410
625048870253, 625048871711, 1458
625100596508, 625100598011, 1503
625139581323, 625139582889, 1566
625199520243, 625199521641, 1398
625228143613, 625228144720, 1107
625298268186, 625298269479, 1293
625326814265, 625326815642, 1377
625396891380, 625396892976, 1596
625424896766, 625424898197, 1431
625495747118, 625495747904, 786
625527732201, 625527734466, 2265
625594802910, 625594804626, 1716
625623174931, 625623176098, 1167
625693634586, 625693635870, 1284
625732839501, 625732841031, 1530
625792462844, 625792464062, 1218
625823407044, 625823408907, 1863
625891142262, 625891143345, 1083
625919268515, 625919269910, 1395
625989932550, 625989934044, 1494
626033769886, 626033771377, 1491
626089038167, 626089039508, 1341
626117513477, 626117515697, 2220
626187985982, 626187987485, 1503
626216752251, 626216753337, 1086
626286577319, 626286578396, 1077
626385207070, 626385208465, 1395
626417132250, 626417133888, 1638
626484595502, 626484597191, 1689
626514125965, 626514127177, 1212
626582981549, 626582982902, 1353
626622230744, 626622232733, 1989
626682317840, 626682319211, 1371
626711520273, 626711522109, 1836
626780753528, 626780755166, 1638
626829150036, 626829151272, 1236
626879458635, 626879459316, 681
626908059815, 626908060865, 1050
626978607914, 626978609456, 1542
627024868793, 627024870395, 1602
627077423124, 627077424573, 1449
627110222842, 627110224039, 1197
627176259848, 627176261504, 1656
627206638447, 627206639659, 1212
627274963130, 627274964357, 1227
627305946839, 627305948306, 1467
627373901340, 627373902870, 1530
627403309844, 627403311014, 1170
627472949748, 627472951050, 1302
627503304001, 627503305342, 1341
627571566142, 627571567717, 1575
627602538775, 627602540029, 1254
627670556514, 627670558002, 1488
627700430180, 627700431689, 1509
627769305222, 627769306767, 1545
627799279616, 627799281320, 1704
627868240713, 627868244121, 3408
627910584194, 627910585313, 1119
627966984395, 627966985655, 1260
628010087896, 628010089063, 1167
628065832421, 628065834125, 1704
628094357264, 628094358389, 1125
628164734523, 628164735891, 1368
628212880859, 628212882266, 1407
628263500195, 628263501707, 1512
628293417732, 628293418842, 1110
628362338915, 628362340340, 1425
628394241718, 628394243251, 1533
628461156145, 628461157753, 1608
628491194298, 628491195339, 1041
628560025761, 628560026604, 843
628588934286, 628588935333, 1047
628658842857, 628658844540, 1683
628695256337, 628695257939, 1602
628757668465, 628757670013, 1548
628794201807, 628794203157, 1350
628856522225, 628856523773, 1548
628885990444, 628885991923, 1479
628955482599, 628955484873, 2274
628984430317, 628984431595, 1278
629054324070, 629054326179, 2109
629093976924, 629093980218, 3294
629153033421, 629153035662, 2241
629181692399, 629181693581, 1182
629251604474, 629251605380, 906
629290325576, 629290326947, 1371
629350734496, 629350736023, 1527
629384148627, 629384149800, 1173
629449577308, 629449578732, 1424
629478634048, 629478635155, 1107
629548483762, 629548486408, 2646
629589157314, 629589158742, 1428
629646922349, 629646923318, 969
629746130068, 629746131622, 1554
629781619082, 629781620297, 1215
629844969320, 629844970598, 1278
629875799888, 629875801025, 1137
629943643093, 629943644362, 1269
629984861819, 629984864099, 2280
630042656410, 630042657751, 1341
630079204921, 630079207597, 2676
630141538126, 630141539536, 1410
630172485950, 630172487177, 1227
630240204913, 630240206155, 1242
630290229125, 630290230913, 1788
630338536841, 630338537483, 642
630384619652, 630384621020, 1368
630438063735, 630438065274, 1539
630467884986, 630467887206, 2220
630536726527, 630536727919, 1392
630568472353, 630568473940, 1587
630635974738, 630635976007, 1269
630681590214, 630681592908, 2694
630734705772, 630734709240, 3468
630762672155, 630762673550, 1395
630833642791, 630833645014, 2223
630870239770, 630870240961, 1191
630932221815, 630932223249, 1434
630964776649, 630964778713, 2064
631031051371, 631031052778, 1407
631058513013, 631058514282, 1269
631129888582, 631129889836, 1254
631175735083, 631175736508, 1425
631228726661, 631228728257, 1596
631257509264, 631257510449, 1185
631327860929, 631327863134, 2205
631426278880, 631426280287, 1407
631458803830, 631458805009, 1179
631525262910, 631525264281, 1371
631555549413, 631555551210, 1797
631624098111, 631624099560, 1449
631650980973, 631650982173, 1200
631723335366, 631723337622, 2256
631758396210, 631758397572, 1362
631821787534, 631821788896, 1362
631852067882, 631852069175, 1293
631920658846, 631920660325, 1479
631950613231, 631950614320, 1089
632019759470, 632019761270, 1800
632069290601, 632069291990, 1389
632118321609, 632118324126, 2517
632153976923, 632153978123, 1200
632217222902, 632217224474, 1572
632248985234, 632248986713, 1479
632316292679, 632316295295, 2616
632346260832, 632346262044, 1212
632414837912, 632414839397, 1485
632456787232, 632456790190, 2958
632513683143, 632513684724, 1581
632549549384, 632549550617, 1233
632612555135, 632612556842, 1707
632644949888, 632644951832, 1944
632711591361, 632711593062, 1701
632759484574, 632759485675, 1101
632810226916, 632810229148, 2232
632841997334, 632841999332, 1998
632909099198, 632909411937, 312739
632943564116, 632943566150, 2034
633007961502, 633007962213, 711
633039786309, 633039788235, 1926
633106768657, 633106770463, 1806
633137958536, 633137960162, 1626
633205565818, 633205567141, 1323
633237525843, 633237527361, 1518
633304385496, 633304386909, 1413
633350918610, 633350919969, 1359
633403130857, 633403131850, 993
633432813969, 633432815109, 1140
633502095240, 633502097007, 1767
633541826376, 633541827561, 1185
633600947262, 633600948615, 1353
633633497798, 633633499967, 2169
633700225756, 633700227996, 2240
633738696913, 633738698083, 1170
633798593535, 633798594633, 1098
633841019736, 633841021341, 1605
633897686970, 633897690576, 3606
633930782294, 633930783683, 1389
633996204183, 633996206070, 1887
634028317105, 634028318473, 1368
634094860448, 634094862368, 1920
634128193657, 634128195088, 1431
634194058563, 634194062640, 4077
634224902897, 634224904151, 1254
634292619538, 634292621155, 1617
634339355754, 634339358010, 2256
634391672544, 634391673960, 1416
634425822510, 634425824040, 1530
634490529103, 634490530408, 1305
634534674722, 634534676249, 1527
634589350148, 634589351702, 1554
634617926809, 634617927982, 1173
634688498179, 634688499592, 1413
634726952101, 634726953241, 1140
634787073771, 634787075247, 1476
634824136811, 634824140624, 3813
634885883520, 634885884894, 1374
634919928556, 634919929777, 1221
634984726042, 634984727581, 1539
635020515236, 635020516676, 1440
635083589499, 635083590585, 1086
635111760972, 635111762094, 1122
635182393948, 635182395496, 1548
635210895119, 635210896256, 1137
635281515042, 635281516896, 1854
635328272847, 635328274116, 1269
635380073886, 635380075914, 2028
635414667728, 635414669354, 1626
635479172903, 635479176665, 3762
635519676428, 635519677730, 1302
635577746418, 635577748092, 1674
635609875707, 635609876988, 1281
635676614105, 635676616610, 2505
635704697723, 635704698881, 1158
635775442021, 635775443656, 1635
635818438122, 635818440354, 2232
635874260716, 635874262186, 1470
635915896202, 635915897456, 1254
635973114323, 635973115625, 1302
636001310228, 636001311359, 1131
636071805070, 636071806777, 1707
636109848365, 636109849610, 1245
636170851917, 636170854248, 2331
636212779950, 636212781093, 1143
636269623866, 636269625486, 1620
636297947002, 636297948277, 1275
636368466632, 636368468102, 1470
636400193422, 636400194538, 1116
636467312351, 636467313941, 1590
636509992537, 636509993713, 1176
636566157550, 636566159017, 1467
636599789308, 636599790424, 1116
636665007883, 636665009623, 1740
636696779523, 636696781197, 1674
636763762246, 636763763704, 1458
636792390212, 636792391553, 1341
636862397865, 636862399542, 1677
636907121091, 636907122405, 1314
636961693139, 636961694633, 1494
637008006923, 637008008177, 1254
637060390116, 637060391817, 1701
637099656615, 637099658601, 1986
637158980294, 637158981557, 1263
637194576336, 637194577596, 1260
637258054876, 637258056388, 1512
637287312727, 637287314008, 1281
637356884768, 637356886079, 1311
637385998940, 637386000056, 1116
637455725918, 637455727490, 1572
637490695577, 637490696987, 1410
637554578789, 637554580193, 1404
637583237499, 637583238669, 1170
637653430520, 637653431957, 1437
637699617949, 637699619578, 1629
637752262999, 637752264358, 1359
637792252976, 637792254359, 1383
637851108809, 637851111335, 2526
637889950214, 637889951450, 1236
637949854430, 637949855690, 1260
637979566332, 637979567622, 1290
638048824866, 638048826318, 1452
638077582301, 638077583609, 1308
638147612378, 638147613677, 1299
638176059828, 638176060845, 1017
638246309235, 638246310744, 1509
638285169243, 638285171427, 2184
638345302412, 638345304122, 1710
638373874798, 638373875914, 1116
638444055338, 638444057498, 2160
638479404762, 638479406637, 1875
638542883802, 638542886208, 2406
638581645581, 638581646772, 1191
638641824044, 638641825676, 1632
638684565848, 638684567141, 1293
638740940343, 638740942254, 1911
638782979678, 638782983590, 3912
638839615477, 638839617583, 2106
638938465708, 638938467070, 1362
638976681610, 638976682924, 1314
639037252778, 639037255112, 2334
639073251504, 639073253223, 1719
639136074370, 639136075720, 1350
639163929159, 639163930272, 1113
639234927632, 639234928997, 1365
639275761902, 639275764473, 2571
639333747798, 639333749208, 1410
639362155724, 639362158118, 2394
639432593330, 639432594722, 1392
639461549452, 639461551075, 1623
639531019801, 639531021283, 1482
639559828199, 639559829366, 1167
639629918505, 639629919549, 1044
639674682431, 639674684012, 1581
639729134235, 639729135705, 1470
639758135930, 639758137073, 1143
639827927991, 639827929305, 1314
639869886563, 639869888054, 1491
639926785592, 639926786933, 1341
639955454039, 639955455305, 1266
640025622899, 640025624270, 1371
640061315322, 640061316747, 1425
640124475757, 640124477062, 1305
640153748139, 640153749978, 1839
640223288879, 640223290370, 1491
640252078200, 640252079553, 1353
640322331245, 640322332460, 1215
640351084286, 640351086488, 2202
640420824507, 640420826118, 1611
640451098961, 640451100191, 1230
640520032145, 640520033546, 1401
640551126828, 640551128241, 1413
640618450066, 640618453669, 3603
640648233894, 640648235964, 2070
640717664616, 640717665585, 969
640757423574, 640757424768, 1194
640816516418, 640816517825, 1407
640845867627, 640845869196, 1569
640915469890, 640915477696, 7806
640945246276, 640945247728, 1452
641014228545, 641014231566, 3021
641055628438, 641055630256, 1818
641112492049, 641112494242, 2193
641144810563, 641144812639, 2076
641211759572, 641211760868, 1296
641242391505, 641242392903, 1398
641310586083, 641310587424, 1341
641339500629, 641339501817, 1188
641409401201, 641409402521, 1320
641438121592, 641438123074, 1482
641508248878, 641508250234, 1356
641536543015, 641536544026, 1011
641607034057, 641607035650, 1593
641639343188, 641639344790, 1602
641705859326, 641705860628, 1302
641757155976, 641757157821, 1845
641804970045, 641804971458, 1413
641846698248, 641846699508, 1260
641903486967, 641903488308, 1341
641942982991, 641942984314, 1323
642002454134, 642002455406, 1272
642031769855, 642031772996, 3141
642101105624, 642101108489, 2865
642133428751, 642133430176, 1425
642200409733, 642200411095, 1362
642231808494, 642231809784, 1290
642298526272, 642298527409, 1137
642327234406, 642327235888, 1482
642397801344, 642397802739, 1395
642428601294, 642428602944, 1650
642496813314, 642496814685, 1371
642525444004, 642525446083, 2079
642595733214, 642595734579, 1365
642629907787, 642629909188, 1401
642694337031, 642694338375, 1344
642723727453, 642723728995, 1542
642793294163, 642793295456, 1293
642839692254, 642839693613, 1359
642892014280, 642892015618, 1338
642919701581, 642919702937, 1356
642990665113, 642990666466, 1353
643018416370, 643018417492, 1122
643089439169, 643089440426, 1257
643134644355, 643134647493, 3138
643188549854, 643188551129, 1275
643217580688, 643217582428, 1740
643287299631, 643287301005, 1374
643315850973, 643315852305, 1332
643386191869, 643386193117, 1248
643419319176, 643419320652, 1476
643485034263, 643485035673, 1410
643513270825, 643513272301, 1476
643583872478, 643583873804, 1326
643615459778, 643615461317, 1539
643682970081, 643682972583, 2502
643711678958, 643711680710, 1752
643781409853, 643781411866, 2013
643837672795, 643837674184, 1389
643894407562, 643894408219, 657
643993221590, 643993222352, 762
644092310983, 644092313032, 2049
644190919472, 644190920252, 780
644289737469, 644289738426, 957
644388510775, 644388511789, 1014
644487361021, 644487361804, 783
644586237401, 644586238163, 762
644685148586, 644685150011, 1425
644783955328, 644783956132, 804
644882957408, 644882958401, 993
644981658887, 644981659904, 1017
645080439102, 645080440035, 933
645179285697, 645179286480, 783
645278181130, 645278182012, 882
645376973945, 645376974794, 849
645475837075, 645475838026, 951
645574685779, 645574686625, 846
645673532790, 645673533597, 807
645772339196, 645772340003, 807
645871170819, 645871171620, 801
645969961913, 645969963239, 1326
646000976783, 646000978340, 1557
646068860568, 646068861606, 1038
646167693696, 646167694575, 879
646266547529, 646266548372, 843
646365409811, 646365410933, 1122
646464254904, 646464256419, 1515
646563001435, 646563002233, 798
646661897981, 646661899286, 1305
646760834070, 646760835477, 1407
646859400221, 646859401453, 1232
646958434566, 646958435580, 1014
647057294978, 647057295704, 726
647156192763, 647156194107, 1344
647254976601, 647254977669, 1068
647353802700, 647353803900, 1200
647452630522, 647452631248, 726
647551774895, 647551775837, 942
647650342153, 647650342936, 783
647749169132, 647749170107, 975
647848011829, 647848012819, 990
647946845599, 647946846907, 1308
648045713586, 648045714459, 873
648144885295, 648144887530, 2235
648173298795, 648173300601, 1806
648243323573, 648243324368, 795
648342191035, 648342191962, 927
648426795243, 648426796290, 1047
648455009082, 648455010141, 1059
648525879171, 648525879942, 771
648554244479, 648554245643, 1164
648624510323, 648624511589, 1266
648652996122, 648652996851, 729
648723633010, 648723634654, 1644
648754463745, 648754465119, 1374
648822382535, 648822383942, 1407
648864149071, 648864150559, 1488
648921343034, 648921344309, 1275
648951317766, 648951319326, 1560
649020332746, 649020334350, 1604
649051871163, 649051872462, 1299
649119032785, 649119034207, 1422
649153846482, 649153847781, 1299
649217863949, 649217865254, 1305
649247589469, 649247590888, 1419
649316704869, 649316706135, 1266
649346575460, 649346576816, 1356
649415293377, 649415294886, 1509
649448432771, 649448433995, 1224
649514341833, 649514343156, 1323
649545036184, 649545038104, 1920
649613019368, 649613020607, 1239
649646926259, 649646927513, 1254
649711726525, 649711729255, 2730
649756932377, 649756934156, 1779
649810957153, 649810958389, 1236
649851678735, 649851680433, 1698
649909578151, 649909580182, 2031
649957241867, 649957243541, 1674
650008683498, 650008684905, 1407
650040621910, 650040624223, 2313
650107159657, 650107160854, 1197
650139789233, 650139790634, 1401
650206052226, 650206053786, 1560
650243850942, 650243852196, 1254
650304862430, 650304863804, 1374
650336351771, 650336353118, 1347
650404465936, 650404471621, 5685
650437479323, 650437480595, 1272
650502929811, 650502931191, 1380
650542183235, 650542184663, 1428
650601648682, 650601650095, 1413
650629902562, 650629904122, 1560
650700502231, 650700503737, 1506
650733493408, 650733495043, 1635
650799419409, 650799420963, 1554
650845737355, 650845738930, 1575
650898094702, 650898095962, 1260
650940217580, 650940218909, 1329
650996999620, 650997001030, 1410
651044996803, 651045099538, 102735
651095347491, 651095348781, 1290
651156124749, 651156126117, 1368
651194601569, 651194602937, 1368
651227432733, 651227434242, 1509
651293476099, 651293477485, 1386
651325704091, 651325705348, 1257
651392749058, 651392751077, 2019
651441014531, 651441015911, 1380
651504996440, 651504997460, 1020
651603973756, 651603974554, 798
651702679606, 651702680386, 780
651801735400, 651801736735, 1335
651900502068, 651900503034, 966
651999333205, 651999333970, 765
652097963568, 652097964345, 777
652197043358, 652197044138, 780
652295703994, 652295706115, 2121
652394496090, 652394496924, 834
652493537677, 652493538412, 735
652592373341, 652592374118, 777
652691236134, 652691236914, 780
652790108229, 652790108952, 723
652888992880, 652888994572, 1692
652987799509, 652987800298, 789
653086606916, 653086607939, 1023
653185457877, 653185458864, 987
653284282823, 653284283804, 981
653383096278, 653383097061, 783
653481955771, 653481956719, 948
653580811892, 653580812693, 801
653679644170, 653679645148, 978
653778501492, 653778502275, 783
653877339163, 653877339952, 789
653976629191, 653976631432, 2241
654075018493, 654075019294, 801
654173700168, 654173701713, 1545
654214712307, 654214713561, 1254
654272718079, 654272719021, 942
654371528858, 654371529803, 945
654470418046, 654470419063, 1017
654569247001, 654569247955, 954
654668049305, 654668050115, 810
654766795534, 654766797175, 1641
654865736301, 654865737075, 774
654964673805, 654964674687, 882
655063512396, 655063513164, 768
655162293882, 655162294608, 726
655261152145, 655261153696, 1551
655359948126, 655359948924, 798
655458805870, 655458806653, 783
655557534751, 655557535960, 1209
655656658305, 655656659517, 1212
655755597377, 655755598799, 1422
655853994379, 655853995105, 726
655889519681, 655889520893, 1212
655953018818, 655953019853, 1035
656051832663, 656051833455, 792
656150514694, 656150515324, 630
656249626455, 656249627205, 750
656348392569, 656348393337, 768
656450248785, 656450249829, 1044
656549421622, 656549422738, 1116
656644872158, 656644872884, 726
656743725717, 656743726614, 897
656842595051, 656842596008, 957
656941412782, 656941413511, 729
657040319561, 657040320329, 768
657139063899, 657139064874, 975
657237927229, 657237927958, 729
657336811078, 657336813301, 2223
657435644814, 657435645771, 957
657534641628, 657534642843, 1215
657633293572, 657633294499, 927
657732170267, 657732171071, 804
657830969495, 657830970491, 996
657929779864, 657929780842, 978
658028670103, 658028670943, 840
658127531538, 658127532309, 771
658226350156, 658226351119, 963
658325193739, 658325194471, 732
658424038206, 658424039070, 864
658522912680, 658522913418, 738
658621706172, 658621707087, 915
658720732550, 658720733726, 1176
658819193550, 658819195182, 1632
658918273026, 658918273908, 882
659017148799, 659017149543, 744
659115930350, 659115931142, 792
659214772657, 659214773455, 798
659313497403, 659313498303, 900
659412421825, 659412422905, 1080
659511823872, 659511824709, 837
659610113177, 659610114593, 1416
659708960686, 659708961469, 783
659807925078, 659807926098, 1020
659906437503, 659906438856, 1353
660005625377, 660005626928, 1551
660104320389, 660104321187, 798
660203155397, 660203156402, 1005
660301953600, 660301954380, 780
660400883418, 660400884225, 807
660499690406, 660499691198, 792
660598539859, 660598540624, 765
660697365495, 660697366293, 798
660796229733, 660796231035, 1302
660895022105, 660895022894, 789
660993935253, 660994110054, 174801
661092764784, 661092765498, 714
661191644569, 661191645802, 1233
661290395512, 661290396229, 717
661389113808, 661389115953, 2145
661488142643, 661488143360, 717
661587033848, 661587035312, 1464
661685812647, 661685813367, 720
661784612846, 661784613836, 990
661883494458, 661883495412, 954
661982327793, 661982328519, 726
662081172474, 662081173422, 948
662180016526, 662180017411, 885
662278805315, 662278806044, 729
662377716460, 662377717522, 1062
662476549088, 662476549919, 831
662575375110, 662575376124, 1014
662674198980, 662674200021, 1041
662773102794, 662773103829, 1035
662871885898, 662871886660, 762
662970703695, 662970704535, 840
663069546773, 663069547541, 768
663168378332, 663168379394, 1062
663267373369, 663267374812, 1443
663366188235, 663366189561, 1326
663464762183, 663464763389, 1206
663563801514, 663563802474, 960
663662660786, 663662661752, 966
663761449712, 663761450699, 987
663860337244, 663860338222, 978
663959137584, 663959138388, 804
664058014400, 664058015117, 717
664156890930, 664156891728, 798
664255694601, 664255695390, 789
664354498790, 664354499573, 783
664453477140, 664453478520, 1380
664551985859, 664551987218, 1359
664651062848, 664651063744, 896
664749901925, 664749902849, 924
664848499465, 664848500278, 813
664950513647, 664950515957, 2310
665046382154, 665046382883, 729
665145220012, 665145221029, 1017
665243915870, 665243916950, 1080
665342880922, 665342881693, 771
665441786790, 665441787513, 723
664968318246, 664968319497, 1251
665032454738, 665032456106, 1368
665062757615, 665062760084, 2469
665131266656, 665131268165, 1509
665160950692, 665160952204, 1512
665229972837, 665229973665, 828
665268702953, 665268705047, 2094
665328959855, 665328961385, 1530
665359053586, 665359054750, 1164
665427799793, 665427801062, 1269
665458067255, 665458070270, 3015
665529692550, 665529694851, 2301
665559038242, 665559039577, 1335
665625805567, 665625806902, 1335
665655373458, 665655374667, 1209
665724349592, 665724351314, 1722
665753946712, 665753948545, 1833
665823152523, 665823154638, 2115
665852032097, 665852033177, 1080
665921432540, 665921434070, 1530
665951717037, 665951718237, 1200
666020854234, 666020856298, 2064
666046382674, 666046383409, 735
666119516985, 666119518233, 1248
666151798733, 666151800170, 1437
666218182040, 666218183426, 1386
666251738604, 666251740017, 1413
666317894905, 666317896972, 2067
666346576776, 666346578222, 1446
666416530078, 666416532940, 2862
666515200222, 666515201836, 1614
666557767375, 666557769187, 1812
666613871734, 666613872997, 1263
666642621889, 666642623674, 1785
666712707230, 666712708466, 1236
666745942847, 666745944509, 1662
666811579409, 666811580660, 1251
666840583149, 666840584745, 1596
666910431505, 666910432786, 1281
666948437037, 666948438642, 1605
667009269036, 667009270497, 1461
667038534634, 667038536119, 1485
667108117945, 667108119316, 1371
667140003028, 667140004249, 1221
667206944270, 667206945809, 1539
667237738458, 667237739871, 1413
667305743580, 667305744852, 1272
667363714702, 667363716061, 1359
667404618913, 667404620233, 1320
667432625375, 667432626770, 1395
667503512478, 667503513771, 1293
667546397835, 667546399500, 1665
667602215274, 667602216390, 1116
667630748198, 667630749599, 1401
667701192965, 667701194441, 1476
667730871901, 667730873020, 1119
667799773985, 667799774738, 753
667836090060, 667836092061, 2001
667898861885, 667898863142, 1257
667927921234, 667927922416, 1182
667997693990, 667997695112, 1122
668039065683, 668039067216, 1533
668096517915, 668096519310, 1395
668126117378, 668126118632, 1254
668195573672, 668195575346, 1674
668240622775, 668240624119, 1344
668294224439, 668294226011, 1572
668337314355, 668337315891, 1536
668393265797, 668393267177, 1380
668424721572, 668424722835, 1263
668491906256, 668491907840, 1584
668523236835, 668523238251, 1416
668590752556, 668590753870, 1314
668619655611, 668619657390, 1779
668689599878, 668689601219, 1341
668718898981, 668718900277, 1296
668788592032, 668788593361, 1329
668830541879, 668830543064, 1185
668887267500, 668887269564, 2064
668918849865, 668918851671, 1806
668986300712, 668986302635, 1923
669017616718, 669017618134, 1416
669084908519, 669084909785, 1266
669114764362, 669114765661, 1299
669183950809, 669183952174, 1365
669223390921, 669223392613, 1692
669282498376, 669282499807, 1431
669327961979, 669327963692, 1713
669381470896, 669381472258, 1362
669411918688, 669411920053, 1365
669480599100, 669480600270, 1170
669524572292, 669524573880, 1588
669579121741, 669579123070, 1329
669605880184, 669605881960, 1776
669677999970, 669678001254, 1284
669709494696, 669709496052, 1356
669777019066, 669777021223, 2157
669806756768, 669806759009, 2241
669875688830, 669875689988, 1158
669905289486, 669905291037, 1551
669974893797, 669974896029, 2232
670020812118, 670020813402, 1284
670073416331, 670073417216, 885
670124477333, 670124478671, 1338
670171965397, 670171966801, 1404
670202041895, 670202043089, 1194
670270755396, 670270756779, 1383
670323630023, 670323632510, 2487
670369446085, 670369447294, 1209
670403255233, 670403256340, 1107
670468687290, 670468688940, 1650
670505139087, 670505140620, 1533
670568019193, 670568020474, 1281
670616625837, 670616627034, 1197
670666399214, 670666400693, 1479
670706904369, 670706905683, 1314
670765299291, 670765300152, 861
670803907722, 670803909213, 1491
670864117487, 670864118819, 1332
670916117941, 670916119294, 1353
670962931380, 670962933021, 1641
670993146557, 670993147979, 1422
671061787647, 671061788559, 912
671093750247, 671093751567, 1320
671160495765, 671160496524, 759
671194981783, 671194982992, 1209
671259368274, 671259369726, 1452
671295583170, 671295584622, 1452
671358274937, 671358276170, 1233
671400533852, 671400535112, 1260
671457129682, 671457131023, 1341
671490383063, 671490384542, 1479
671555595666, 671555596428, 762
671587545879, 671587547061, 1182
671654686660, 671654688277, 1617
671691237722, 671691238772, 1050
671753690627, 671753692865, 2238
671784738861, 671784740643, 1782
671852522934, 671852524251, 1317
671887616824, 671887618180, 1356
671951351592, 671951353527, 1935
671990213621, 671990215178, 1557
672050186307, 672050187579, 1272
672084381509, 672084382640, 1131
672149047861, 672149049235, 1374
672179521862, 672179523566, 1704
672247873611, 672247875093, 1482
672276616328, 672276617603, 1275
672346739500, 672346740871, 1371
672376832762, 672376834016, 1254
672445520029, 672445522180, 2151
672481722415, 672481723975, 1560
672544372474, 672544373773, 1299
672587927892, 672587929362, 1470
672643083701, 672643084931, 1230
672676459425, 672676461012, 1587
672742407430, 672742408735, 1305
672781946515, 672781947958, 1443
672841045206, 672841048401, 3195
672882517884, 672882518994, 1110
672939435322, 672939436081, 759
672975343700, 672975345140, 1440
673038267099, 673038268947, 1848
673079329560, 673079331138, 1578
673137509189, 673137510455, 1266
673169108278, 673169110069, 1791
673236289258, 673236290548, 1290
673267366079, 673267367231, 1152
673335127487, 673335129056, 1569
673371568960, 673371570706, 1746
673433962233, 673433963490, 1257
673468108460, 673468111589, 3129
673532858427, 673532860440, 2013
673561459199, 673561460585, 1386
673631628903, 673631630343, 1440
673664614909, 673664616067, 1158
673730505988, 673730507218, 1230
673762448958, 673762450419, 1461
673829371633, 673829373001, 1368
673872199452, 673872200754, 1302
673928284603, 673928286328, 1725
673972324517, 673972326179, 1662
674026992094, 674026994249, 2155
674058196677, 674058198417, 1740
674125870096, 674125871341, 1245
674157604584, 674157606354, 1770
674224690590, 674224691874, 1284
674256222468, 674256223803, 1335
674323426716, 674323428102, 1386
674363575516, 674363578579, 3063
674422076378, 674422077764, 1386
674460953204, 674460954950, 1746
674521201459, 674521202599, 1140
674549513735, 674549515109, 1374
674620041480, 674620042731, 1251
674648953812, 674648954913, 1101
674718908042, 674718910337, 2295
674754603068, 674754604649, 1581
674817749327, 674817750755, 1428
674847983542, 674847984766, 1224
674916699311, 674916700772, 1461
674961721744, 674961723190, 1446
675015408849, 675015410163, 1314
675056065605, 675056067543, 1938
675114250193, 675114251417, 1224
675148061192, 675148062347, 1155
675213111055, 675213112504, 1449
675244951164, 675244953684, 2520
675311939216, 675311940488, 1272
675347929023, 675347930547, 1524
675410719051, 675410720383, 1332
675443077194, 675443078892, 1698
675509615421, 675509616729, 1308
675540632388, 675540633654, 1266
675608274525, 675608276019, 1494
675707312184, 675707313492, 1308
675738130359, 675738131403, 1044
675806155195, 675806156533, 1338
675839504902, 675839506276, 1374
675905010005, 675905011619, 1614
675935844706, 675935848633, 3927
676003832822, 676003835270, 2448
676047528517, 676047529771, 1254
676102669281, 676102671009, 1728
676136821731, 676136823033, 1302
676201535490, 676201536843, 1353
676240096619, 676240099454, 2835
676300592522, 676300594133, 1611
676335658951, 676335660124, 1173
676399422209, 676399423832, 1623
676429146467, 676429147949, 1482
676498051823, 676498053494, 1671
676540351472, 676540353140, 1668
676597191772, 676597193590, 1818
676640013562, 676640014831, 1269
676695744749, 676695746210, 1461
676725240724, 676725241936, 1212
676794551661, 676794553005, 1344
676824972591, 676824973584, 993
676893444936, 676893446235, 1299
676921403743, 676921405537, 1794
676992257469, 676992259077, 1608
677019445457, 677019446567, 1110
677091098700, 677091100365, 1665
677126663434, 677126664862, 1428
677189924900, 677189926652, 1752
677218602843, 677218604022, 1179
677288795716, 677288797165, 1449
677317163874, 677317165437, 1563
677387604191, 677387605820, 1629
677415621696, 677415622695, 999
677486566251, 677486568054, 1803
677531077138, 677531078320, 1182
677585650367, 677585653088, 2721
677615694122, 677615695373, 1251
677683615496, 677683616822, 1326
677716995142, 677716997428, 2286
677782622684, 677782623902, 1218
677813394295, 677813395453, 1158
677881787565, 677881789176, 1611
677924166335, 677924167919, 1584
677980685160, 677980686432, 1272
678011770455, 678011771538, 1083
678079326234, 678079328340, 2106
678122500034, 678122501231, 1197
678178356355, 678178357684, 1329
678207783789, 678207785070, 1281
678277011096, 678277012551, 1455
678319939514, 678319941671, 2157
678376149433, 678376151446, 2013
678428643864, 678428645271, 1407
678474582180, 678474583401, 1221
678504461244, 678504462435, 1191
678573763668, 678573765189, 1521
678618809480, 678618810836, 1356
678672232709, 678672234467, 1758
678771415263, 678771416757, 1494
678801440051, 678801441077, 1026
678870270126, 678870271281, 1155
678915570872, 678915572036, 1164
678969273524, 678969274970, 1446
678999414655, 678999416632, 1977
679067910289, 679067911861, 1572
679105880362, 679105881850, 1488
679166805784, 679166807137, 1353
679199122326, 679199123889, 1563
679265438475, 679265439795, 1320
679294407196, 679294408402, 1206
679364466947, 679364468306, 1359
679405923337, 679405924735, 1398
679463480571, 679463481918, 1347
679507592642, 679507595135, 2493
679561776579, 679561778184, 1605
679597650491, 679597651952, 1461
679660984316, 679660985579, 1263
679690863807, 679690865253, 1446
679759836245, 679759837763, 1518
679790361504, 679790363223, 1719
679858492859, 679858494113, 1254
679897702171, 679897703656, 1485
679957817268, 679957818552, 1284
679996673548, 679996674829, 1281
680056712856, 680056714497, 1641
680086500069, 680086501371, 1302
680155188104, 680155189358, 1254
680189977546, 680189979508, 1962
680254013366, 680254014725, 1359
680294479533, 680294482479, 2946
680352841221, 680352842457, 1236
680383404667, 680383406695, 2028
680451543088, 680451544555, 1467
680484158409, 680484160083, 1674
680550540705, 680550542805, 2100
680580141666, 680580142899, 1233
680649272647, 680649274216, 1569
680680096643, 680680100666, 4023
680748458263, 680748459526, 1263
680778996844, 680778999535, 2691
680847309664, 680847311482, 1818
680876795204, 680876796620, 1416
680946492615, 680946493404, 789
680976296553, 680976297864, 1311
681044578138, 681044579491, 1353
681075642237, 681075643794, 1557
681143560529, 681143561852, 1323
681174621838, 681174623635, 1797
681242769266, 681242770922, 1656
681289469233, 681289470952, 1719
681341254993, 681341257036, 2043
681378634891, 681378636142, 1251
681439803796, 681439805719, 1923
681481896671, 681481897994, 1323
681538928821, 681538930306, 1485
681569700524, 681569701850, 1326
681637821411, 681637822767, 1356
681668248550, 681668250176, 1626
681736656580, 681736657801, 1221
681782680741, 681782682952, 2211
681835506111, 681835507734, 1623
681864357059, 681864358907, 1848
681934352894, 681934354391, 1497
681962924759, 681962926073, 1314
682033780713, 682033782375, 1662
682062693834, 682062695208, 1374
682131926601, 682131927768, 1167
682161833056, 682161834451, 1395
682230791962, 682230793213, 1251
682268718418, 682268719834, 1416
682329584417, 682329585734, 1317
682359286928, 682359290276, 3348
682428624707, 682428627674, 2967
682464020525, 682464021818, 1293
682527612266, 682527614003, 1737
682570094721, 682570095996, 1275
682626303271, 682626304966, 1695
682655300966, 682655302547, 1581
682724640457, 682724641756, 1299
682755343329, 682755345861, 2532
682824273902, 682824276620, 2718
682865207278, 682865208979, 1701
682922744309, 682922745887, 1578
682961593076, 682961594168, 1092
683021569641, 683021571006, 1365
683048942130, 683048943306, 1176
683120382198, 683120383665, 1467
683152554159, 683152555284, 1125
683219476299, 683219477640, 1341
683248563578, 683248564874, 1296
683318121676, 683318122939, 1263
683355157769, 683355159086, 1317
683416946480, 683416947827, 1347
683446030956, 683446033731, 2775
683515795097, 683515796417, 1320
683544497942, 683544499409, 1467
683614831876, 683614833079, 1203
683657262457, 683657263654, 1197
683713663109, 683713664399, 1290
683743274547, 683743275717, 1170
683812315822, 683812317388, 1566
683842280702, 683842282151, 1449
683911170083, 683911171346, 1263
683954602341, 683954603592, 1251
684009899796, 684009901212, 1416
684047113505, 684047115197, 1692
684108836607, 684108838158, 1551
684138003548, 684138004745, 1197
684207668021, 684207670046, 2025
684236667165, 684236668950, 1785
684306761226, 684306762852, 1626
684405030822, 684405031977, 1155
684434468301, 684434469408, 1107
684504553819, 684504555214, 1395
684549254790, 684549256278, 1488
684602736587, 684602737661, 1074
684634289949, 684634291134, 1185
684701892319, 684701894050, 1731
684732195391, 684732196588, 1197
684800414698, 684800416711, 2013
684856190663, 684856192274, 1611
684899416137, 684899417589, 1452
684944502404, 684944503682, 1278
684998412508, 684998413957, 1449
685026455606, 685026457814, 2208
685097246377, 685097247727, 1350
685133804940, 685133807709, 2769
685196099237, 685196101763, 2526
685224473027, 685224474098, 1071
685294932037, 685294933582, 1545
685323034581, 685323035793, 1212
685393767511, 685393769845, 2334
685424555173, 685424556418, 1245
685492621898, 685492623305, 1407
685521282769, 685521283996, 1227
685591466315, 685591467986, 1671
685623379879, 685623381118, 1239
685690306796, 685690308248, 1452
685721816954, 685721818274, 1320
685789146753, 685789148376, 1623
685818062003, 685818063080, 1077
685887997240, 685887998707, 1467
685919342073, 685919343294, 1221
685986830941, 685986832720, 1779
686015649832, 686015651029, 1197
686085201203, 686085201887, 684
686117816044, 686117817262, 1218
686184498392, 686184499874, 1482
686215149272, 686215150898, 1626
686283176502, 686283177948, 1446
686313534783, 686313536010, 1227
686382112670, 686382114251, 1581
686480875080, 686480876559, 1479
686510955574, 686510956750, 1176
686579853714, 686579854989, 1275
686613209961, 686613211389, 1428
686678684053, 686678685688, 1635
686706069653, 686706070820, 1167
686777600446, 686777602105, 1659
686807355876, 686807381466, 25590
686876410929, 686876412300, 1371
686906980829, 686906982146, 1317
686975253543, 686975254980, 1437
687016539804, 687016541565, 1761
687074087851, 687074089183, 1332
687115496721, 687115497885, 1164
687172919198, 687172920500, 1302
687204563790, 687204565464, 1674
687271747106, 687271748552, 1446
687302011071, 687302012187, 1116
687370592915, 687370594355, 1440
687403362814, 687403364500, 1686
687469446523, 687469448179, 1656
687500504353, 687500505475, 1122
687568290304, 687568291711, 1407
687598637900, 687598639460, 1560
687667130827, 687667132339, 1512
687706848527, 687706850015, 1488
687765973099, 687765974668, 1569
687797441724, 687797443158, 1434
687864836990, 687864838583, 1593
687963649477, 687963650737, 1260
688009786616, 688009787849, 1233
688062532403, 688062534008, 1605
688101171832, 688101172969, 1137
688161331674, 688161333747, 2073
688260186952, 688260188263, 1311
688296857175, 688296858600, 1425
688359010096, 688359011416, 1320
688394836633, 688394838859, 2226
688457843110, 688457844400, 1290
688490469219, 688490470608, 1389
688556490827, 688556492522, 1695
688596249705, 688596251115, 1410
688655340664, 688655341957, 1293
688702895589, 688702896960, 1371
688754427173, 688754428826, 1653
688788326123, 688788327293, 1170
688853545513, 688853546833, 1320
688892414286, 688892415450, 1164
688952116771, 688952118139, 1368
688991940055, 688991941246, 1191
689050961537, 689050962266, 729
689087030455, 689087031823, 1368
689149785186, 689149786746, 1560
689184233091, 689184234513, 1422
689248317975, 689248319448, 1473
689286934660, 689286936142, 1482
689347467960, 689347469361, 1401
689380416493, 689380417711, 1218
689446229978, 689446231367, 1389
689481296019, 689481297735, 1716
689545118496, 689545119876, 1380
689583951939, 689583954435, 2496
689643960462, 689643961911, 1449
689683805360, 689683806845, 1485
689742780097, 689742781486, 1389
689777058434, 689777059991, 1557
689841668959, 689841670315, 1356
689872188417, 689872189800, 1383
689940487726, 689940488977, 1251
689972747062, 689972748625, 1563
690039335825, 690039337181, 1356
690070964056, 690070965928, 1872
690138151768, 690138153058, 1290
690173321450, 690173322980, 1530
690236928790, 690236931499, 2709
690281013102, 690281014656, 1554
690335701453, 690335702866, 1413
690365996019, 690365997144, 1125
690434549797, 690434551561, 1764
690480423829, 690480425293, 1464
690533542448, 690533543855, 1407
690579152580, 690579156219, 3639
690632067201, 690632068401, 1200
690680185006, 690680186521, 1515
690731193076, 690731194366, 1290
690781062080, 690781063751, 1671
690830081408, 690830083118, 1710
690871534748, 690871536506, 1758
690928859776, 690928861039, 1263
691027459019, 691027460192, 1173
691072123742, 691072124759, 1017
691126848632, 691126852310, 3678
691164592212, 691164593382, 1170
691225394582, 691225396586, 2004
691260864281, 691260865616, 1335
691338303335, 691338304568, 1233
691437090083, 691437091562, 1479
691535636062, 691535636632, 570
691634775827, 691634777045, 1218
691733621677, 691733622820, 1143
691832403870, 691832404983, 1113
691931192521, 691931193301, 780
692030043356, 692030044082, 726
692129004112, 692129005309, 1197
692227807487, 692227808276, 789
692326699630, 692326700443, 813
692425226522, 692425227797, 1275
692510029072, 692510030002, 930
692543874120, 692543875488, 1368
692609206527, 692609207931, 1404
692636656910, 692636658140, 1230
692708008942, 692708010571, 1629
692747784431, 692747785880, 1449
692806859036, 692806860293, 1257
692837072953, 692837074342, 1389
692905698068, 692905699544, 1476
692939024908, 692939026192, 1284
693004562847, 693004564350, 1503
693034893014, 693034894334, 1320
693103464166, 693103465813, 1647
693146934328, 693146936587, 2259
693202188136, 693202189816, 1680
693232606556, 693232607726, 1170
693301049299, 693301050589, 1290
693330266813, 693330268121, 1308
693399901619, 693399903326, 1707
693432793770, 693432795030, 1260
693498779608, 693498781168, 1560
693527397070, 693527398150, 1080
693597614385, 693597615882, 1497
693642955797, 693642957186, 1389
693696442057, 693696443506, 1449
693725315209, 693725316310, 1101
693794664665, 693794665631, 966
693835894655, 693835895855, 1200
693894106226, 693894107540, 1314
693936119052, 693936120195, 1143
693992972219, 693992974022, 1803
694033634841, 694033636059, 1218
694091548521, 694091549976, 1455
694126662432, 694126663548, 1116
694190676638, 694190678150, 1512
694220988969, 694220991033, 2064
694289280578, 694289282972, 2394
694332448731, 694332451095, 2364
694388058103, 694388059843, 1740
694420800270, 694420801422, 1152
694487210768, 694487212391, 1623
694515531484, 694515532702, 1218
694585629134, 694585630772, 1638
694623806468, 694623807848, 1380
694684912410, 694684913736, 1326
694713976033, 694713977149, 1116
694783674268, 694783675759, 1491
694816756110, 694816757343, 1233
694882278749, 694882279937, 1188
694928557251, 694928558658, 1407
694981201424, 694981202864, 1440
695010204418, 695010205600, 1182
695080206623, 695080207874, 1251
695112590917, 695112592054, 1137
695179009646, 695179011032, 1386
695210720921, 695210722817, 1896
695277877826, 695277879296, 1470
695309458494, 695309459985, 1491
695376718528, 695376719911, 1383
695414608506, 695414609808, 1302
695475562783, 695475564274, 1491
695504366244, 695504367366, 1122
695574410014, 695574411481, 1467
695621412078, 695621413260, 1182
695673268747, 695673270322, 1575
695701256480, 695701257710, 1230
695771856562, 695771857966, 1404
695811467730, 695811469254, 1524
695870925415, 695870926957, 1542
695904067012, 695904068182, 1170
695969827709, 695969828972, 1263
695998704756, 695998706259, 1503
696068627336, 696068628872, 1536
696097633426, 696097634620, 1194
696167625765, 696167627793, 2028
696196676627, 696196677815, 1188
696266281080, 696266282948, 1868
696306017961, 696306019161, 1200
696364795254, 696364796586, 1332
696396630519, 696396632517, 1998
696463993138, 696463994569, 1431
696494865976, 696494867548, 1572
696562818503, 696562819808, 1305
696592209583, 696592210876, 1293
696661685474, 696661686905, 1431
696695788901, 696695790281, 1380
696760446712, 696760447972, 1260
696791262116, 696791264324, 2208
696859369565, 696859372346, 2781
696887368165, 696887369389, 1224
696958199627, 696958200899, 1272
696996210643, 696996211867, 1224
697057028099, 697057030313, 2214
697099418440, 697099419655, 1215
697155871146, 697155873021, 1875
697197762577, 697197764425, 1848
697254863200, 697254866203, 3003
697285063611, 697285064787, 1176
697353655781, 697353657071, 1290
697399148903, 697399150628, 1725
697452300903, 697452302991, 2088
697483928454, 697483929669, 1215
697551227443, 697551228751, 1308
697581962518, 697581963715, 1197
697650089337, 697650091632, 2295
697682960796, 697682962065, 1269
697748939106, 697748941167, 2061
697781104403, 697781105732, 1329
697847815617, 697847817267, 1650
697878238620, 697878239760, 1140
697946551175, 697946552456, 1281
697980285528, 697980286743, 1215
698045467844, 698045469317, 1473
698074298188, 698074299667, 1479
698144329093, 698144330527, 1434
698184376983, 698184378081, 1098
698242938893, 698242940468, 1575
698279651362, 698279652421, 1059
698341926731, 698341928405, 1674
698373681127, 698373682336, 1209
698440959949, 698440962832, 2883
698473385462, 698473386683, 1221
698540082402, 698540083998, 1596
698575328918, 698575330265, 1347
698638524778, 698638526359, 1581
698669044833, 698669046078, 1245
698737563244, 698737565500, 2256
698778472278, 698778473577, 1299
698836180992, 698836182729, 1737
698869438818, 698869440033, 1215
698934960513, 698934961992, 1479
698966439299, 698966440592, 1293
699033829742, 699033831062, 1320
699073232111, 699073233647, 1536
699132701056, 699132702538, 1482
699173620556, 699173621726, 1170
699231532169, 699231533531, 1362
699261151348, 699261152941, 1593
699330338502, 699330339921, 1419
699361612441, 699361613836, 1395
699429444765, 699429447294, 2529
699458355597, 699458356884, 1287
699528216530, 699528218225, 1695
699565749357, 699565750518, 1161
699627453579, 699627455949, 2370
699659016811, 699659018056, 1245
699725717827, 699725719345, 1518
699767745387, 699767746596, 1209
699824882877, 699824883438, 561
699857519155, 699857520391, 1236
699923642036, 699923644298, 2262
699963914864, 699963917531, 2667
700022437496, 700022438870, 1374
700069212900, 700069214133, 1233
700121302210, 700121304439, 2229
700176150298, 700176152581, 2283
700233893742, 700233894730, 988
700332739940, 700332740843, 903
700431363286, 700431364282, 996
700530211876, 700530213301, 1425
700629282907, 700629283624, 717
700728147413, 700728148184, 771
700826940244, 700826941012, 768
700925981856, 700925982976, 1120
701024738404, 701024739238, 834
701123412155, 701123412995, 840
701222304086, 701222305031, 945
701321150071, 701321150911, 840
701419802027, 701419803065, 1038
701518896996, 701518897704, 708
701617669965, 701617670721, 756
701716533758, 701716534556, 798
701815411241, 701815412006, 765
701914226907, 701914227702, 795
702013009433, 702013010150, 717
702111963109, 702111965812, 2703
702210749225, 702210750038, 813
702309562913, 702309563636, 723
702408217646, 702408218360, 714
702507272414, 702507273140, 726
702606083165, 702606083891, 726
702704897173, 702704897899, 726
702803825619, 702803826348, 729
702902620870, 702902622118, 1248
703001448638, 703001449397, 759
703100139538, 703100140885, 1347
703199183273, 703199184344, 1071
703231731926, 703231733015, 1089
703297942177, 703297942906, 729
703396807668, 703396808919, 1251
703495648347, 703495650048, 1701
703594512927, 703594513959, 1032
703693442051, 703693442807, 756
703792167764, 703792168532, 768
703891919884, 703891920721, 837
703989859924, 703989861757, 1833
704088663458, 704088664265, 807
704187411201, 704187411999, 798
704286332108, 704286332870, 762
704385243513, 704385244257, 744
704484055195, 704484055981, 786
704582971492, 704582972404, 912
704683084159, 704683084915, 756
704780401268, 704780402282, 1014
704879451678, 704879452416, 738
704978433450, 704978437302, 3852
705077160783, 705077161662, 879
705175986943, 705175987780, 837
705274828190, 705274828982, 792
705373613006, 705373613849, 843
705472510643, 705472511369, 726
705571346304, 705571347354, 1050
705670139586, 705670140225, 639
705769035170, 705769035971, 801
705867814544, 705867815342, 798
705966663017, 705966663938, 921
706065634733, 706065635825, 1092
706164372324, 706164373806, 1482
706263197944, 706263198703, 759
706291384930, 706291385968, 1038
706362077549, 706362078422, 873
706460727728, 706460730092, 2364
706559765752, 706559766697, 945
706658564579, 706658565584, 1005
706757442372, 706757443170, 798
706856477408, 706856478890, 1482
706955121371, 706955122250, 879
707053930219, 707053931257, 1038
707152839766, 707152840609, 843
707251617597, 707251618587, 990
707350412192, 707350413521, 1329
707449357891, 707449358881, 990
707548118364, 707548119255, 891
707647026906, 707647027686, 780
707745858146, 707745858941, 795
707844757268, 707844758477, 1209
707943726382, 707943727093, 711
708042379538, 708042380339, 801
708141225620, 708141226418, 798
708240080540, 708240082157, 1617
708338872109, 708338872925, 816
708437537999, 708437539463, 1464
708536579018, 708536579804, 786
708635426892, 708635427858, 966
708734145188, 708734145989, 801
708833084230, 708833085364, 1134
708932155783, 708932160313, 4530
709030786010, 709030787024, 1014
709129643184, 709129644018, 834
709228470319, 709228471255, 936
709327349679, 709327350477, 798
709366203673, 709366204765, 1092
709426145462, 709426146200, 738
709525017080, 709525017857, 777
709623845977, 709623846850, 873
709722448901, 709722450668, 1767
709754975870, 709754977247, 1377
709821529472, 709821530198, 726
709920399017, 709920399737, 720
710019217359, 710019218241, 882
710118066143, 710118066872, 729
710216961750, 710216962716, 966
710315865805, 710315866696, 891
710414548284, 710414549094, 810
710513181025, 710513182660, 1635
710612245192, 710612246077, 885
710711067557, 710711068361, 804
710809762228, 710809763665, 1437
710908691281, 710908692346, 1065
711007619344, 711007620433, 1089
711106476479, 711106477262, 783
711205281142, 711205282366, 1224
711304485609, 711304487199, 1590
711402990652, 711402991432, 780
711501922639, 711501923494, 855
711600600271, 711600601054, 783
711699516198, 711699517293, 1095
711798412066, 711798412846, 780
711897192318, 711897193089, 771
711996021796, 711996022804, 1008
712094890909, 712094891707, 798
712193542456, 712193544400, 1944
712292604400, 712292605273, 873
712391415084, 712391415819, 735
712419113052, 712419114369, 1317
712489987028, 712489988264, 1236
712589055922, 712589056648, 726
712687723929, 712687724484, 555
712786780814, 712786781867, 1053
712885745095, 712885746070, 975
712984440626, 712984441409, 783
713083319857, 713083321198, 1341
713182092583, 713182093375, 792
713280784566, 713280785610, 1044
713379781422, 713379782160, 738
713478674877, 713478675831, 954
713577470604, 713577471375, 771
713676299237, 713676300341, 1104
713775339415, 713775340810, 1395
713874016694, 713874017762, 1068
713972834543, 713972835266, 723
714071733499, 714071734435, 936
714170487311, 714170488061, 750
714269364578, 714269365301, 723
714368215921, 714368216710, 789
714467085351, 714467086092, 741
714565888644, 714565889439, 795
714664572073, 714664574695, 2622
714763550404, 714763551124, 720
714862399500, 714862401057, 1557
714961281780, 714961282560, 780
715060104248, 715060104980, 732
715158877249, 715158878158, 909
715257735180, 715257735966, 786
715356655681, 715356656692, 1011
715456336560, 715456337613, 1053
715554317992, 715554318868, 876
715653191371, 715653192376, 1005
715752064327, 715752065878, 1551
715836573286, 715836574537, 1251
715863283082, 715863284405, 1323
715935697809, 715935699117, 1308
715970917758, 715970919398, 1640
716034253783, 716034255136, 1353
716072702432, 716072704091, 1659
716133412627, 716133415075, 2448
716177717544, 716177719938, 2394
716232252261, 716232253641, 1380
716264510176, 716264511511, 1335
716331160556, 716331162752, 2196
716376134073, 716376135957, 1884
716429643560, 716429644304, 744
716465385523, 716465386657, 1134
716528782917, 716528784771, 1854
716574239273, 716574240701, 1428
716627615969, 716627617742, 1773
716666712484, 716666713939, 1455
716726215090, 716726216824, 1734
716771656354, 716771658205, 1851
716825278720, 716825281282, 2562
716873244141, 716873245371, 1230
716924109697, 716924110909, 1212
716963861163, 716963862474, 1311
717022922987, 717022924400, 1413
717057678007, 717057679477, 1470
717121835662, 717121837246, 1584
717152949782, 717152950949, 1167
717220471087, 717220472503, 1416
717262777790, 717262779308, 1518
717319485686, 717319486988, 1302
717360546737, 717360549056, 2319
717418267579, 717418270870, 3291
717452348434, 717452349784, 1350
717517183759, 717517185226, 1467
717557357021, 717557358740, 1719
717615997543, 717615998827, 1284
717651202735, 717651204061, 1326
717714864181, 717714865546, 1365
717750201888, 717750203382, 1494
717813684697, 717813685879, 1182
717848432012, 717848433362, 1350
717912613874, 717912615272, 1398
717943623040, 717943624582, 1542
718011401995, 718011403486, 1491
718047140997, 718047142203, 1206
718110303942, 718110305577, 1635
718153533578, 718153535243, 1665
718208954762, 718208958131, 3369
718252486697, 718252488230, 1533
718307750119, 718307750857, 738
718347956849, 718347958289, 1440
718406558788, 718406560027, 1239
718444229543, 718444231637, 2094
718505516871, 718505518131, 1260
718604490676, 718604491978, 1302
718649791913, 718649793122, 1209
718703451125, 718703453141, 2016
718751155884, 718751157150, 1266
718802377600, 718802380054, 2454
718834546749, 718834548729, 1980
718900775851, 718900777015, 1164
718942479048, 718942480260, 1212
719000132460, 719000135454, 2994
719050769678, 719050770908, 1230
719098808139, 719098810119, 1980
719132133558, 719132135331, 1773
719197769551, 719197770760, 1209
719245637894, 719245639256, 1362
719296331098, 719296333447, 2349
719347240108, 719347241281, 1173
719395166160, 719395167495, 1335
719434417929, 719434420035, 2106
719494024259, 719494025534, 1275
719528179368, 719528180724, 1356
719592870582, 719592872070, 1488
719634498311, 719634500006, 1695
719691692804, 719691694178, 1374
719725126245, 719725128036, 1791
719790739903, 719790741481, 1578
719835541830, 719835543252, 1422
719889382391, 719889383732, 1341
719922438398, 719922439493, 1095
719987893013, 719987894528, 1515
720029363064, 720029365275, 2211
720087052449, 720087053874, 1425
720122136903, 720122138055, 1152
720185910877, 720185912470, 1593
720218405473, 720218406631, 1158
720284706863, 720284708237, 1374
720316629990, 720316632963, 2973
720383321994, 720383323125, 1131
720420806933, 720420808262, 1329
720482355528, 720482356848, 1320
720525270851, 720525271946, 1095
720581236445, 720581237978, 1533
720610266283, 720610267384, 1101
720680324421, 720680326038, 1617
720722837117, 720722839061, 1944
720778950227, 720778951529, 1302
720811472344, 720811473574, 1230
720877839686, 720877840598, 912
720909634961, 720909636266, 1305
720976718499, 720976720065, 1566
721009230374, 721009231607, 1233
721075456875, 721075458630, 1755
721106868423, 721106870874, 2451
721174317571, 721174318945, 1374
721204389454, 721204390576, 1122
721273164678, 721273166262, 1584
721305029029, 721305030838, 1809
721372295408, 721372297652, 2244
721404028202, 721404029411, 1209
721470951695, 721470952850, 1155
721503208298, 721503209867, 1569
721569827406, 721569828984, 1578
721669040757, 721669041840, 1083
721722689806, 721722691384, 1578
721767634340, 721767635816, 1476
721812097299, 721812098790, 1491
721866190768, 721866192115, 1347
721906656902, 721906658051, 1149
721964818053, 721964818893, 840
722001310003, 722001311335, 1332
722063873054, 722063874374, 1320
722094609363, 722094612168, 2805
722162466237, 722162467662, 1425
722212213705, 722212215058, 1353
722261540120, 722261542217, 2097
722294228466, 722294229876, 1410
722360249585, 722360251112, 1527
722408252647, 722408255323, 2676
722459233283, 722459234579, 1296
722496114043, 722496115489, 1446
722558245522, 722558247121, 1599
722608401788, 722608403009, 1221
722656753159, 722656754491, 1332
722707189415, 722707190894, 1479
722755521373, 722755522420, 1047
722810719756, 722810721580, 1824
722868358537, 722868359179, 642
722967383344, 722967384076, 732
723066209593, 723066210493, 900
723164906549, 723164908088, 1539
723264053986, 723264055483, 1497
723362774385, 723362775204, 819
723462434134, 723462435451, 1317
723560462150, 723560462984, 834
723659302125, 723659303145, 1020
723758198539, 723758199922, 1383
723856934796, 723856935615, 819
723955824084, 723955824870, 786
724054656199, 724054656976, 777
724153503025, 724153503805, 780
724252342004, 724252342721, 717
724351186022, 724351186769, 747
724450045970, 724450047113, 1143
724548857831, 724548858620, 789
724647537452, 724647539096, 1644
724681951400, 724681952504, 1104
724746553597, 724746554407, 810
724845456429, 724845458772, 2343
724944060912, 724944061647, 735
725043054426, 725043055218, 792
725141921761, 725141922544, 783
725240763255, 725240764059, 804
725339538142, 725339539306, 1164
725438390436, 725438391189, 753
725537284223, 725537285009, 786
725636150435, 725636151365, 930
725734976215, 725734977376, 1161
725833831248, 725833832046, 798
725932602510, 725932603272, 762
726031605292, 726031606291, 999
726130161545, 726130162496, 951
726229005460, 726229006774, 1314
726328000094, 726328000946, 852
726426856735, 726426857524, 789
726525618900, 726525619686, 786
726624519371, 726624520733, 1362
726723375371, 726723376151, 780
726822279949, 726822280750, 801
726920987954, 726920989223, 1269
727019898047, 727019898848, 801
727118698258, 727118699098, 840
727217573925, 727217574699, 774
727316378015, 727316378795, 780
727415380812, 727415382360, 1548
727514132600, 727514133899, 1299
727612862535, 727612863255, 720
727711622284, 727711623985, 1701
727744510182, 727744511304, 1122
727810559601, 727810560396, 795
727909507389, 727909508370, 981
728008279731, 728008280508, 777
728107145402, 728107146218, 816
728206049617, 728206050649, 1032
728304832106, 728304832961, 855
728403677202, 728403678090, 888
728502346300, 728502347083, 783
728601355680, 728601356712, 1032
728700334712, 728700335915, 1203
728798994688, 728798995627, 939
728897841499, 728897842372, 873
728996743946, 728996744705, 759
729095557027, 729095557753, 726
729194372568, 729194373528, 960
729293083229, 729293084483, 1254
729392047502, 729392048228, 726
729490881560, 729490882802, 1242
729589770959, 729589771985, 1026
729688584595, 729688585327, 732
729787488034, 729787489006, 972
729886294104, 729886294899, 795
729985204936, 729985206355, 1419
730083943602, 730083944439, 837
730182810964, 730182811744, 780
730281628199, 730281628973, 774
730380595944, 730380596577, 633
730479437064, 730479438195, 1131
730578215148, 730578216324, 1176
730677001456, 730677002254, 798
730775884503, 730775885253, 750
730807212159, 730807213758, 1599
730874483706, 730874484711, 1005
730973384251, 730973386078, 1827
731072457277, 731072458243, 966
731171290590, 731171291313, 723
731270085196, 731270086099, 903
731368911841, 731368912690, 849
731467997246, 731467998416, 1170
731566579735, 731566580509, 774
731665566422, 731665567475, 1053
731764458911, 731764460321, 1410
731863108181, 731863108910, 729
731964273402, 731964274302, 900
732060817853, 732060818651, 798
732159698961, 732159699678, 717
732258439212, 732258439998, 786
732357309846, 732357310644, 798
732456141632, 732456142832, 1200
732554984598, 732554985324, 726
732653823332, 732653824640, 1308
732684236670, 732684238131, 1461
732752660560, 732752661307, 747
732851555973, 732851557029, 1056
732950433670, 732950434885, 1215
733049189723, 733049190464, 741
733148071829, 733148072609, 780
733246910489, 733246911218, 729
733345769484, 733345770075, 591
733444542800, 733444543595, 795
733543519285, 733543520491, 1206
733642283395, 733642284787, 1392
733741079115, 733741079919, 804
733840449532, 733840450387, 855
733876362705, 733876363935, 1230
733938780551, 733938781277, 726
734037641216, 734037642002, 786
734136568618, 734136569947, 1329
734188971015, 734188972434, 1419
734235147707, 734235149225, 1518
734289462701, 734289463058, 357
734289482258, 734289482561, 303
734319614242, 734319615328, 1086
734325661722, 734325662148, 426
734330328207, 734330328519, 312
734375042248, 734375043520, 1272
734419128266, 734419131638, 3372
734463431760, 734463433383, 1623
734517914436, 734517915810, 1374
734549879043, 734549880432, 1389
734616447321, 734616448551, 1230
734648268498, 734648269821, 1323
734715223103, 734715224633, 1530
734750924050, 734750925526, 1476
734814455604, 734814457014, 1410
734853758028, 734853759435, 1407
734913536081, 734913537398, 1317
734947639026, 734947640544, 1518
735012045731, 735012048515, 2784
735047055837, 735047057358, 1521
735110964414, 735110966013, 1599
735140790329, 735140791790, 1461
735209790241, 735209791543, 1302
735258190355, 735258191552, 1197
735308561536, 735308562934, 1398
735343287892, 735343289740, 1848
735406937081, 735406938659, 1578
735450169124, 735450170378, 1254
735506295814, 735506297041, 1227
735550229424, 735550230759, 1335
735605121037, 735605122333, 1296
735637644296, 735637645433, 1137
735703778175, 735703780755, 2580
735746844914, 735746846336, 1422
735802801449, 735802802751, 1302
735834441850, 735834443050, 1200
735901637083, 735901638508, 1425
736000143666, 736000144431, 765
736030390443, 736030391733, 1290
736099325600, 736099326941, 1341
736133200761, 736133202006, 1245
736198173301, 736198174873, 1572
736228563891, 736228565115, 1224
736296939916, 736296941248, 1332
736337181311, 736337182382, 1071
736395885443, 736395886961, 1518
736425134370, 736425135705, 1335
736494570794, 736494572426, 1632
736535266247, 736535267717, 1470
736593538213, 736593539914, 1701
736623318740, 736623319943, 1203
736692205020, 736692205803, 783
736725150704, 736725152546, 1842
736791267504, 736791268923, 1419
736825595968, 736825597150, 1182
736890090337, 736890093261, 2924
736988773619, 736988774543, 924
737021120492, 737021121740, 1248
737087779520, 737087780963, 1443
737117944254, 737117945430, 1176
737186591605, 737186592904, 1299
737220747867, 737220749208, 1341
737285222183, 737285223629, 1446
737329242601, 737329244065, 1464
737384298166, 737384299501, 1335
737413484705, 737413486253, 1548
737483144203, 737483145484, 1281
737518478659, 737518479940, 1281
737582115257, 737582117321, 2064
737628456652, 737628458149, 1497
737680829405, 737680830854, 1449
737716791629, 737716793015, 1386
737779848576, 737779849752, 1176
737810530094, 737810532395, 2301
737878510966, 737878512301, 1335
737911058977, 737911060372, 1395
737977148465, 737977149545, 1080
738017069300, 738017070704, 1404
738075961852, 738075963229, 1377
738125988760, 738125990263, 1503
738175053481, 738175054744, 1263
738223134693, 738223136307, 1614
738273849867, 738273851247, 1380
738312394481, 738312396074, 1593
738372636881, 738372638441, 1560
738407800211, 738407801822, 1611
738471632496, 738471634488, 1992
738503118917, 738503120279, 1362
738570395060, 738570396305, 1245
738603281821, 738603283045, 1224
738669231054, 738669232383, 1329
738709763813, 738709765367, 1554
738768086905, 738768088663, 1758
738807436590, 738807437919, 1329
738866673184, 738866675653, 2469
738899340313, 738899342326, 2013
738965773743, 738965774976, 1233
739064014882, 739064016193, 1311
739078346692, 739078348426, 1734
739177578529, 739177579843, 1314
739276193004, 739276193721, 717
739375102028, 739375103036, 1008
739473921133, 739473921946, 813
739572746589, 739572747369, 780
739671667221, 739671668115, 894
739770474574, 739770475612, 1038
739869232095, 739869233670, 1575
739968148159, 739968148954, 795
740000127584, 740000129606, 2022
740066913833, 740066914652, 819
740165612679, 740165613783, 1104
740200148523, 740200149168, 645
740264707410, 740264708556, 1146
740349191016, 740349192036, 1020
740390008753, 740390010055, 1302
740448220896, 740448221709, 813
740501877379, 740501878837, 1458
740547184296, 740547185613, 1317
740577499203, 740577500361, 1158
740646423922, 740646425230, 1308
740685947069, 740685948542, 1473
740744876389, 740744877727, 1338
740789487553, 740789490982, 3429
740843746965, 740843748246, 1281
740897583902, 740897585831, 1929
740942550632, 740942551985, 1353
740982439047, 740982440733, 1686
741041741186, 741041745098, 3912
741091763819, 741091765139, 1320
741140322928, 741140324296, 1368
741172010860, 741172012300, 1440
741239460494, 741239462270, 1776
741289497997, 741289499287, 1290
741337927617, 741337928931, 1314
741382849171, 741382850671, 1500
741436696913, 741436698299, 1386
741469221303, 741469222899, 1596
741535479304, 741535480630, 1326
741567676547, 741567677636, 1089
741634588735, 741634590124, 1389
741669251429, 741669254780, 3351
741733551108, 741733553007, 1899
741765500100, 741765501513, 1413
741832140877, 741832142368, 1491
741864282610, 741864287530, 4920
741930958411, 741930960466, 2055
741959728904, 741959730023, 1119
742029808707, 742029810009, 1302
742061702507, 742061703899, 1392
742128504973, 742128507670, 2697
742171331199, 742171332552, 1353
742227516086, 742227517010, 924
742259964123, 742259965113, 990
742325957671, 742325959156, 1485
742359095272, 742359096583, 1311
742424854208, 742424855459, 1251
742458239531, 742458241781, 2250
742524072786, 742524074352, 1566
742555098294, 742555099725, 1431
742622898732, 742622900136, 1404
742669237565, 742669238990, 1425
742721895051, 742721896833, 1782
742765380963, 742765382592, 1629
742820552556, 742820553864, 1308
742857196246, 742857197734, 1488
742919385040, 742919386360, 1320
742950845051, 742950846575, 1524
743018252587, 743018253850, 1263
743117038905, 743117040414, 1509
743149178283, 743149179783, 1500
743215938655, 743215940038, 1383
743248078538, 743248079624, 1086
743314776448, 743314777969, 1521
743356859213, 743356861175, 1962
743413677458, 743413678823, 1365
743447452585, 743447453911, 1326
743512490273, 743512491896, 1623
743545583748, 743545584813, 1065
743611308707, 743611310285, 1578
743644440781, 743644442395, 1614
743710187952, 743710195236, 7284
743742860009, 743742861209, 1200
743809081765, 743809082980, 1215
743841047797, 743841048958, 1161
743907844748, 743907846302, 1554
743953383542, 743953384994, 1452
744006549582, 744006551235, 1653
744038846049, 744038847189, 1140
744105323964, 744105326181, 2217
744142267613, 744142268792, 1179
744204371538, 744204373095, 1557
744237266037, 744237268311, 2274
744303433166, 744303436058, 2892
744332361794, 744332362871, 1077
744402203946, 744402205401, 1455
744435151069, 744435155200, 4131
744500855503, 744500857093, 1590
744532789365, 744532791699, 2334
744599731134, 744599731848, 714
744634225867, 744634227157, 1290
744698490584, 744698492051, 1467
744734082972, 744734084217, 1245
744797419763, 744797421038, 1275
744829699116, 744829700484, 1368
744896210586, 744896212122, 1536
744927670582, 744927673684, 3102
744995331207, 744995332461, 1254
745026735900, 745026737091, 1191
745093886184, 745093888338, 2154
745127691818, 745127693738, 1920
745192704214, 745192705474, 1260
745234194276, 745234198191, 3915
745291590348, 745291591881, 1533
745322765502, 745322766774, 1272
745390000091, 745390001456, 1365
745436855322, 745436857563, 2241
745489520097, 745489523001, 2904
745518253875, 745518254994, 1119
745588097070, 745588098324, 1254
745621112453, 745621113548, 1095
745686989749, 745686992344, 2595
745718047783, 745718048896, 1113
745785810100, 745785811489, 1389
745820266896, 745820268093, 1197
745885510957, 745885511569, 612
745917164446, 745917165958, 1512
745983465119, 745983466772, 1653
746018382088, 746018383720, 1632
746082490647, 746082492696, 2049
746181154689, 746181157575, 2886
746212848897, 746212850394, 1497
746280374600, 746280376133, 1533
746311403063, 746311404503, 1440
746378909387, 746378910080, 693
746428249435, 746428251232, 1797
746493387556, 746493388663, 1107
746590460343, 746590461582, 1239
746689279643, 746689280822, 1179
746788101549, 746788102803, 1254
746886678765, 746886679563, 798
746985588245, 746985588968, 723
747084399271, 747084400294, 1023
747183153352, 747183154147, 795
747281964678, 747281965659, 981
747380804961, 747380805879, 918
747479598382, 747479599150, 768
747578485655, 747578486999, 1344
747677029961, 747677030756, 795
747775885985, 747775886783, 798
747874708179, 747874709154, 975
747973283644, 747973284826, 1182
748072261051, 748072261792, 741
748171118534, 748171119593, 1059
748269911341, 748269912136, 795
748368723796, 748368724993, 1197
748467413800, 748467414817, 1017
748566012791, 748566013579, 788
748664993957, 748664994683, 726
748763834020, 748763834932, 912
748848281147, 748848282026, 879
748880947610, 748880948747, 1137
748947493031, 748947494534, 1503
748998137260, 748998138817, 1557
749046478433, 749046480001, 1568
749074622545, 749074623559, 1014
749145056322, 749145057828, 1506
749243876741, 749243878811, 2070
749273199276, 749273201085, 1809
749342637002, 749342638352, 1350
749372461381, 749372462590, 1209
749441767885, 749441768764, 879
749471652045, 749471653179, 1134
749540127279, 749540127978, 699
749573979753, 749573980791, 1038
749638755612, 749638756911, 1299
749687257242, 749687258418, 1176
749737824251, 749737825889, 1638
749768346248, 749768347439, 1191
749836891196, 749836892940, 1744
749872278187, 749872279414, 1227
749935600835, 749935602257, 1422
749979289661, 749979290849, 1188
750034284809, 750034286339, 1530
750062983531, 750062985586, 2055
750132969721, 750132971179, 1458
750163282170, 750163283520, 1350
750231779220, 750231780018, 798
750260884801, 750260885977, 1176
750330458821, 750330460201, 1380
750361527900, 750361529478, 1578
750429337808, 750429339104, 1296
750458785843, 750458786860, 1017
750528101693, 750528103193, 1500
750583467910, 750583469107, 1197
750626944438, 750626945671, 1233
750659869502, 750659871131, 1629
750725996515, 750725998163, 1648
750763786744, 750763789222, 2478
750824353065, 750824355081, 2016
750866407454, 750866409224, 1770
750923274046, 750923275471, 1425
750957418509, 750957420408, 1899
751022317790, 751022319941, 2151
751068255211, 751068256468, 1257
751121082498, 751121083932, 1434
751156013488, 751156014838, 1350
751219689477, 751219691526, 2049
751256623107, 751256625540, 2433
751318496255, 751318497512, 1257
751357770232, 751357771612, 1380
751417267779, 751417269225, 1446
751447534872, 751447537149, 2277
751515874734, 751515875682, 948
751550171294, 751550173493, 2199
751615116855, 751615118586, 1731
751660487980, 751660489201, 1221
751713297767, 751713298466, 699
751745400868, 751745402377, 1509
751811904426, 751811905911, 1485
751857219650, 751857221087, 1437
751910668178, 751910669558, 1380
751940909841, 751940910921, 1080
752009968708, 752009969425, 717
752062187235, 752062188384, 1149
752108143823, 752108144297, 474
752155396315, 752155397812, 1497
752207300219, 752207301098, 879
752306088236, 752306090117, 1881
752357291604, 752357293464, 1860
752404674671, 752404675826, 1155
752437616693, 752437618184, 1491
752503730953, 752503731739, 786
752543392677, 752543394966, 2289
752616667770, 752616668406, 636
752715685136, 752715686237, 1101
752814056507, 752814057344, 837
752913134874, 752913135576, 702
753011827341, 753011828292, 951
753110627822, 753110628617, 795
753209477854, 753209478574, 720
753308251033, 753308251795, 762
753406966895, 753406967690, 795
753505780936, 753505781662, 726
753604608905, 753604609916, 1011
753703227485, 753703228817, 1332
753802198728, 753802199514, 786
753901011393, 753901012527, 1134
753999749584, 753999750511, 927
754098506651, 754098507467, 816
754197411837, 754197412623, 786
754296169415, 754296170219, 804
754395045412, 754395046318, 906
754493754779, 754493755574, 795
754592524230, 754592525025, 795
754691320664, 754691321480, 816
754790136069, 754790137731, 1662
754888928662, 754888929379, 717
754987743799, 754987745443, 1644
755086522694, 755086523594, 900
755185452414, 755185454316, 1902
755284225255, 755284226248, 993
755315948347, 755315949472, 1125
755383256675, 755383257365, 690
755481468867, 755481471183, 2316
755580470431, 755580471268, 837
755679256272, 755679257160, 888
755778047688, 755778048486, 798
755877063901, 755877067678, 3777
755975619524, 755975620304, 780
756074422693, 756074423899, 1206
756173174295, 756173175117, 822
756272003559, 756272004285, 726
756370852071, 756370853169, 1098
756469616623, 756469618045, 1422
756568375238, 756568376042, 804
756667183447, 756667185364, 1917
756765967971, 756765968808, 837
756864756716, 756864758198, 1482
756963516849, 756963517578, 729
757062339650, 757062341345, 1695
757161007421, 757161009173, 1752
757259962325, 757259963927, 1602
757358809520, 757358810705, 1185
757400059289, 757400061425, 2136
757457276926, 757457277502, 576
757556269193, 757556270129, 936
757655071145, 757655071949, 804
757753866048, 757753867365, 1317
757852918532, 757852919840, 1308
757951454357, 757951455449, 1092
758050223272, 758050224067, 795
758163370386, 758163371064, 678
758247874160, 758247874820, 660
758346612077, 758346613601, 1524
758445441717, 758445442737, 1020
758544434062, 758544435061, 999
758642990005, 758642990746, 741
758741794841, 758741795579, 738
758840537868, 758840538615, 747
758939278586, 758939280161, 1575
758985468690, 758985469785, 1095
759038348512, 759038349571, 1059
759137047284, 759137048112, 828
759235882901, 759235885478, 2577
759334569493, 759334570327, 834
759433316181, 759433317096, 915
759532114569, 759532115316, 747
759630939704, 759630940691, 987
759729792774, 759729794178, 1404
759828519742, 759828520531, 789
759927321240, 759927322227, 987
760026107981, 760026108923, 942
760124870508, 760124871327, 819
760223691550, 760223692273, 723
760322492593, 760322493415, 822
760421273789, 760421274791, 1002
760520248988, 760520250380, 1392
760618906308, 760618907142, 834
760717453904, 760717455152, 1248
760816451822, 760816452776, 954
760915244509, 760915245307, 798
761014031451, 761014032633, 1182
761112795691, 761112796477, 786
761211560266, 761211561055, 789
761310400449, 761310401310, 861
761409126682, 761409127222, 540
761507945398, 761507946499, 1101
761606755731, 761606756454, 723
761705566298, 761705567372, 1074
761804335476, 761804336196, 720
761903159135, 761903160029, 894
762001949123, 762001950050, 927
762100706394, 762100707216, 822
762199474857, 762199476084, 1227
762298395214, 762298396036, 822
762397117195, 762397117984, 789
762495920371, 762495921319, 948
762594507603, 762594509796, 2193
762693396743, 762693397742, 999
762792275894, 762792276884, 990
762891044607, 762891045372, 765
762989708113, 762989708869, 756
763088809501, 763088810731, 1230
763187431504, 763187432308, 804
763287022740, 763287025455, 2715
763385031505, 763385032228, 723
763483840329, 763483841109, 780
763582614586, 763582615312, 726
763681371227, 763681372847, 1620
763780103767, 763780105270, 1503
763878786474, 763878787758, 1284
763977721990, 763977722818, 828
764076549497, 764076550226, 729
764175369589, 764175370426, 837
764274132959, 764274133967, 1008
764373180318, 764373181875, 1557
764471645394, 764471646183, 789
764570485775, 764570486591, 816
764669302763, 764669303516, 753
764768112482, 764768113244, 762
764866898266, 764866899046, 780
764965680286, 764965681084, 798
765064525206, 765064526514, 1308
765163382157, 765163383090, 933
765261888560, 765261890066, 1506
765360830047, 765360830833, 786
765459664651, 765459665431, 780
765558455191, 765558455974, 783
765657255487, 765657256558, 1071
765756013949, 765756014672, 723
765854807010, 765854807952, 942
765953621320, 765953622049, 729
766052382501, 766052383401, 900
766151117242, 766151118037, 795
766249969815, 766249970697, 882
766348766348, 766348767242, 894
766447552454, 766447553390, 936
766546333514, 766546334240, 726
766645305598, 766645307755, 2157
766743899417, 766743900275, 858
766842560863, 766842562243, 1380
766941541103, 766941541826, 723
767040338550, 767040339522, 972
767139227767, 767139228694, 927
767238015829, 767238016801, 972
767336711929, 767336712733, 804
767435577926, 767435579237, 1311
767534357713, 767534358637, 924
767567935433, 767567937263, 1830
767633089446, 767633090556, 1110
767732291870, 767732295314, 3444
767830623476, 767830624481, 1005
767859459884, 767859461087, 1203
767929450848, 767929451985, 1137
768028287195, 768028288281, 1086
768126863055, 768126863616, 561
768225799606, 768225800515, 909
768324446017, 768324446770, 753
768423386372, 768423387326, 954
768521976922, 768521977993, 1071
768620987516, 768620988257, 741
768719755814, 768719756579, 765
768818547206, 768818548679, 1473
768917375702, 768917376485, 783
769016130650, 769016131376, 726
769119970175, 769119971261, 1086
769213703787, 769213705245, 1458
769312725355, 769312726693, 1338
769411241782, 769411242595, 813
769510019035, 769510019806, 771
769608942413, 769608943142, 729
769707743844, 769707744615, 771
769806506126, 769806507170, 1044
769905283672, 769905284395, 723
770003907139, 770003908822, 1683
770102893387, 770102894365, 978
770201687912, 770201689334, 1422
770300535337, 770300536702, 1365
770399207422, 770399208376, 954
770498127807, 770498129358, 1551
770596934919, 770596935732, 813
770638126106, 770638127849, 1743
770695619213, 770695620341, 1128
770794411974, 770794412697, 723
770893345848, 770893346835, 987
770992002572, 770992003469, 897
771090721404, 771090722469, 1065
771189579411, 771189580497, 1086
771288391557, 771288392352, 795
771386957006, 771386958152, 1146
771485903603, 771485904554, 951
771584794727, 771584795675, 948
771683525119, 771683525842, 723
771782314537, 771782315308, 771
771881198769, 771881199846, 1077
771979916038, 771979916836, 798
772078689491, 772078690562, 1071
772177303260, 772177303818, 558
772276258594, 772276259320, 726
772374890042, 772374890642, 600
772473865687, 772473866467, 780
772572686472, 772572687459, 987
772671479597, 772671481706, 2109
772770074118, 772770075492, 1374
772868995534, 772868996557, 1023
772967789548, 772967790298, 750
773066692755, 773066693580, 825
773165418621, 773165419413, 792
773264204794, 773264205634, 840
773363029585, 773363030656, 1071
773461802332, 773461803058, 726
773560618348, 773560619185, 837
773659154936, 773659156331, 1395
773694005190, 773694006714, 1524
773758170619, 773758171357, 738
773856994687, 773856995518, 831
773955688385, 773955689372, 987
774054547373, 774054548162, 789
774153126544, 774153128617, 2073
774252134296, 774252136339, 2043
774350876638, 774350877421, 783
774449699190, 774449699973, 783
774548631211, 774548632315, 1104
774647278511, 774647279237, 726
774746286409, 774746288461, 2052
774844826349, 774844827573, 1224
774943843538, 774943844978, 1440
775042462508, 775042463345, 837
775141224364, 775141225147, 783
775240074801, 775240075686, 885
775338867368, 775338868724, 1356
775437453676, 775437455359, 1683
775536422771, 775536423497, 726
775636102247, 775636103258, 1011
775733966230, 775733967037, 807
775832890076, 775832890886, 810
775931552442, 775931554419, 1977
776030372891, 776030373662, 771
776132630307, 776132631933, 1626
776227725491, 776227726298, 807
776326706662, 776326707658, 996
776425524713, 776425525439, 726
776524297974, 776524298724, 750
776634047152, 776634049273, 2121
776721884953, 776721885958, 1005
776749327089, 776749328226, 1137
776820676017, 776820676800, 783
776919306387, 776919307683, 1296
777018284540, 777018285320, 780
777117089001, 777117089787, 786
777215852844, 777215853597, 753
777314637669, 777314638389, 720
777413432953, 777413433979, 1026
777512274361, 777512275159, 798
777611147848, 777611149068, 1220
777709850255, 777709851176, 921
777808584169, 777808585180, 1011
777907499539, 777907500301, 762
778006194402, 778006196322, 1920
778105124674, 778105125478, 804
778203844438, 778203845242, 804
778302418429, 778302419920, 1491
778387062136, 778387063618, 1482
778431581848, 778431583273, 1425
778486018250, 778486019048, 798
778516601242, 778516602427, 1185
778584861938, 778584863189, 1251
778625690042, 778625691728, 1686
778683834851, 778683836873, 2022
778712201764, 778712203288, 1524
778782617679, 778782619170, 1491
778822759966, 778822761178, 1212
778881599400, 778881601359, 1959
778922403785, 778922405411, 1626
778980213265, 778980214570, 1305
779008030846, 779008032337, 1491
779079191125, 779079192556, 1431
779114888908, 779114890189, 1281
779178080378, 779178081737, 1359
779216202486, 779216203635, 1149
779276804242, 779276805544, 1302
779316214617, 779316216648, 2031
779375383806, 779375384937, 1131
779416665132, 779416666497, 1365
779474154174, 779474155662, 1488
779509221849, 779509223370, 1521
779572692830, 779572718999, 26169
779617772515, 779617773805, 1290
779672209440, 779672210691, 1251
779705176296, 779705178369, 2073
779770703636, 779770705188, 1552
779814169841, 779814171986, 2145
779869659025, 779869660765, 1740
779904904029, 779904905325, 1296
779967847728, 779967849327, 1599
779998451500, 779998452862, 1362
780067091353, 780067092748, 1395
780096054611, 780096056024, 1413
780165701476, 780165702796, 1320
780194747933, 780194749688, 1755
780264461183, 780264462734, 1551
780292865788, 780292867006, 1218
780363284595, 780363285948, 1353
780392853259, 780392854720, 1461
780462117097, 780462118537, 1440
780501956484, 780501957759, 1275
780560886417, 780560887677, 1260
780590486604, 780590488761, 2157
780659656331, 780659657639, 1308
780688411060, 780688412161, 1101
780758638820, 780758640275, 1455
780790784494, 780790786411, 1917
780856874189, 780856875209, 1020
780885866857, 780885868039, 1182
780955902753, 780955904034, 1281
780986868228, 780986869596, 1368
781054857221, 781054858640, 1419
781093412052, 781093413249, 1197
781153574685, 781153575240, 555
781185216556, 781185220285, 3729
781252513991, 781252516731, 2740
781283070388, 781283071417, 1029
781351236881, 781351238192, 1311
781382743505, 781382745704, 2199
781449987914, 781449989300, 1386
781478797871, 781478799011, 1140
781548744777, 781548746220, 1443
781578389996, 781578391478, 1482
781647820671, 781647821940, 1269
781677752811, 781677754599, 1788
781746731534, 781746733196, 1662
781776949992, 781776951228, 1236
781845077902, 781845078889, 987
781881651685, 781881652972, 1287
781943951289, 781943952591, 1302
781975676257, 781975677649, 1392
782042734031, 782042735579, 1548
782084179798, 782084181082, 1284
782141528200, 782141529463, 1263
782171504294, 782171505716, 1422
782240110226, 782240111123, 897
782268610477, 782268611590, 1113
782339168495, 782339169824, 1329
782385405465, 782385406986, 1521
782437897792, 782437899082, 1290
782477980156, 782477981302, 1146
782536698810, 782536700196, 1386
782565822418, 782565823732, 1314
782635412218, 782635413427, 1209
782668917804, 782668919166, 1362
782734317223, 782734318609, 1386
782772936455, 782772937730, 1275
782833088431, 782833089808, 1377
782878643115, 782878644849, 1734
782931866615, 782931867956, 1341
782964637181, 782964638387, 1206
783030650228, 783030651560, 1332
783060041810, 783060043172, 1362
783129451559, 783129452822, 1263
783160410902, 783160412057, 1155
783228150763, 783228152044, 1281
783257276578, 783257278690, 2112
783327031689, 783327033402, 1713
783356661013, 783356662234, 1221
783425823803, 783425825171, 1368
783456610069, 783456611476, 1407
783524575361, 783524576231, 870
783560266831, 783560268106, 1275
783623442099, 783623444178, 2079
783655115752, 783655117078, 1326
783722338205, 783722339489, 1284
783765519277, 783765520795, 1518
783821085071, 783821086478, 1407
783849776587, 783849777943, 1356
783919777785, 783919779114, 1329
783953877432, 783953878551, 1119
784018553775, 784018555155, 1380
784049025634, 784049027065, 1431
784117351889, 784117353537, 1648
784147951330, 784147952737, 1407
784216157742, 784216158912, 1170
784257522430, 784257523831, 1401
784314549593, 784314550871, 1278
784356621357, 784356622680, 1323
784413384301, 784413385594, 1293
784511923874, 784511924549, 675
784513574387, 784513574912, 525
784513594910, 784513595387, 477
784559977772, 784559979155, 1383
784611100611, 784611101397, 786
784640265992, 784640267396, 1404
784709752684, 784709754238, 1554
784741571751, 784741573248, 1497
784808893492, 784808894536, 1044
784839409667, 784839410921, 1254
784907486806, 784907488894, 2088
784957675310, 784957677677, 2367
785005899437, 785005900004, 567
785034994036, 785034995719, 1683
785105017652, 785105018892, 1240
785145616444, 785145617926, 1482
785203780869, 785203783044, 2175
785250814817, 785250816998, 2181
785302517372, 785302518917, 1545
785352412908, 785352414330, 1422
785401382040, 785401383066, 1026
785454233033, 785454234572, 1539
785500155544, 785500157857, 2313
785539560731, 785539562492, 1761
785613987851, 785613989297, 1446
785697409051, 785697410092, 1041
785712526220, 785712528791, 2571
785796446193, 785796448617, 2424
785810768957, 785810769728, 771
785853411839, 785853412925, 1086
785909757106, 785909758654, 1548
785938268153, 785938269407, 1254
786008320895, 786008322050, 1155
786106923259, 786106924804, 1545
786205921553, 786205922333, 780
786290436914, 786290437925, 1011
786319769857, 786319770970, 1113
786389587165, 786389588131, 966
786420875332, 786420876739, 1407
786488366266, 786488367664, 1398
786520839718, 786520842541, 2823
786586941900, 786586943340, 1440
786615294367, 786615295699, 1332
786685845965, 786685847366, 1401
786723352321, 786723353971, 1650
786784560067, 786784561267, 1200
786813868632, 786813869790, 1158
786883564340, 786883565642, 1302
786920169763, 786920172154, 2391
786982341495, 786982343142, 1647
787018631987, 787018633958, 1971
787081183709, 787081185002, 1293
787121054866, 787121056516, 1650
787179938566, 787179940120, 1554
787217054392, 787217055883, 1491
787278666289, 787278667534, 1245
787307782621, 787307783980, 1359
787377523975, 787377525307, 1332
787411717373, 787411719296, 1923
787476352154, 787476352874, 720
787505576752, 787505578723, 1971
787575086390, 787575087689, 1299
787620216454, 787620217855, 1401
787673884150, 787673885653, 1503
787704473487, 787704474831, 1344
787772663253, 787772664669, 1416
787805394681, 787805396391, 1710
787871336219, 787871338154, 1935
787916190306, 787916192295, 1989
787969915603, 787969917370, 1767
787999273672, 787999274887, 1215
788069110047, 788069112027, 1980
788112096762, 788112097986, 1224
788167955541, 788167956768, 1227
788202645333, 788202646464, 1131
788266602828, 788266604055, 1227
788303260161, 788303262777, 2616
788365096646, 788365097762, 1116
788405666266, 788405667661, 1395
788464139191, 788464141210, 2019
788512226767, 788512229464, 2697
788562501553, 788562503014, 1461
788604014845, 788604016309, 1464
788661481452, 788661483078, 1626
788694469363, 788694471229, 1866
788760435085, 788760436279, 1194
788792275794, 788792276997, 1203
788859245360, 788859246872, 1512
788888239449, 788888240856, 1407
788957871525, 788957872880, 1355
789056976568, 789056978062, 1494
789086738675, 789086740847, 2172
789155777010, 789155779794, 2784
789186168335, 789186169544, 1209
789254269375, 789254270410, 1035
789305361147, 789305362527, 1380
789352662856, 789352663336, 480
789381888354, 789381889596, 1242
789452139908, 789452142521, 2613
789499821344, 789499822511, 1167
789550918051, 789550919416, 1365
789589836692, 789589837871, 1179
789649726549, 789649728067, 1518
789690322513, 789690323716, 1203
789748509207, 789748510599, 1392
789781679504, 789781681073, 1569
789847344306, 789847345875, 1569
789876525668, 789876527606, 1938
789946109317, 789946110694, 1377
789979930525, 789979931794, 1269
790044871609, 790044873301, 1692
790075465376, 790075466663, 1287
790143733519, 790143735087, 1568
790185038125, 790185039433, 1308
790242254489, 790242256295, 1806
790273230263, 790273231463, 1200
790341229617, 790341230952, 1335
790381774068, 790381775349, 1281
790440036363, 790440037986, 1623
790478063313, 790478064615, 1302
790538825194, 790538826574, 1380
790578253019, 790578254267, 1248
790637605984, 790637607538, 1554
790668504098, 790668505274, 1176
790736296474, 790736297674, 1200
790771195862, 790771198751, 2889
790835202366, 790835203935, 1569
790865820150, 790865821470, 1320
790933984469, 790933985723, 1254
790962361228, 790962362338, 1110
791032796160, 791032797975, 1815
791065372674, 791065374726, 2052
791131567423, 791131568686, 1263
791160071674, 791160072919, 1245
791229950466, 791229951927, 1461
791266769231, 791266771052, 1821
791328939577, 791328940420, 843
791358339667, 791358340804, 1137
791427947288, 791427948602, 1314
791482839410, 791482840787, 1377
791526733113, 791526734889, 1776
791557254093, 791557255287, 1194
791625276963, 791625278093, 1130
791661105402, 791661106848, 1446
791724311732, 791724313157, 1425
791752953262, 791752954369, 1107
791823124025, 791823125318, 1293
791854654335, 791854656231, 1896
791922006744, 791922011037, 4293
791950990160, 791950991363, 1203
792020728556, 792020729636, 1080
792066153032, 792066154475, 1443
792119482706, 792119484167, 1461
792148699816, 792148700950, 1134
792218371746, 792218373438, 1692
792246498006, 792246499566, 1560
792316698325, 792316700128, 1803
792346557069, 792346558101, 1032
792415852544, 792415854092, 1548
792446801586, 792446802801, 1215
792514530730, 792514532248, 1518
792545949139, 792545950285, 1146
792613438173, 792613440081, 1908
792642184443, 792642185571, 1128
792711950791, 792711952587, 1796
792744632628, 792744633885, 1257
792810715532, 792810717056, 1524
792854201822, 792854203103, 1281
792909836704, 792909838300, 1596
792938530616, 792938531831, 1215
793008443658, 793008445707, 2049
793052500016, 793052501600, 1584
793107469220, 793107470738, 1518
793143400278, 793143401391, 1113
793206205825, 793206207238, 1413
793245316316, 793245317591, 1275
793305009412, 793305012361, 2949
793337504348, 793337505593, 1245
793403780157, 793403781459, 1302
793444822254, 793444823289, 1035
793502587986, 793502589660, 1674
793532553252, 793532554251, 999
793601372616, 793601373924, 1308
793634289272, 793634290934, 1662
793700170010, 793700171651, 1641
793739180263, 793739181511, 1248
793798978975, 793798980301, 1326
793829437043, 793829438138, 1095
793897750462, 793897751872, 1410
793930253230, 793930254790, 1560
793996542296, 793996544132, 1836
794025739335, 794025740535, 1200
794095366663, 794095368280, 1617
794134277186, 794134279055, 1869
794194172422, 794194173715, 1293
794226981396, 794226982545, 1149
794292872328, 794292873930, 1602
794321341531, 794321343409, 1878
794391714036, 794391715320, 1284
794425706322, 794425707591, 1269
794490454333, 794490455887, 1554
794519350213, 794519351362, 1149
794589299166, 794589300444, 1278
794629380305, 794629381562, 1257
794688100905, 794688102255, 1350
794716724125, 794716725499, 1374
794786876925, 794786878341, 1416
794817295302, 794817296787, 1485
794885446006, 794885447230, 1224
794915225614, 794915227036, 1422
794984253513, 794984254707, 1194
795020050922, 795020052023, 1101
795083258282, 795083259665, 1383
795124616658, 795124617840, 1182
795182055029, 795182056712, 1683
795224402417, 795224403986, 1569
795280720593, 795280721931, 1338
795319842191, 795319844255, 2064
795379673172, 795379674870, 1698
795412223749, 795412224799, 1050
795478432856, 795478435076, 2220
795509459335, 795509460547, 1212
795577221069, 795577222605, 1536
795620822636, 795620824019, 1383
795675754769, 795675755636, 867
795704008399, 795704009596, 1197
795774814768, 795774816190, 1422
795803353497, 795803354745, 1248
795873370772, 795873374354, 3582
795920066271, 795920067954, 1683
795972387186, 795972388674, 1488
796001278797, 796001279901, 1104
796071197596, 796071198955, 1359
796100848377, 796100850054, 1677
796170004539, 796170006156, 1617
796203407469, 796203409299, 1830
796268475623, 796268476697, 1074
796300459546, 796300460755, 1209
796367379873, 796367382495, 2622
796399678843, 796399680052, 1209
796466276413, 796466277682, 1269
796503661101, 796503662529, 1428
796565147764, 796565149198, 1434
796596714209, 796596716021, 1812
796663583923, 796663585411, 1488
796708302142, 796708303384, 1242
796762689082, 796762690516, 1434
796792510295, 796792511702, 1407
796861488003, 796861489239, 1236
796890907682, 796890908744, 1062
796960603466, 796960606373, 2907
796999680475, 796999681726, 1251
797059061123, 797059062422, 1299
797098021445, 797098022942, 1497
797157855787, 797157857611, 1824
797190218483, 797190219602, 1119
797256656360, 797256657623, 1263
797290401865, 797290404463, 2598
797355422066, 797355425798, 3732
797402126301, 797402127849, 1548
797454207444, 797454208758, 1314
797489598719, 797489599835, 1116
797553043139, 797553044717, 1578
797595554095, 797595556660, 2565
797651490923, 797651493614, 2691
797680062032, 797680063298, 1266
797750613007, 797750614423, 1416
797796511426, 797796512749, 1323
797849418695, 797849419982, 1287
797880098054, 797880100505, 2451
797948228022, 797948229501, 1479
797977481240, 797977482470, 1230
798047010900, 798047012205, 1305
798076771004, 798076772567, 1563
798145933099, 798145934962, 1863
798244332574, 798244333717, 1143
798292750429, 798292751866, 1437
798343396680, 798343398330, 1650
798383440121, 798383441693, 1572
798441809961, 798441811196, 1235
798477283718, 798477285296, 1578
798540696448, 798540697099, 651
798580688988, 798580690200, 1212
798639756164, 798639757484, 1320
798680808321, 798680809728, 1407
798738639613, 798738641641, 2028
798787724418, 798787725789, 1371
798837347074, 798837348367, 1293
798870521240, 798870522671, 1431
798936126867, 798936128211, 1344
798972526819, 798972529081, 2262
799034919711, 799034920974, 1263
799063296811, 799063298188, 1377
799133731553, 799133733107, 1554
799163088340, 799163089336, 996
799232596091, 799232599037, 2946
799261611254, 799261613003, 1749
799331082105, 799331083431, 1326
799363663128, 799363664361, 1233
799430110206, 799430110908, 702
799461896782, 799461898180, 1398
799528881113, 799528883183, 2070
799573171070, 799573172267, 1197
799627729904, 799627731212, 1308
799662094170, 799662096549, 2379
799726475291, 799726476602, 1311
799755544303, 799755545641, 1338
799824997381, 799824998683, 1302
799856857083, 799856858628, 1545
799923969267, 799923970626, 1359
799956291813, 799956293094, 1281
800022823180, 800022824422, 1242
800051379608, 800051381045, 1437
800121456691, 800121457969, 1278
800165529263, 800165530784, 1521
800220352608, 800220353412, 804
800248630170, 800248632099, 1929
800319039916, 800319041560, 1644
800367061931, 800367063167, 1236
800418117767, 800418119360, 1593
800452246339, 800452248154, 1815
800516824538, 800516825912, 1374
800559026834, 800559028073, 1239
800615743879, 800615748343, 4464
800647146965, 800647148399, 1434
800714379507, 800714381466, 1959
800743442124, 800743443798, 1674
800813082510, 800813083947, 1437
800853053914, 800853055270, 1356
800911981167, 800911982607, 1440
800949292650, 800949294042, 1392
801010766626, 801010768075, 1449
801040015267, 801040016707, 1440
801109558427, 801109559702, 1275
801142394680, 801142395889, 1209
801208336244, 801208338437, 2193
801260347108, 801260348422, 1314
801307138503, 801307139745, 1242
801343340708, 801343342667, 1959
801405605276, 801405606392, 1116
801504726677, 801504727931, 1254
801540906551, 801540907877, 1326
801603530951, 801603532292, 1341
801632923970, 801632925557, 1587
801702033839, 801702035219, 1380
801744130584, 801744131943, 1359
801801117145, 801801118459, 1314
801830177559, 801830179056, 1497
801900055905, 801900057759, 1854
801937773762, 801937774980, 1218
801998790829, 801998792929, 2100
802042013536, 802042014982, 1446
802097483772, 802097485356, 1584
802135367947, 802135369114, 1167
802196342364, 802196343852, 1488
802233019377, 802233020877, 1500
802295138752, 802295140432, 1680
802331029985, 802331031467, 1482
802393861414, 802393863628, 2214
802428826357, 802428827815, 1458
802492653599, 802492655591, 1992
802540205076, 802540208418, 3342
802591459911, 802591461297, 1386
802627297059, 802627298607, 1548
802689898416, 802689899546, 1130
802729961790, 802729963242, 1452
802788992775, 802788994332, 1557
802824512916, 802824514155, 1239
802887819045, 802887820506, 1461
802923474215, 802923475925, 1710
802986622410, 802986624276, 1866
803027460920, 803027463086, 2166
803085415776, 803085417596, 1820
803125904748, 803125906323, 1575
803184237559, 803184239275, 1716
803213697184, 803213698597, 1413
803283020699, 803283022202, 1503
803311262925, 803311264572, 1647
803381788947, 803381790228, 1281
803414064974, 803414066207, 1233
803480537214, 803480538573, 1359
803512970109, 803512971429, 1320
803579385323, 803579386664, 1341
803614451715, 803614453194, 1479
803678173023, 803678174385, 1362
803722540511, 803722542286, 1775
803776947757, 803776949191, 1434
803811817875, 803811819246, 1371
803876076175, 803876077435, 1260
803911663520, 803911665053, 1533
803974434207, 803974435482, 1275
804009207916, 804009209335, 1419
804073344388, 804073345564, 1176
804109989570, 804109990857, 1287
804172028389, 804172029790, 1401
804218666197, 804218667616, 1419
804270975451, 804270976849, 1398
804322288032, 804322289538, 1506
804369741026, 804369743039, 2013
804398592706, 804398594023, 1317
804468593404, 804468596911, 3507
804524214691, 804524218654, 3963
804567301448, 804567303980, 2532
804597032440, 804597033721, 1281
804666106953, 804666108327, 1374
804697803113, 804697804460, 1347
804764889039, 804764891271, 2232
804800828229, 804800830068, 1839
804863664071, 804863665712, 1641
804902560257, 804902561616, 1359
804962493234, 804962494521, 1287
805003211211, 805003212675, 1464
805061251494, 805061252769, 1275
805101444900, 805101447420, 2520
805160041418, 805160042858, 1440
805197173344, 805197175705, 2361
805258612648, 805258613611, 963
805289571695, 805289573129, 1434
805357439337, 805357440375, 1038
805402909717, 805402911061, 1344
805456405090, 805456406497, 1407
805486118068, 805486119127, 1059
805555120261, 805555122673, 2412
805595946464, 805595947823, 1359
805654000417, 805654001746, 1329
805685279154, 805685280963, 1809
805752780035, 805752782171, 2136
805799734001, 805799735465, 1464
805851160416, 805851161133, 717
805881644947, 805881646354, 1407
805950371261, 805950372545, 1284
805978907339, 805978908596, 1257
806049138359, 806049139688, 1329
806086661432, 806086662974, 1542
806147940410, 806147941709, 1299
806177909177, 806177910308, 1131
806246519367, 806246520738, 1371
806303052159, 806303054583, 2424
806344873944, 806344874637, 693
806387813245, 806387814646, 1401
806444348872, 806444350321, 1449
806487249180, 806487250896, 1716
806543096614, 806543097892, 1278
806575675234, 806575676905, 1671
806641899038, 806641901171, 2133
806674865332, 806674867396, 2064
806740703554, 806740704883, 1329
806771465130, 806771466516, 1386
806839499024, 806839500437, 1413
806873277494, 806873278901, 1407
806937974421, 806937975942, 1521
806979829503, 806979830904, 1401
807037092528, 807037094013, 1485
807075341396, 807075342776, 1380
807135623376, 807135624588, 1212
807178204503, 807178205841, 1338
807234907223, 807234908630, 1407
807267418234, 807267419353, 1119
807333527276, 807333529166, 1890
807432300424, 807432301723, 1299
807462582099, 807462583563, 1464
807531093137, 807531094376, 1239
807564176433, 807564177603, 1170
807629847796, 807629849038, 1242
807662275928, 807662277458, 1530
807728644577, 807728645930, 1353
807762289356, 807762291918, 2562
807827551260, 807827552841, 1581
807866144205, 807866145552, 1347
807926122300, 807926123020, 720
807955294793, 807955296335, 1542
808024985198, 808024986482, 1284
808061045304, 808061046258, 954
808123442819, 808123444268, 1449
808158403342, 808158404785, 1443
808222310381, 808222312028, 1647
808267126346, 808267127732, 1386
808321124734, 808321126180, 1446
808353200945, 808353202124, 1179
808420162797, 808420164243, 1446
808456612635, 808456613865, 1230
808518972019, 808518973648, 1629
808546677340, 808546678642, 1302
808617750286, 808617751798, 1512
808649927610, 808649929023, 1413
808716550865, 808716552203, 1338
808744745530, 808744747087, 1557
808814880744, 808814882004, 1260
808858266943, 808858268365, 1422
808914190071, 808914191400, 1329
808943212923, 808943214297, 1374
809012938253, 809012939561, 1308
809041951887, 809041953030, 1143
809111713197, 809111714517, 1320
809145470296, 809145472588, 2292
809210530989, 809210532276, 1287
809238469595, 809238470687, 1092
809309264713, 809309265982, 1269
809352330062, 809352331691, 1629
809408093150, 809408094464, 1314
809445878166, 809445879600, 1434
809506847957, 809506849328, 1371
809545221072, 809545222416, 1344
809605655486, 809605656878, 1392
809653073300, 809653074545, 1245
809704165857, 809704166601, 744
809751769140, 809751771384, 2244
809817127360, 809817128035, 675
809916020089, 809916020809, 720
810014538038, 810014539106, 1068
810113650900, 810113652100, 1200
810212337358, 810212339125, 1767
810311151171, 810311151969, 798
810409902234, 810409903308, 1074
810508717669, 810508718455, 786
810607500300, 810607500981, 681
810706306243, 810706307641, 1398
810805117786, 810805118584, 798
810903888586, 810903889855, 1269
811002704937, 811002705777, 840
811101487342, 811101488125, 783
811200350794, 811200352564, 1770
811299049681, 811299050545, 864
811397757370, 811397760283, 2913
811496666918, 811496667818, 900
811595284739, 811595286380, 1641
811694247701, 811694248481, 780
811793035372, 811793036164, 792
811891877023, 811891878253, 1230
811990702327, 811990703050, 723
812089424161, 812089424950, 789
812188200109, 812188201096, 987
812286972352, 812286973078, 726
812385810541, 812385811285, 744
812484543173, 812484543992, 819
812583372514, 812583373574, 1060
812681950774, 812681952604, 1830
812780966460, 812780968035, 1575
812879697794, 812879698754, 960
812981342660, 812981344190, 1530
813077325957, 813077326680, 723
813176125606, 813176126335, 729
813274915047, 813274915878, 831
813373675807, 813373676761, 954
813472501768, 813472502608, 840
813571101999, 813571103706, 1707
813670186494, 813670187313, 819
813768849359, 813768850355, 996
813867651058, 813867652027, 969
813966435769, 813966436774, 1005
814065219358, 814065220150, 792
814164026675, 814164027779, 1104
814262647450, 814262648029, 579
814361624103, 814361625123, 1020
814460411135, 814460411933, 798
814559181051, 814559181888, 837
814658002065, 814658002962, 897
814758079981, 814758081994, 2013
814855561521, 814855562544, 1023
814954383710, 814954384583, 873
815053163503, 815053164325, 822
815151948887, 815151949868, 981
815250923477, 815250925622, 2145
815349749113, 815349750805, 1692
815448354918, 815448355710, 792
815546953023, 815546954871, 1848
815645814189, 815645815050, 861
815744747930, 815744749190, 1260
815843442754, 815843443669, 915
815942266499, 815942268029, 1530
816041456247, 816041458503, 2256
816140041183, 816140042335, 1152
816238647745, 816238648561, 816
816337416607, 816337417516, 909
816436238272, 816436239439, 1167
816535034446, 816535035247, 801
816561389861, 816561391202, 1341
816633785516, 816633786320, 804
816732657295, 816732658084, 789
816831361153, 816831362344, 1191
816930210694, 816930211555, 861
817028824875, 817028825457, 582
817127832052, 817127832994, 942
817226617931, 817226619080, 1149
817325377782, 817325378499, 717
817424167368, 817424168394, 1026
817522742027, 817522743257, 1230
817621726352, 817621727192, 840
817720531704, 817720532499, 795
817819333358, 817819334084, 726
817919057972, 817919059910, 1938
818016928798, 818016929554, 756
818115859928, 818115860660, 732
818214475683, 818214476691, 1008
818313262008, 818313262803, 795
818412082762, 818412083542, 780
818510838569, 818510839364, 795
818609681807, 818609682776, 969
818708469016, 818708469742, 726
818807258563, 818807259361, 798
818905997037, 818905997763, 726
819004805502, 819004806915, 1413
819103592212, 819103592941, 729
819202424664, 819202425729, 1065
819308579928, 819308581932, 2004
819399807806, 819399809135, 1329
819498778968, 819498779712, 744
819597556117, 819597557068, 951
819696318221, 819696319049, 828
819795223786, 819795224788, 1002
819893957416, 819893958199, 783
819992806363, 819992807668, 1305
820091549676, 820091550444, 768
820190296487, 820190297249, 762
820289187663, 820289188605, 942
820387923518, 820387924376, 858
820486807650, 820486808973, 1323
820585588004, 820585589981, 1977
820684268001, 820684268730, 729
820783126607, 820783127324, 717
820882009295, 820882011266, 1971
820981527667, 820981529848, 2181
821079467689, 821079468571, 882
821178334184, 821178335033, 849
821277117897, 821277118644, 747
821375661494, 821375662292, 798
821474636218, 821474637146, 928
821573431856, 821573432921, 1065
821672237260, 821672237980, 720
821770953470, 821770954697, 1227
821869764236, 821869765196, 960
821968609159, 821968610413, 1254
822067383936, 822067384734, 798
822166131323, 822166132376, 1053
822264966088, 822264966853, 765
822363761890, 822363762772, 882
822462543386, 822462544160, 774
822561345878, 822561346730, 852
822660129834, 822660130608, 774
822690479758, 822690480961, 1203
822758879946, 822758881269, 1323
822857825981, 822857827286, 1305
822956479931, 822956480708, 777
823055249337, 823055250132, 795
823154092137, 823154093127, 990
823252798268, 823252799252, 984
823351489463, 823351491032, 1569
823450471746, 823450472712, 966
823549254704, 823549255436, 732
823648043421, 823648044438, 1017
823746832689, 823746833526, 837
823845816044, 823845817010, 966
823944470762, 823944471518, 756
824043160565, 824043161504, 939
824141995750, 824141996677, 927
824240760768, 824240761557, 789
824339711591, 824339712596, 1005
824438353310, 824438354279, 969
824537039391, 824537040270, 879
824635969912, 824635971298, 1386
824734753627, 824734754407, 780
824833872285, 824833873320, 1035
824932303039, 824932303822, 783
825031042098, 825031042842, 744
825129947229, 825129947955, 726
825228719786, 825228720842, 1056
825327351083, 825327352478, 1395
825426350944, 825426352042, 1098
825525035785, 825525036637, 852
825623836276, 825623837002, 726
825722672592, 825722673390, 798
825821452182, 825821453266, 1084
825920223130, 825920223856, 726
826019053874, 826019054678, 804
826117814584, 826117815364, 780
826216623655, 826216624501, 846
826315434245, 826315435022, 777
826414169740, 826414170532, 792
826512970130, 826512970883, 753
826611754557, 826611755367, 810
826710597420, 826710598356, 936
826809407884, 826809408652, 768
826908146697, 826908147480, 783
827006761721, 827006762843, 1122
827105789592, 827105790556, 964
827204501962, 827204502919, 957
827314333711, 827314334248, 537
827402164467, 827402165172, 705
827501200959, 827501201931, 972
827599715484, 827599716435, 951
827698551203, 827698552013, 810
827797314460, 827797315486, 1026
827896068660, 827896069434, 774
827994656486, 827994657332, 846
828093498266, 828093499127, 861
828192246391, 828192247873, 1482
828291619409, 828291620228, 819
828390013297, 828390014275, 978
828488669396, 828488670116, 720
828587479101, 828587481282, 2181
828686405713, 828686406586, 873
828785229900, 828785230698, 798
828884026545, 828884027277, 732
828982850155, 828982851271, 1116
829081791620, 829081793663, 2043
829180347687, 829180348413, 726
829279185708, 829279186506, 798
829377953441, 829377954443, 1002
829476748383, 829476749148, 765
829575574016, 829575575039, 1023
829674386351, 829674387164, 813
829773365438, 829773367301, 1863
829871936432, 829871937218, 786
829970570265, 829970571162, 897
830069574388, 830069575360, 972
830168296773, 830168297844, 1071
830267061459, 830267062188, 729
830365711419, 830365712919, 1500
830464658257, 830464658992, 735
830563508092, 830563509049, 957
830662287466, 830662288240, 774
830761066270, 830761067533, 1263
830859832824, 830859833706, 882
830958655111, 830958656197, 1086
831057463599, 831057464424, 825
831156209034, 831156209916, 882
831255003548, 831255004346, 798
831353815289, 831353816282, 993
831452564956, 831452565913, 957
831551397784, 831551398888, 1104
831650226726, 831650228001, 1275
831748773796, 831748774600, 804
831847592409, 831847593744, 1335
831875779089, 831875780961, 1872
831946605027, 831946605855, 828
832045292491, 832045293601, 1110
832144226352, 832144227159, 807
832243038923, 832243040180, 1257
832341741373, 832341742147, 774
832440529638, 832440530646, 1008
832539374259, 832539375048, 789
832638144063, 832638145122, 1059
832736879091, 832736879823, 732
832835698522, 832835699698, 1176
832934472802, 832934473621, 819
833033226823, 833033227879, 1056
833132067315, 833132068140, 825
833230690498, 833230692334, 1836
833329655616, 833329657053, 1437
833428404785, 833428405589, 804
833527240728, 833527241487, 759
833626028306, 833626029044, 738
833724817633, 833724818437, 804
833823577742, 833823578693, 951
833922400989, 833922401769, 780
834021159164, 834021159908, 744
834120000104, 834120001046, 942
834218767743, 834218768700, 957
834317578444, 834317579188, 744
834416367642, 834416368596, 954
834514980080, 834514983065, 2985
834613966352, 834613967375, 1023
834712740649, 834712741375, 726
834811546992, 834811547946, 954
834910341699, 834910342659, 960
834950157435, 834950158509, 1074
835009216885, 835009218004, 1119
835107913826, 835107914756, 930
835206642339, 835206643059, 720
835305457624, 835305458359, 735
835404309557, 835404310271, 714
835502970226, 835502971000, 774
835601838329, 835601839124, 795
835700663131, 835700663929, 798
835799465880, 835799466912, 1032
835898056447, 835898057890, 1443
835997028329, 835997029127, 798
836095683649, 836095684414, 765
836194576956, 836194577814, 858
836293373192, 836293373924, 732
836392187165, 836392187954, 789
836490948418, 836490949456, 1038
836589790485, 836589791448, 963
836688530036, 836688530996, 960
836787368109, 836787368835, 726
836886149174, 836886150257, 1083
836984948830, 836984949553, 723
837083722979, 837083723912, 933
837182453161, 837182453947, 786
837281332992, 837281333784, 792
837379937069, 837379938647, 1578
837478907754, 837478908660, 906
837577704759, 837577705542, 783
837676484445, 837676485390, 945
837775201201, 837775201744, 543
837874007192, 837874008092, 900
837972877975, 837972878812, 837
838071682460, 838071683291, 831
838170641580, 838170643500, 1920
838268988168, 838268988951, 783
838368033569, 838368034265, 696
838466890982, 838466892377, 1395
838565454099, 838565456664, 2565
838664443833, 838664444905, 1072
838763199163, 838763200345, 1182
838862033822, 838862034755, 933
838960781420, 838960782218, 798
839059581620, 839059582649, 1029
839158402206, 839158403001, 795
839257222126, 839257223182, 1056
839356022221, 839356023046, 825
839454750564, 839454751473, 909
839553735668, 839553737048, 1380
839652299515, 839652300283, 768
839751187598, 839751188369, 771
839849875244, 839849876198, 954
839948668259, 839948669057, 798
840047378822, 840047379647, 825
840146244836, 840146245562, 726
840245089159, 840245089921, 762
840343684375, 840343685326, 951
840442649096, 840442649891, 795
840541482628, 840541483552, 924
840640254666, 840640255617, 951
840739046184, 840739046928, 744
840837837458, 840837838241, 783
840936647139, 840936647937, 798
841035420249, 841035421014, 765
841069795888, 841069797169, 1281
841134573947, 841134576917, 2970
841232814892, 841232815453, 561
841331774848, 841331775973, 1125
841430546266, 841430547001, 735
841529380220, 841529381351, 1131
841628135490, 841628136207, 717
841726940558, 841726941824, 1266
841825719275, 841825720073, 798
841924773913, 841924775578, 1665
842023334484, 842023335318, 834
842122133247, 842122134030, 783
842221018423, 842221019743, 1320
842319715493, 842319717128, 1635
842418569728, 842418570658, 930
842517126622, 842517130087, 3465
842616068549, 842616069344, 795
842715114903, 842715116628, 1725
842813692923, 842813694358, 1435
842912453475, 842912454267, 792
843011252439, 843011253165, 726
843110007651, 843110008425, 774
843208961391, 843208963050, 1659
843307634436, 843307635150, 714
843407131222, 843407132149, 927
843505164690, 843505165500, 810
843604012159, 843604012981, 822
843702866984, 843702868607, 1623
843801542425, 843801543616, 1191
843900386599, 843900387397, 798
843999232371, 843999233340, 969
844097921063, 844097922260, 1197
844196768722, 844196769484, 762
844295532583, 844295533309, 726
844394348100, 844394348820, 720
844493225785, 844493226652, 867
844591880063, 844591880903, 840
844690678108, 844690679062, 954
844789480764, 844789482936, 2172
844888300792, 844888301563, 771
844987095462, 844987096227, 765
845085888911, 845085889637, 726
845184650324, 845184651056, 732
845283443419, 845283444550, 1131
845382310822, 845382311566, 744
845481024579, 845481025644, 1065
845579946141, 845579947560, 1419
845678662909, 845678663965, 1056
845777435397, 845777436183, 786
845876270866, 845876272192, 1326
845975024064, 845975024862, 798
846073836380, 846073837583, 1203
845862619630, 845862621910, 2280
845895478993, 845895481159, 2166
845961073016, 845961074369, 1353
845989811727, 845989813578, 1851
846059664557, 846059666030, 1473
846091585238, 846091586387, 1149
846158638948, 846158640760, 1812
846187602772, 846187604029, 1257
846256960451, 846256961849, 1398
846285886213, 846285887521, 1308
846356061826, 846356063581, 1755
846401323482, 846401324724, 1242
846454982274, 846454983774, 1500
846483528680, 846483529820, 1140
846553845098, 846553847534, 2436
846587077615, 846587078911, 1296
846652862563, 846653094538, 231975
846689696037, 846689697510, 1473
846751409439, 846751411089, 1650
846779267968, 846779269102, 1134
846850188382, 846850190788, 2406
846889345591, 846889346947, 1356
846948980558, 846948983042, 2484
846980981724, 846980982942, 1218
847047411702, 847047413295, 1593
847075486987, 847075488031, 1044
847146573131, 847146574484, 1353
847245362520, 847245363975, 1455
847276411127, 847276412219, 1092
847344152188, 847344153448, 1260
847372444087, 847372446484, 2397
847442964036, 847442965476, 1440
847484337470, 847484338730, 1260
847541732046, 847541733444, 1398
847572207468, 847572209085, 1617
847640538389, 847640539796, 1407
847669390129, 847669391278, 1149
847739327865, 847739329281, 1416
847778643681, 847778645304, 1623
847838114118, 847838115678, 1560
847865882584, 847865883703, 1119
847936905649, 847936907005, 1356
847965507446, 847965508892, 1446
848035710735, 848035712112, 1377
848063858512, 848063860138, 1626
848134490975, 848134492190, 1215
848165995090, 848165996185, 1095
848233647204, 848233648554, 1350
848272924672, 848272926208, 1536
848332074157, 848332075684, 1527
848360661161, 848360662235, 1074
848430857641, 848430858955, 1314
848466912707, 848466913892, 1185
848529817645, 848529819232, 1587
848558893392, 848558895147, 1755
848628446400, 848628447852, 1452
848656209426, 848656210767, 1341
848727229322, 848727231191, 1869
848762571110, 848762572724, 1614
848826047913, 848826049158, 1245
848855731935, 848855733159, 1224
848924808789, 848924810118, 1329
848958524287, 848958525769, 1482
849023614197, 849023616429, 2232
849068518329, 849068519553, 1224
849122234938, 849122236398, 1460
849154943537, 849154944953, 1416
849220779924, 849220781163, 1239
849261709939, 849261711433, 1494
849319978284, 849319979670, 1386
849359222760, 849359224569, 1809
849418787574, 849418789494, 1920
849450581944, 849450582931, 987
849517688658, 849517691058, 2400
849555616220, 849555617891, 1671
849616449419, 849616451342, 1923
849648133124, 849648134087, 963
849715133760, 849715135107, 1347
849746594933, 849746596193, 1260
849813989115, 849813991116, 2001
849842343898, 849842345290, 1392
849912799857, 849912800649, 792
849944418854, 849944420537, 1683
850011335147, 850011337763, 2616
850041927522, 850041929205, 1683
850110327965, 850110330263, 2298
850143004373, 850143005435, 1062
850209046962, 850209048291, 1329
850251769464, 850251771135, 1671
850307599702, 850307601331, 1629
850338288906, 850338290511, 1605
850406684165, 850406685347, 1182
850436512911, 850436514660, 1749
850505129921, 850505131391, 1470
850550241853, 850550243266, 1413
850618226307, 850618226976, 669
850716797048, 850716799019, 1971
850816086792, 850816088163, 1371
850914563570, 850914564839, 1269
851013365690, 851013366587, 897
851112208308, 851112209061, 753
851210977381, 851210978581, 1200
851309541489, 851309542731, 1242
851408756182, 851408757181, 999
851507137979, 851507138861, 882
851606093080, 851606093998, 918
851704900353, 851704901094, 741
851804739836, 851804741156, 1320
851902473485, 851902474265, 780
852001369146, 852001369911, 765
852100065452, 852100066256, 804
852206479634, 852206480777, 1143
852297509622, 852297511338, 1716
852396442046, 852396443879, 1833
852495333441, 852495334701, 1260
852593991579, 852593992527, 948
852692890538, 852692891614, 1076
852791602054, 852791602783, 729
852891744856, 852891745984, 1128
852989165063, 852989165864, 801
853087993637, 853087994417, 780
853187177778, 853187178543, 765
853286493572, 853286498870, 5298
853384580012, 853384580732, 720
853483053397, 853483054531, 1134
853581903182, 853581905714, 2532
853666494941, 853666495994, 1053
853694474969, 853694476289, 1320
853765386018, 853765386945, 927
853795873635, 853795874904, 1269
853864262813, 853864264413, 1600
853909204870, 853909206220, 1350
853963240639, 853963242052, 1413
853991450919, 853991453247, 2328
854061794896, 854061796198, 1302
854092577116, 854092578328, 1212
854160581829, 854160583383, 1554
854194120031, 854194121027, 996
854259372682, 854259373906, 1224
854294279936, 854294281517, 1581
854358091908, 854358093135, 1227
854390808018, 854390809974, 1956
854456852863, 854456854177, 1314
854489606744, 854489607803, 1059
854556245482, 854556247645, 2163
854587649863, 854587651186, 1323
854654844343, 854654845918, 1575
854686703002, 854686704526, 1524
854753346987, 854753348307, 1320
854797076486, 854797078100, 1614
854852347226, 854852348561, 1335
854879888110, 854879889253, 1143
854951315651, 854951317847, 2196
854981424398, 854981425436, 1038
855049927599, 855049928946, 1347
855085398095, 855085399238, 1143
855148687520, 855148688933, 1413
855184596370, 855184597681, 1311
855247708909, 855247710190, 1281
855287215429, 855287217718, 2289
855346424239, 855346425703, 1464
855387424681, 855387426094, 1413
855445057003, 855445058305, 1302
855473832020, 855473833325, 1305
855543851437, 855543852790, 1353
855594856303, 855594857638, 1335
855642662093, 855642663377, 1284
855670602456, 855670603746, 1290
855741787514, 855741788753, 1239
855779543820, 855779545146, 1326
855839841662, 855839842979, 1317
855881353664, 855881354741, 1077
855939029312, 855939030700, 1388
855980242621, 855980244541, 1920
856038195694, 856038197299, 1605
856066808086, 856066810048, 1962
856136438742, 856136440599, 1857
856174111828, 856174113169, 1341
856235498788, 856235500141, 1353
856264238640, 856264240116, 1476
856334254507, 856334256991, 2484
856375023401, 856375024580, 1179
856433091093, 856433092584, 1491
856477623296, 856477624961, 1665
856531348619, 856531349582, 963
856585293266, 856585294547, 1281
856630586391, 856630587738, 1347
856660776399, 856660777887, 1488
856729119248, 856729120025, 777
856774071424, 856774072921, 1497
856827732665, 856827733544, 879
856859546230, 856859547796, 1566
856926940603, 856926941977, 1374
856954178352, 856954179660, 1308
857025689927, 857025692387, 2460
857063041114, 857063043058, 1944
857124554383, 857124557299, 2916
857153912815, 857153913766, 951
857222967841, 857222968693, 852
857255718502, 857255719885, 1383
857321830231, 857321830867, 636
857363150810, 857363153849, 3039
857420649835, 857420651044, 1209
857462896084, 857462897701, 1617
857519560776, 857519562258, 1482
857571016791, 857571018498, 1707
857618343599, 857618344385, 786
857648706812, 857648707997, 1185
857717043498, 857717044893, 1395
857760947619, 857760949068, 1449
857815792765, 857815793536, 771
857858501564, 857858503979, 2415
857914911626, 857914912991, 1365
857942954688, 857942955948, 1260
858013574360, 858013576172, 1812
858059773741, 858059775031, 1290
858112538886, 858112539834, 948
858142866279, 858142868460, 2181
858211621705, 858211623391, 1686
858255856308, 858255859044, 2736
858310028788, 858310030276, 1488
858349484293, 858349485625, 1332
858408823055, 858408824339, 1284
858436757790, 858436758930, 1140
858507619749, 858507621033, 1284
858549974377, 858549976702, 2325
858606416716, 858606418126, 1410
858634555880, 858634557020, 1140
858705205757, 858705207161, 1404
858733218581, 858733220189, 1608
858803940829, 858803942143, 1314
858834753332, 858834754742, 1410
858902504820, 858902506041, 1221
858930138336, 858930139647, 1311
859001637184, 859001638498, 1314
859032541483, 859032543676, 2193
859100360317, 859100361610, 1293
859131362329, 859131363676, 1347
859199100185, 859199101358, 1173
859230730314, 859230731928, 1614
859297996660, 859297997392, 732
859327881724, 859327883413, 1689
859396756545, 859396757967, 1422
859495737121, 859495739101, 1980
859539139461, 859539140637, 1176
859594335193, 859594336498, 1305
859627813405, 859627815088, 1683
859693150030, 859693436361, 286331
859732712644, 859732714048, 1404
859791977592, 859791979224, 1632
859822920965, 859822922009, 1044
859890731815, 859890733300, 1485
859925465810, 859925467241, 1431
859988834262, 859988834814, 552
860023538573, 860023539647, 1074
860088002301, 860088003726, 1425
860129000872, 860129002045, 1173
860186851409, 860186852414, 1005
860222205850, 860222207335, 1485
860285907454, 860285908597, 1143
860316342121, 860316343390, 1269
860384361120, 860384363082, 1962
860418669862, 860418671203, 1341
860483494236, 860483495754, 1518
860511856876, 860511858724, 1848
860582290965, 860582292504, 1539
860614370912, 860614372061, 1149
860681043040, 860681044462, 1422
860716478536, 860716479997, 1461
860779863299, 860779865729, 2430
860810883394, 860810884567, 1173
860878639268, 860878640777, 1509
860909722939, 860909724007, 1068
860977441835, 860977443560, 1725
861020840577, 861020843073, 2496
861076242336, 861076243665, 1329
861107805457, 861107806579, 1122
861175332719, 861175335332, 2613
861208003729, 861208005028, 1299
861273891401, 861273893309, 1908
861305047703, 861305048834, 1131
861372696448, 861372698884, 2436
861417001603, 861417003970, 2367
861471418982, 861471420209, 1227
861502754491, 861502755664, 1173
861570210176, 861570211640, 1464
861600582758, 861600584057, 1299
861668951798, 861668953700, 1902
861710711328, 861710712894, 1566
861767520061, 861767521825, 1764
861820558418, 861820559948, 1530
861866417629, 861866419396, 1767
861895229500, 861895230793, 1293
861965529090, 861965856886, 327796
861996478593, 861996479922, 1329
862064118776, 862064120096, 1320
862101659098, 862101661210, 2112
862162924875, 862162926498, 1623
862204538144, 862204540499, 2355
862261771129, 862261772443, 1314
862303674366, 862303675593, 1227
862360496783, 862360498418, 1635
862397717123, 862397719376, 2253
862459289986, 862459291462, 1476
862557909219, 862557910953, 1734
862588203184, 862588204495, 1311
862656889892, 862656891317, 1425
862701420169, 862701423139, 2970
862755969824, 862755971348, 1524
862786474275, 862786476426, 2151
862854483756, 862854485085, 1329
862888721796, 862888723431, 1635
862953265333, 862953266710, 1377
862984560153, 862984561179, 1026
863052047709, 863052050232, 2523
863088491645, 863088492941, 1296
863150180867, 863150181536, 669
863193641584, 863193643471, 1887
863249651725, 863249653216, 1491
863279229846, 863279231142, 1296
863348296076, 863348298629, 2553
863389035600, 863389037655, 2055
863447359596, 863447360955, 1359
863478788906, 863478791603, 2697
863545966554, 863545967943, 1389
863577951382, 863577953713, 2331
863644559716, 863644560472, 756
863694581195, 863694582854, 1659
863743611748, 863743612999, 1251
863785161936, 863785163280, 1344
863842824980, 863842826684, 1704
863884652089, 863884653898, 1809
863941235966, 863941237316, 1350
863973213965, 863973215045, 1080
864040066248, 864040067769, 1521
864068415117, 864068416458, 1341
864138752565, 864138753867, 1302
864174391126, 864174392716, 1590
864237850696, 864237878687, 27991
864269938148, 864269939477, 1329
864336352753, 864336354022, 1269
864373402909, 864373404097, 1188
864435271180, 864435274987, 3807
864467318576, 864467320019, 1443
864534099994, 864534101992, 1998
864572099528, 864572100980, 1452
864632984614, 864632986396, 1782
864675262845, 864675264300, 1455
864731501890, 864731503183, 1293
864770936887, 864770938159, 1272
864830308871, 864830311154, 2283
864860737457, 864860738792, 1335
864929075299, 864929076673, 1374
864965607844, 864965610739, 2895
865027888767, 865027890198, 1431
865061476353, 865061477916, 1563
865126666258, 865126667515, 1257
865169087647, 865169088955, 1308
865225774004, 865225775888, 1884
865256460013, 865256461435, 1422
865324246745, 865324249340, 2595
865356657508, 865356659020, 1512
865423078475, 865423079675, 1200
865457333130, 865457334579, 1449
865521840421, 865521841993, 1572
865567489284, 865567490769, 1485
865621109362, 865621110415, 1053
865667949226, 865667951290, 2064
865719170681, 865719172205, 1524
865751420727, 865751422083, 1356
865817841856, 865817843515, 1659
865865021785, 865865023378, 1593
865916769157, 865916769745, 588
865951609844, 865951611143, 1299
866015792632, 866015793913, 1281
866046489339, 866046490476, 1137
866114537639, 866114539079, 1440
866160942610, 866160944872, 2262
866213410282, 866213411899, 1617
866266796769, 866266798275, 1506
866312199713, 866312201141, 1428
866341505930, 866341507124, 1194
866410929155, 866410930385, 1230
866443246249, 866443248961, 2712
866509759944, 866509761321, 1377
866540580865, 866540581939, 1074
866608750857, 866608752903, 2046
866649541194, 866649542562, 1368
866707508402, 866707510787, 2385
866753384991, 866753386629, 1638
866805931402, 866805932317, 915
866835050220, 866835051336, 1116
866905146283, 866905147636, 1353
866935185541, 866935186741, 1200
867003947265, 867003949368, 2103
867043907318, 867043909094, 1776
867102122842, 867102124042, 1200
867140041866, 867140043078, 1212
867201328750, 867201330295, 1545
867241269246, 867241270632, 1386
867300104953, 867300106291, 1338
867340103260, 867340104715, 1455
867398901156, 867398902029, 873
867441423057, 867441425478, 2421
867497409771, 867497410851, 1080
867554694515, 867554696006, 1491
867595945509, 867595946365, 856
867626970299, 867626971706, 1407
867695237780, 867695239007, 1227
867742213911, 867742215279, 1368
867794074913, 867794076278, 1365
867824544174, 867824545971, 1797
867893136720, 867893144745, 8025
867937613581, 867937615099, 1518
867991527906, 867991529166, 1260
868027543424, 868027544804, 1380
868090240938, 868090242657, 1719
868132431325, 868132432645, 1320
868189239870, 868189241785, 1915
868220957504, 868220958935, 1431
868288013836, 868288015327, 1491
868317214781, 868317216128, 1347
868386846009, 868386847731, 1722
868420593520, 868420596148, 2628
868485621628, 868485624010, 2382
868528430697, 868528432578, 1881
868584405990, 868584407736, 1746
868683227218, 868683228664, 1446
868726114987, 868726116019, 1032
868781997427, 868781999008, 1581
868822630677, 868822632051, 1374
868880785084, 868880786317, 1233
868912478317, 868912479406, 1089
868979705076, 868979708910, 3834
869022123464, 869022124844, 1380
869078544315, 869078546565, 2250
869111071540, 869111072704, 1164
869176609736, 869176610570, 834
869204781348, 869204782635, 1287
869275965352, 869275966831, 1479
869307276956, 869307278396, 1440
869374740761, 869374742360, 1599
869412452099, 869412454142, 2043
869473540231, 869473541512, 1281
869506801412, 869506802576, 1164
869572167245, 869572168772, 1527
869603695972, 869603697181, 1209
869671131707, 869671132607, 900
869700695521, 869700697075, 1554
869769907054, 869769908782, 1728
869802137480, 869802138803, 1323
869868509550, 869868510330, 780
869905498500, 869905500006, 1506
869967354799, 869967356362, 1563
870012104419, 870012106555, 2136
870066203328, 870066204096, 768
870104545155, 870104548260, 3105
870165191115, 870165192795, 1680
870200843572, 870200844700, 1128
870263806468, 870263807740, 1272
870299326204, 870299327470, 1266
870362899256, 870362900768, 1512
870394520149, 870394521328, 1179
870461433278, 870461434709, 1431
870490420659, 870490421844, 1185
870560343649, 870560346067, 2418
870588753301, 870588754417, 1116
870659519116, 870659523322, 4206
870688700752, 870688701931, 1179
870757821433, 870757822990, 1557
870799494583, 870799496521, 1938
870856607460, 870856608870, 1410
870899863925, 870899865083, 1158
870955419326, 870955420889, 1563
870984512514, 870984513669, 1155
871054200380, 871054201649, 1269
871095325797, 871095328263, 2466
871153005743, 871153007239, 1496
871183189048, 871183190257, 1209
871251667958, 871251669194, 1236
871295199469, 871295200786, 1317
871351027891, 871351030039, 2148
871382421431, 871382422490, 1059
871449440410, 871449442555, 2145
871491284511, 871491285705, 1194
871548093897, 871548095256, 1359
871580756886, 871580758386, 1500
871646940625, 871646941867, 1242
871686647324, 871686648809, 1485
871745740018, 871745741680, 1662
871776520564, 871776521740, 1176
871844528729, 871844530028, 1299
871876146310, 871876149652, 3342
871943329183, 871943330686, 1503
871971109749, 871971110886, 1137
872042169035, 872042169854, 819
872085134442, 872085136521, 2079
872140900984, 872140903204, 2220
872170185655, 872170187725, 2070
872239521133, 872239522471, 1338
872270939425, 872270940637, 1212
872338480016, 872338481450, 1434
872371698386, 872371700213, 1827
872437271363, 872437272791, 1428
872467985678, 872467987181, 1503
872536063260, 872536064739, 1479
872567156663, 872567159243, 2580
872634861770, 872634864296, 2526
872677054566, 872677056360, 1794
872733659275, 872733660757, 1482
872761735497, 872761736619, 1122
872832493878, 872832495093, 1215
872862747639, 872862748770, 1131
872931250896, 872931252381, 1485
872961729047, 872961730541, 1494
873030149664, 873030153117, 3453
873073078709, 873073079924, 1215
873128541427, 873128542573, 1146
873161324459, 873161325512, 1053
873227341261, 873227342770, 1509
873282692144, 873282694313, 2169
873326016213, 873326016963, 750
873356451174, 873356452311, 1137
873424992043, 873424993978, 1935
873466828619, 873466829786, 1167
873523689019, 873523690419, 1400
873556481682, 873556482999, 1317
873622713653, 873622715120, 1467
873658861182, 873658864353, 3171
873721566591, 873721568139, 1548
873766771599, 873766772775, 1176
873820472163, 873820473828, 1665
873859537871, 873859539053, 1182
873919160494, 873919161865, 1371
873950744923, 873950746669, 1746
874017936150, 874017937863, 1713
874045885881, 874045887699, 1818
874116724805, 874116726386, 1581
874151600079, 874151601282, 1203
874215342718, 874215344128, 1410
874247882063, 874247883593, 1530
874314284232, 874314285894, 1662
874343032323, 874343033445, 1122
874413101764, 874413103276, 1512
874446011181, 874446012588, 1407
874511509318, 874511510560, 1242
874552990911, 874552992345, 1434
874610757606, 874610759868, 2262
874645253733, 874645255305, 1572
874709472345, 874709473731, 1386
874753042054, 874753044745, 2691
874808280521, 874808283773, 3252
874839263630, 874839264827, 1197
874907075810, 874907077319, 1509
874950672481, 874950673954, 1473
875005854941, 875005856462, 1521
875047234367, 875047235546, 1179
875104625979, 875104627314, 1335
875139058423, 875139060130, 1707
875203457935, 875203459216, 1281
875245293535, 875245295158, 1623
875302230901, 875302232461, 1560
875335328229, 875335329390, 1161
875400994593, 875400995955, 1362
875437593426, 875437594821, 1395
875499798381, 875499799809, 1428
875533891735, 875533893070, 1335
875598596228, 875598598463, 2235
875626964114, 875626965284, 1170
875697406502, 875697407951, 1449
875732591547, 875732593110, 1563
875796218444, 875796219842, 1398
875825923096, 875825924281, 1185
875895034131, 875895035706, 1575
875923385426, 875923386698, 1272
875993785096, 875993786650, 1554
876031541462, 876031542875, 1413
876092563214, 876092564597, 1383
876120938433, 876120939717, 1284
876191291879, 876191292992, 1113
876238127643, 876238129320, 1677
876290142829, 876290144569, 1740
876318701262, 876318702498, 1236
876388953122, 876388954424, 1302
876417243154, 876417244285, 1131
876487739858, 876487741475, 1617
876518651936, 876518653745, 1809
876586509976, 876586510771, 795
876615924808, 876615925831, 1023
876685324901, 876685327241, 2340
876713811384, 876713812533, 1149
876784122067, 876784123414, 1347
876817183179, 876817184463, 1284
876882911392, 876882912883, 1491
876911531099, 876911532320, 1221
876981430787, 876981432497, 1710
877027362184, 877027363750, 1566
877080181466, 877080209227, 27761
877112068296, 877112070084, 1788
877179035310, 877179036640, 1330
877210220406, 877210221690, 1284
877277754452, 877277755922, 1470
877318479306, 877318480533, 1227
877376893124, 877376894795, 1671
877406718684, 877406719860, 1176
877475652330, 877475654673, 2343
877505311399, 877505312587, 1188
877574766793, 877574768194, 1401
877610456597, 877610458682, 2085
877673312665, 877673315272, 2607
877701407489, 877701408518, 1029
877771960115, 877771961432, 1317
877870756764, 877870758381, 1617
877901035088, 877901036249, 1161
877969652208, 877969653519, 1311
877998346648, 877998348061, 1413
878068255558, 878068256809, 1251
878106055879, 878106057127, 1248
878167665562, 878167667827, 2265
878195883142, 878195885314, 2172
878266046628, 878266047957, 1329
878296919977, 878296921363, 1386
878364802570, 878364803803, 1233
878395339891, 878395341703, 1812
878463482340, 878463483216, 876
878497126142, 878497127516, 1374
878562403092, 878562404857, 1765
878596095527, 878596097489, 1962
878661164454, 878661165708, 1254
878689133597, 878689134968, 1371
878760256378, 878760257632, 1254
878795049876, 878795051112, 1236
878858769015, 878858770302, 1287
878893256955, 878893259007, 2052
878957549870, 878957550794, 924
878985380513, 878985381593, 1080
879056323580, 879056324798, 1218
879087859105, 879087860530, 1425
879155137312, 879155138740, 1428
879187987855, 879187989307, 1452
879253910632, 879253912003, 1371
879285905419, 879285907072, 1653
879352716036, 879352717461, 1425
879400316208, 879400318088, 1880
879451660571, 879451662962, 2391
879494271701, 879494272922, 1221
879549930396, 879549931575, 1179
879592634708, 879592636001, 1293
879649147942, 879649149094, 1152
879680454377, 879680457014, 2637
879747622299, 879747624411, 2112
879790186540, 879790187824, 1284
879846676237, 879846677749, 1512
879881200252, 879881201527, 1275
879944879575, 879944880850, 1275
879978263571, 879978264810, 1239
880044325706, 880044327050, 1344
880088518922, 880088520257, 1335
880143049079, 880143050330, 1251
880171753515, 880171754802, 1287
880241830035, 880241831391, 1356
880270585193, 880270586510, 1317
880340339842, 880340341360, 1518
880384357806, 880384359816, 2010
880439159751, 880439160510, 759
880476678199, 880476679489, 1290
880538216770, 880538219128, 2358
880570973808, 880570975215, 1407
880637278190, 880637279300, 1110
880673098831, 880673100124, 1293
880735925380, 880735926913, 1533
880773262361, 880773263759, 1398
880834612809, 880834614099, 1290
880884711911, 880884713477, 1566
880933235417, 880933237433, 2016
880965975336, 880965976950, 1614
881032068173, 881032070093, 1920
881069330529, 881069332035, 1506
881130838202, 881130840731, 2529
881170123836, 881170126539, 2703
881229791505, 881229792774, 1269
881264341932, 881264343972, 2040
881328418045, 881328419335, 1290
881361530957, 881361532739, 1782
881427536731, 881427538690, 1959
881461245691, 881461247251, 1560
881526116720, 881526117950, 1230
881575740591, 881575742118, 1527
881624901074, 881624902415, 1341
881665747118, 881665748477, 1359
881723793139, 881723794567, 1428
881761999705, 881762001256, 1551
881822813120, 881822816741, 3621
881855419962, 881855421624, 1662
881921200661, 881921203301, 2640
881956424109, 881956425363, 1254
882020088999, 882020091039, 2040
882063904994, 882063906746, 1752
882118969591, 882118972126, 2535
882149954329, 882149955604, 1275
882217716742, 882217718248, 1506
882250079070, 882250080447, 1377
882316434597, 882316436367, 1770
882344698161, 882344699448, 1287
882415224014, 882415225529, 1515
882445785333, 882445786590, 1257
882514030431, 882514032027, 1596
882552355337, 882552356564, 1227
882612822686, 882612824194, 1508
882642692955, 882642695214, 2259
882711406454, 882711407876, 1422
882756026747, 882756027902, 1155
882810394139, 882810396008, 1869
882846807999, 882846809520, 1521
882909043711, 882909045253, 1542
882952661396, 882952662890, 1494
883007981248, 883007982823, 1575
883037969359, 883037971156, 1797
883106771057, 883106772431, 1374
883142229448, 883142230627, 1179
883205573377, 883205574640, 1263
883238307983, 883238310077, 2094
883304377628, 883304378921, 1293
883341975542, 883341977120, 1578
883403144999, 883403146763, 1764
883431350083, 883431377158, 27075
883501987754, 883501989140, 1386
883532277791, 883532278937, 1146
883600744385, 883600745633, 1248
883654275815, 883654277465, 1650
883699527122, 883699528553, 1431
883730343328, 883730344909, 1581
883798281951, 883798283301, 1350
883826930405, 883826931665, 1260
883897094751, 883897096107, 1356
883935232049, 883935233219, 1170
883996260081, 883996261206, 1125
884029971334, 884029973368, 2034
884094680951, 884094682121, 1170
884127553287, 884127555378, 2091
884193468529, 884193469870, 1341
884221700729, 884221702046, 1317
884292279656, 884292281042, 1386
884326210121, 884326211417, 1296
884391066876, 884391068184, 1308
884431243587, 884431246341, 2754
884489855622, 884489856855, 1233
884518319359, 884518320490, 1131
884588708157, 884588709525, 1368
884620745191, 884620746775, 1584
884687483281, 884687484784, 1503
884717182614, 884717183856, 1242
884786055339, 884786056437, 1098
884816692090, 884816693365, 1275
884884877636, 884884879838, 2202
884915479812, 884915481003, 1191
884983729510, 884983730842, 1332
885012969914, 885012972611, 2697
885082612910, 885082614230, 1320
885112959353, 885112964588, 5235
885181412830, 885181414087, 1257
885219767071, 885219768772, 1701
885279992844, 885279994260, 1416
885312189754, 885312190942, 1188
885379006919, 885379008257, 1338
885409387843, 885409389310, 1467
885477814600, 885477816421, 1821
885508603999, 885508605169, 1170
885576648655, 885576650716, 2061
885610118774, 885610120310, 1536
885675392413, 885675393685, 1272
885713554513, 885713555890, 1377
885774165448, 885774167251, 1803
885804565665, 885804567006, 1341
885873031730, 885873033977, 2247
885902622119, 885902623289, 1170
885971842838, 885971845214, 2376
886014124500, 886014126624, 2124
886070660323, 886070661910, 1587
886114385533, 886114386727, 1194
886169373047, 886169375312, 2265
886198110731, 886198112099, 1368
886268185309, 886268186869, 1560
886296217006, 886296218131, 1125
886366767915, 886366769160, 1245
886398952264, 886398953626, 1362
886465450712, 886465452128, 1416
886499978821, 886499980024, 1203
886564559863, 886564561336, 1473
886601207390, 886601209106, 1716
886663307259, 886663308543, 1284
886697867346, 886697868744, 1398
886762081071, 886762083375, 2304
886790319465, 886790320749, 1284
886860866787, 886860868185, 1398
886902638795, 886902640088, 1293
886959664853, 886959666095, 1242
886998739599, 886998740967, 1368
887058442357, 887058443776, 1419
887096335703, 887096338145, 2442
887157298254, 887157300462, 2208
887186634385, 887186637460, 3075
887256048801, 887256050181, 1380
887284167112, 887284168447, 1335
887354842197, 887354843439, 1242
887385070634, 887385072140, 1506
887453394724, 887453396050, 1326
887491357292, 887491358840, 1548
887552410411, 887552411971, 1560
887580157253, 887580158699, 1446
887651138862, 887651140152, 1290
887679830479, 887679831919, 1440
887749989341, 887749990793, 1452
887777905482, 887777906709, 1227
887848786718, 887848788146, 1428
887886655677, 887886657948, 2271
887947849848, 887947858515, 8667
887993423136, 887993424498, 1362
888046389324, 888046390716, 1392
888074402415, 888074403816, 1401
888145164622, 888145165867, 1245
888177108934, 888177110761, 1827
888243947344, 888243948646, 1302
888271702954, 888271704286, 1332
888342537568, 888342538810, 1242
888373105404, 888373106919, 1515
888441547564, 888441549274, 1710
888469250950, 888469252357, 1407
888540285516, 888540286905, 1389
888568211150, 888568212257, 1107
888638844807, 888638846181, 1374
888671180418, 888671183172, 2754
888737816155, 888737817478, 1323
888765659579, 888765660881, 1302
888836764971, 888836766210, 1239
888866389075, 888866391091, 2016
888935492779, 888935494033, 1254
888977115677, 888977117234, 1557
889034336452, 889034337700, 1248
889065521364, 889065523083, 1719
889133091106, 889133092402, 1296
889163136448, 889163138092, 1644
889231821519, 889231822806, 1287
889260209539, 889260210913, 1374
889330659817, 889330661143, 1326
889361212584, 889361215653, 3069
889429484935, 889429486270, 1335
889458079083, 889458080931, 1848
889528178053, 889528179436, 1383
889556317501, 889556318662, 1161
889627061723, 889627062971, 1248
889661528641, 889661530867, 2226
889725827504, 889725828815, 1311
889754412492, 889754413611, 1119
889824662457, 889824663765, 1308
889854779471, 889854780965, 1494
889923259077, 889923259938, 861
889966183653, 889966185069, 1416
890022211933, 890022213661, 1728
890059224500, 890059225793, 1293
890120604117, 890120605620, 1503
890154856698, 890154857865, 1167
890219819869, 890219821303, 1434
890253640710, 890253642276, 1566
890318569589, 890318570927, 1338
890356252921, 890356254295, 1374
890417495204, 890417497961, 2757
890451665295, 890451667113, 1818
890516185674, 890516186961, 1287
890550558653, 890550559886, 1233
890615175708, 890615176953, 1245
890643310567, 890643311704, 1137
890713914108, 890713915443, 1335
890748207135, 890748208917, 1782
890812864870, 890812866358, 1488
890840962117, 890840963788, 1671
890911375667, 890911377152, 1485
890942470170, 890942471688, 1518
891010165731, 891010167021, 1290
891038343323, 891038344712, 1389
891108962509, 891108965182, 2673
891136627524, 891136628676, 1152
891207463349, 891207465230, 1881
891235731854, 891235733435, 1581
891306345630, 891306348264, 2634
891331311126, 891331311795, 669
891405283235, 891405284657, 1422
891435902016, 891435903993, 1977
891504024616, 891504026581, 1965
891530197192, 891530198731, 1539
891603085495, 891603088249, 2754
891630428036, 891630429176, 1140
891701666794, 891701668063, 1269
891732204954, 891732206400, 1446
891800727755, 891800730015, 2260
891834938432, 891834939902, 1470
891899510473, 891899511646, 1173
891926677915, 891926678929, 1014
891998052106, 891998053468, 1362
892028678061, 892028680149, 2088
892096841622, 892096842900, 1278
892125684366, 892125685572, 1206
892195878314, 892195879682, 1368
892232551902, 892232553474, 1572
892294429910, 892294431728, 1818
892321828436, 892321829552, 1116
892393357426, 892393358710, 1284
892436047051, 892436049400, 2349
892492223273, 892492225802, 2529
892521565248, 892521566559, 1311
892590854732, 892590856016, 1284
892635845158, 892635846646, 1488
892689313906, 892689315262, 1356
892728190036, 892728191515, 1479
892788650153, 892788652373, 2220
892818421445, 892818423173, 1728
892887353366, 892887355247, 1881
892933565649, 892933567062, 1413
892985956094, 892985957705, 1611
893014715558, 893014717079, 1521
893084740816, 893084742010, 1194
893122774379, 893122775594, 1215
893183548527, 893183549913, 1386
893228963368, 893228964709, 1341
893282333692, 893282335234, 1542
893310833864, 893310837404, 3540
893381096190, 893381097792, 1602
893419263836, 893419702058, 438222
893479924301, 893479925666, 1365
893515377214, 893515378450, 1236
893578706155, 893578707616, 1461
893613997433, 893613998990, 1557
893677519197, 893677520463, 1266
893707804633, 893707805776, 1143
893776294001, 893776295441, 1440
893818854404, 893818855994, 1590
893875089243, 893875090644, 1401
893903270971, 893903272201, 1230
893973911645, 893973914345, 2700
894003415171, 894003416464, 1293
894072688193, 894072689966, 1773
894100972862, 894100974020, 1158
894171455704, 894171457012, 1308
894203283495, 894203285247, 1752
894270538630, 894270540493, 1863
894300189433, 894300190819, 1386
894369049684, 894369051004, 1320
894411077081, 894411078659, 1578
894467832842, 894467835155, 2313
894496274897, 894496276025, 1128
894566622580, 894566623840, 1260
894606817163, 894606819584, 2421
894665176384, 894665177746, 1362
894699937349, 894699938744, 1395
894764227211, 894764228918, 1707
894792985116, 894792986463, 1347
894862980347, 894862981655, 1308
894901009946, 894901011170, 1224
894961806415, 894961807699, 1284
894998417564, 894998418884, 1320
895060595430, 895060596777, 1347
895091984297, 895091985389, 1092
895159391275, 895159392685, 1410
895191483609, 895191485028, 1419
895258202351, 895258203689, 1338
895295519179, 895295520451, 1272
895357037271, 895357041648, 4377
895393865930, 895393867625, 1695
895455413059, 895455414181, 1122
895501820629, 895501822252, 1623
895554558440, 895554559826, 1386
895590717216, 895590718821, 1605
895653355097, 895653356438, 1341
895683870618, 895683871851, 1233
895752178466, 895752180101, 1635
895783431669, 895783433328, 1659
895851001936, 895851003223, 1287
895880739364, 895880740771, 1407
895949736637, 895949738119, 1482
895980582780, 895980584241, 1461
896048506600, 896048508064, 1464
896080204028, 896080206596, 2568
896147315080, 896147316415, 1335
896246156460, 896246157162, 702
896278867937, 896278869047, 1110
896344909455, 896344910967, 1512
896386621144, 896386622548, 1404
896443549185, 896443550739, 1554
896473379107, 896473380424, 1317
896542254439, 896542255870, 1431
896592103962, 896592105204, 1242
896640611955, 896640612732, 777
896671880692, 896671882012, 1320
896739860699, 896739931910, 71211
896791092873, 896791094541, 1668
896838611986, 896838612808, 822
896879240839, 896879242348, 1509
896937940815, 896937942432, 1617
896989055973, 896989057461, 1488
897036398284, 897036400780, 2496
897079131582, 897079133082, 1500
897135036946, 897135038731, 1785
897170757280, 897170758513, 1233
897234045418, 897234046765, 1347
897264207557, 897264209135, 1578
897333147509, 897333150023, 2514
897378315893, 897378318203, 2310
897431419462, 897431421538, 2076
897472002253, 897472003699, 1446
897530385917, 897530387477, 1560
897576416037, 897576417378, 1341
897629182706, 897629184020, 1314
897662343541, 897662344975, 1434
897727480781, 897727483955, 3174
897764916927, 897764918274, 1347
897826769038, 897826770397, 1359
897861613581, 897861614982, 1401
897925557983, 897925559414, 1431
897956960377, 897956961583, 1206
898024267369, 898024268815, 1446
898059201652, 898059203008, 1356
898123126545, 898123385179, 258634
898159979537, 898159981805, 2268
898221928555, 898221930688, 2133
898254808234, 898254809494, 1260
898320749041, 898320750508, 1467
898367614433, 898367616644, 2211
898419539919, 898419541566, 1647
898441857224, 898441859777, 2553
898539846929, 898539848696, 1767
898638823781, 898638824981, 1200
872056170096, 872056171650, 1554
872154795724, 872154796441, 717
872253650194, 872253651409, 1215
872352441167, 872352441965, 798
872451230585, 872451231374, 789
872550045224, 872550046439, 1215
872648713228, 872648714026, 798
872747609352, 872747610195, 843
872846399916, 872846400648, 732
872945151749, 872945152520, 771
873043948937, 873043949711, 774
873142750555, 873142751458, 903
873241340093, 873241341005, 912
873340325331, 873340326168, 837
873439364021, 873439365245, 1224
873538016007, 873538017186, 1179
873636780771, 873636781497, 726
873735505416, 873735506253, 837
873834352019, 873834353564, 1545
873933052405, 873933053548, 1143
874031896291, 874031897299, 1008
874130681620, 874130682532, 912
874230118457, 874230119546, 1089
874328293605, 874328294352, 747
874427583978, 874427586690, 2712
874525831209, 874525832292, 1083
874624766874, 874624767663, 789
874723472366, 874723473164, 798
874822231779, 874822232784, 1005
874921020655, 874921021900, 1245
875019757412, 875019758945, 1533
875118606556, 875118607351, 795
875217234526, 875217236137, 1611
875316187862, 875316188666, 804
875414950012, 875414951104, 1092
875513814373, 875513815345, 972
875612567684, 875612568698, 1014
875711402866, 875711403640, 774
875810138381, 875810139863, 1482
875909202413, 875909203244, 831
876007909437, 876007910703, 1266
876106532208, 876106533096, 888
876205340190, 876205341822, 1632
876304079196, 876304079988, 792
876402918940, 876402919888, 948
876501660461, 876501661337, 876
876600459130, 876600459895, 765
876699294384, 876699295380, 996
876798319827, 876798321390, 1563
876896841671, 876896842559, 888
876995616725, 876995617805, 1080
877094565903, 877094567025, 1122
877193139786, 877193140665, 879
877291860924, 877291863348, 2424
877390751319, 877390752930, 1611
877489606405, 877489607227, 822
877588376972, 877588378412, 1440
877687190438, 877687191398, 960
877785996103, 877785997309, 1206
877818127756, 877818129520, 1764
877884769439, 877884770507, 1068
877983547279, 877983548059, 780
878082584426, 878082587564, 3138
878181156700, 878181157549, 849
878280492268, 878280495055, 2787
878378755870, 878378756671, 801
878477416766, 878477417681, 915
878576311428, 878576312392, 964
878675125050, 878675125944, 894
878773883508, 878773884306, 798
878872715190, 878872716102, 912
878971506845, 878971507679, 834
879070305716, 879070306823, 1107
879169070110, 879169070980, 870
879267869173, 879267870157, 984
879366480899, 879366483335, 2436
879465458984, 879465459989, 1005
879564234287, 879564235187, 900
879663062243, 879663063056, 813
879761837296, 879761838061, 765
879860579002, 879860579731, 729
879959418687, 879959419461, 774
880058236335, 880058237910, 1575
880156943582, 880156944365, 783
880255788927, 880255790553, 1626
880354529328, 880354530102, 774
880453455781, 880453457275, 1494
880552132380, 880552133121, 741
880650934566, 880650935364, 798
880749751748, 880749752462, 714
880848513581, 880848515969, 2388
880947312573, 880947313368, 795
881046161928, 881046163076, 1148
881144876520, 881144877345, 825
881243738401, 881243739625, 1224
881342468894, 881342469626, 732
881441113627, 881441114224, 597
881539907748, 881539909518, 1770
881638861463, 881638862765, 1302
881737627699, 881737628617, 918
881836460475, 881836461291, 816
881935662630, 881935665168, 2538
882034080017, 882034081892, 1875
882132862345, 882132863128, 783
882231601632, 882231602490, 858
882330451665, 882330452436, 771
882429369578, 882429371114, 1536
882528008333, 882528009611, 1278
882626768601, 882626769717, 1116
882725633784, 882725634618, 834
882824344710, 882824345724, 1014
882923047217, 882923048540, 1323
883021960013, 883021960739, 726
883120754371, 883120755094, 723
883219509658, 883219510606, 948
883318239413, 883318240139, 726
883417126445, 883417127183, 738
883515949661, 883515951218, 1557
883614577937, 883614580271, 2334
883713454111, 883713454843, 732
883812251525, 883812252314, 789
883911083311, 883911084139, 828
884009861218, 884009861944, 726
884108607909, 884108608692, 783
884207458823, 884207459885, 1062
884306371184, 884306372324, 1140
884405021805, 884405022903, 1098
884503830001, 884503830814, 813
884602529263, 884602530313, 1050
884701369701, 884701370436, 735
884800231231, 884800232698, 1467
884899022307, 884899023300, 993
884997769124, 884997769961, 837
885096563165, 885096563948, 783
885195360376, 885195361213, 837
885294225334, 885294226129, 795
885392858560, 885392859286, 726
885491753308, 885491754136, 828
885590535767, 885590536556, 789
885689125696, 885689127010, 1314
885788118369, 885788119398, 1029
885886889831, 885886891028, 1197
885985711347, 885985712184, 837
886085001496, 886085002396, 900
886183303148, 886183303688, 540
886282085980, 886282086781, 801
886380858061, 886380859381, 1320
886479786930, 886479788493, 1563
886578447360, 886578448167, 807
886677258031, 886677258865, 834
886776030588, 886776031803, 1215
886874860412, 886874861990, 1578
886973633438, 886973634227, 789
887072368166, 887072369534, 1368
887171225894, 887171226704, 810
887270008660, 887270009584, 924
887368940924, 887368942253, 1329
887467735517, 887467737944, 2427
887566385747, 887566386632, 885
887665140070, 887665141102, 1032
887764009812, 887764011042, 1230
887862731850, 887862732672, 822
887961348171, 887961349116, 945
888060256710, 888060257508, 798
888159331180, 888159332791, 1611
888257949508, 888257950279, 771
888356698041, 888356699133, 1092
888455523709, 888455524624, 915
888554127539, 888554128160, 621
888653085486, 888653086344, 858
888751884578, 888751885529, 951
888850687144, 888850687906, 762
888949444568, 888949445627, 1059
889048266387, 889048267263, 876
889147102117, 889147102909, 792
889245850423, 889245851518, 1095
889344413436, 889344414324, 888
889443424779, 889443425775, 996
889542220663, 889542222514, 1851
889640983485, 889640984250, 765
889739808102, 889739808939, 837
889838390030, 889838391014, 984
889937441688, 889937443158, 1470
890036166076, 890036167111, 1035
890135090940, 890135092515, 1575
890233743724, 890233744456, 732
890332389939, 890332391439, 1500
890439736346, 890439738164, 1818
890530130979, 890530131714, 735
890628909451, 890628910351, 900
890727750732, 890727752082, 1350
890826460707, 890826461487, 780
890925282198, 890925283566, 1368
891024085406, 891024086462, 1056
891122797851, 891122798793, 942
891221664515, 891221665451, 936
891331142994, 891331143504, 510
891419287344, 891419288106, 762
891524782243, 891524783503, 1260
891616748336, 891616749197, 861
891716285366, 891716289602, 4236
891814416456, 891814417544, 1088
891913242202, 891913244071, 1869
892019054454, 892019059152, 4698
892110784704, 892110785499, 795
892209786816, 892209788037, 1221
892308379859, 892308380759, 900
892407124570, 892407125461, 891
892505987952, 892505988960, 1008
892604923507, 892604925163, 1656
892703304310, 892703305270, 960
892802290703, 892802291504, 801
892901150112, 892901151057, 945
893000043635, 893000044808, 1173
893098757588, 893098759073, 1485
893197470508, 893197471405, 897
893296309610, 893296310336, 726
893395037696, 893395038524, 828
893493860504, 893493861521, 1017
893592680773, 893592681610, 837
893691423286, 893691424081, 795
893790436832, 893790437786, 954
893889256606, 893889257866, 1260
893987835178, 893987835973, 795
894086609279, 894086610386, 1107
894185368646, 894185369435, 789
894284228220, 894284229240, 1020
894383076448, 894383078002, 1554
894481819466, 894481820558, 1092
894580612247, 894580613240, 993
894679370183, 894679371185, 1002
894778204764, 894778205724, 960
894876792485, 894876793913, 1428
894975766133, 894975766850, 717
895074547880, 895074548606, 726
895173325629, 895173326355, 726
895272031246, 895272031996, 750
895370905751, 895370906516, 765
895469749738, 895469750701, 963
895568503113, 895568504508, 1395
895667308503, 895667310108, 1605
895766059284, 895766060064, 780
895864820068, 895864821016, 948
895963675932, 895963676712, 780
896062441907, 896062442651, 744
896161297527, 896161298556, 1029
896196876603, 896196878040, 1437
896260175066, 896260176473, 1407
896358717085, 896358719722, 2637
896457627766, 896457628558, 792
896556341436, 896556342441, 1005
896655220975, 896655221791, 816
896753930154, 896753931066, 912
896852589649, 896852590936, 1287
896951379894, 896951381475, 1581
897050167623, 897050168892, 1269
897149161780, 897149162584, 804
897247957886, 897247958681, 795
897346702274, 897346703282, 1008
897445562785, 897445563586, 801
897544292220, 897544293252, 1032
897643156414, 897643157158, 744
897742018266, 897742019127, 861
897840678357, 897840679497, 1140
897939531563, 897939532559, 996
898038271891, 898038272758, 867
898137105760, 898137106714, 954
898235880207, 898235881185, 978
898334653267, 898334653996, 729
898433441744, 898433442698, 954
898532360951, 898532361773, 822
898630827232, 898630828555, 1323
898729607503, 898729608112, 609
898829078795, 898829080403, 1608
898927864743, 898927866105, 1362
899026436863, 899026438105, 1242
899125274296, 899125275517, 1221
899224322364, 899224323828, 1464
