538964355876, 538964357271, 1395
539063401712, 539063411990, 10278
539162518649, 539162529098, 10449
539245062120, 539245066239, 4119
539351708837, 539351712950, 4113
539370809866, 539370817480, 7614
539450647889, 539450652527, 4638
539489400913, 539489404366, 3453
539489462788, 539489464102, 1314
539520848527, 539520853156, 4629
539520877447, 539520878626, 1179
539783401845, 539783406873, 5028
539841752588, 539841760070, 7482
539841797456, 539841799358, 1902
539925640067, 539925656720, 16653
540110837242, 540110845366, 8124
540110870365, 540110871892, 1527
541191630030, 541191648732, 18702
541191764790, 541191773049, 8259
541318909045, 541318926562, 17517
541490436716, 541490440310, 3594
541493585732, 541493588930, 3198
541493607455, 541493608712, 1257
541626191899, 541626210121, 18222
541657762984, 541657765078, 2094
541781710547, 541781727392, 16845
541801343174, 541801350017, 6843
541801370525, 541801371767, 1242
541877771394, 541877783625, 12231
541877812209, 541877813679, 1470
542019149534, 542019160442, 10908
542026754852, 542026758005, 3153
542026775672, 542026776872, 1200
542116858172, 542116861250, 3078
542116998608, 542116999979, 1371
542152482322, 542152491847, 9525
542187106287, 542187133545, 27258
542251306138, 542251310587, 4449
542058105366, 542058112737, 7371
542115813662, 542115827177, 13515
542126971408, 542126978455, 7047
542127009439, 542127010762, 1323
542262490117, 542262508780, 18663
542271893207, 542271901106, 7899
542273497703, 542273505095, 7392
542363178341, 542363182049, 3708
542363202692, 542363203940, 1248
542562246254, 542562264467, 18213
542562418064, 542562422840, 4776
542562534596, 542562535910, 1314
542661603750, 542661616800, 13050
542760511910, 542760597722, 85812
542859616896, 542859712593, 95697
542958344668, 542958355663, 10995
543057261589, 543057273544, 11955
543156179898, 543156191424, 11526
543255101499, 543255113862, 12363
543354025643, 543354037682, 12039
543452932999, 543452945377, 12378
543551963003, 543551992448, 29445
543595351337, 543595383008, 31671
543650766558, 543650782332, 15774
543749692037, 543749705636, 13599
543848669165, 543848753537, 84372
543947510122, 543947521819, 11697
544046467673, 544046478245, 10572
544145597383, 544145609197, 11814
544244299078, 544244309269, 10191
544343260869, 544343271966, 11097
544442149790, 544442160836, 11046
544540976515, 544540985512, 8997
544639785004, 544639792984, 7980
544738729286, 544738741499, 12213
544837840534, 544837852591, 12057
544936673237, 544936684394, 11157
545035723926, 545035735902, 11976
545134617652, 545134630312, 12660
545233520811, 545233543533, 22722
545332440531, 545332455051, 14520
545431354164, 545431365585, 11421
545530248121, 545530274923, 26802
545629210021, 545629220773, 10752
545728158859, 545728170841, 11982
545827036742, 545827050254, 13512
545926026360, 545926040445, 14085
546024670811, 546024679892, 9081
546123800434, 546123812827, 12393
546222748116, 546222760299, 12183
546321709265, 546321723425, 14160
546420503157, 546420515730, 12573
546519506399, 546519519152, 12753
546505842261, 546505853202, 10941
546544942367, 546544964645, 22278
546604268072, 546604278149, 10077
546649228276, 546649249363, 21087
546703338706, 546703345687, 6981
546735590063, 546735614675, 24612
546802282666, 546802292194, 9528
546844851232, 546844877032, 25800
546900868954, 546900874036, 5082
547000109101, 547000151932, 42831
547037227654, 547037254126, 26472
547099043431, 547099071175, 27744
547138126561, 547138151545, 24984
547197955277, 547197984776, 29499
547238178657, 547238202417, 23760
547310949219, 547311173124, 223905
547395205773, 547395217629, 11856
547431159597, 547431184341, 24744
547494674255, 547494703397, 29142
547527332595, 547527353145, 20550
547593650156, 547593676832, 26676
547630897758, 547630921662, 23904
547692562634, 547692590711, 28077
547726314120, 547726336032, 21912
547791642744, 547791670341, 27597
547830476463, 547830497973, 21510
547890406788, 547890434985, 28197
547935369334, 547935392251, 22917
547989420642, 547989450036, 29394
548021504408, 548021526254, 21846
548088232054, 548088259060, 27006
548124257883, 548124282432, 24549
548187404845, 548187440911, 36066
548229908080, 548229935644, 27564
548286097572, 548286124707, 27135
548317115562, 548317137993, 22431
548384932632, 548384963232, 30600
548419179586, 548419206370, 26784
548483919080, 548483927975, 8895
548515640170, 548515663792, 23622
548582825080, 548582833714, 8634
548614084175, 548614106864, 22689
548681783349, 548681792433, 9084
548732509155, 548732533107, 23952
548794741178, 548794755527, 14349
548893688413, 548893711996, 23583
548992291960, 548992304110, 12150
549091454356, 549091542736, 88380
549190286964, 549190300557, 13593
549289052119, 549289061794, 9675
549388273881, 549388299297, 25416
549486893773, 549486900985, 7212
549586156846, 549586168444, 11598
549572363238, 549572395032, 31794
549611242441, 549611267941, 25500
549670979679, 549670987998, 8319
549722248284, 549722272458, 24174
549769901602, 549769909585, 7983
549809740770, 549809764638, 23868
549868848504, 549868855041, 6537
549919579501, 549919611589, 32088
549967757037, 549967764073, 7036
550066640001, 550066669533, 29532
550109682646, 550109711992, 29346
550165596782, 550165630475, 33693
550210526930, 550210550726, 23796
550264582946, 550264625246, 42300
550309431354, 550309458633, 27279
550378327913, 550378348973, 21060
550476374937, 550476464733, 89796
550575333881, 550575433436, 99555
550674295725, 550674386919, 91194
550773084875, 550773096572, 11697
550872021489, 550872033297, 11808
550970765253, 550970779545, 14292
551072986442, 551072996570, 10128
551168726526, 551168733810, 7284
551267471852, 551267485400, 13548
551352025191, 551352037548, 12357
551398721577, 551398749792, 28215
551451346853, 551451370181, 23328
551481621992, 551481643796, 21804
551550694366, 551550703792, 9426
551582167980, 551582190708, 22728
551649779239, 551649809065, 29826
551695573681, 551695604389, 30708
551748563131, 551748570217, 7086
551783250707, 551783322806, 72099
551847246093, 551847255189, 9096
551883289789, 551883314017, 24228
551946001545, 551946010071, 8526
551980017276, 551980050666, 33390
552045046631, 552045053462, 6831
552079689135, 552079711527, 22392
552143957904, 552143965725, 7821
552172117178, 552172135811, 18633
552242872063, 552242880256, 8193
552274482911, 552274504601, 21690
552341875515, 552341881083, 5568
552373609037, 552373632503, 23466
552440828249, 552440834828, 6579
552473783476, 552473805643, 22167
552539659777, 552539667013, 7236
552571317545, 552571367699, 50154
552638624042, 552638632043, 8001
552693038390, 552693068570, 30180
552737515832, 552737526077, 10245
552787366800, 552787391484, 24684
552836424931, 552836433589, 8658
552884466972, 552884491980, 25008
552966674002, 552966691996, 17994
553048195483, 553048199440, 3957
553078425994, 553078454227, 28233
553147204250, 553147212581, 8331
553231748745, 553231756698, 7953
553239847947, 553239851949, 4002
553239870396, 553239871389, 993
553271843619, 553271869722, 26103
553330833734, 553330861913, 28179
553360741106, 553360766894, 25788
553430056209, 553430079840, 23631
553462707943, 553462732195, 24252
553528551014, 553528571015, 20001
553564040489, 553564064336, 23847
553627884635, 553628058271, 173636
553663619736, 553663640592, 20856
553726715141, 553726743911, 28770
553758742913, 553758765161, 22248
553825628832, 553825657032, 28200
553859772939, 553859795370, 22431
553924522985, 553924541756, 18771
553980186557, 553980227324, 40767
554023484420, 554023512254, 27834
554056175789, 554056196354, 20565
554122420083, 554122435563, 15480
554158033989, 554158057470, 23481
554221365599, 554221378220, 12621
554258640965, 554258668823, 27858
554320289180, 554320296908, 7728
554351856544, 554351878246, 21702
554419214550, 554419221558, 7008
554453584961, 554453612687, 27726
554517879845, 554517887615, 7770
554546427293, 554546446871, 19578
554617004950, 554617014052, 9102
554651946481, 554651971144, 24663
554715959172, 554715966036, 6864
554747051747, 554747077625, 25878
554814917910, 554814930870, 12960
554844687337, 554844713326, 25989
554913762351, 554913786246, 23895
554946774486, 554946799950, 25464
555012695656, 555012718159, 22503
555050783251, 555050806480, 23229
555111638175, 555111660321, 22146
555141153677, 555141238157, 84480
555210608528, 555210643850, 35322
555255518500, 555255541237, 22737
555309445378, 555309467017, 21639
555346426703, 555346451543, 24840
555408356591, 555408377894, 21303
555442431111, 555442459242, 28131
555507277429, 555507286066, 8637
555537477203, 555537497330, 20127
555606204277, 555606211948, 7671
555661834063, 555661862026, 27963
555705136982, 555705143195, 6213
555733295968, 555733313968, 18000
555804050052, 555804057498, 7446
555835121188, 555835141339, 20151
555902979595, 555902985745, 6150
555936929617, 555936956401, 26784
556001885513, 556001893352, 7839
556031571319, 556031593147, 21828
556100800467, 556100808696, 8229
556199764028, 556199772863, 8835
556229683952, 556229708960, 25008
556298622826, 556298630146, 7320
556328405405, 556328427605, 22200
556397598642, 556397605665, 7023
556429984527, 556430008398, 23871
556496408201, 556496414954, 6753
556525674595, 556525696297, 21702
556595387476, 556595399074, 11598
556629463475, 556629486821, 23346
556694333277, 556694340768, 7491
556729508725, 556729535248, 26523
556793195902, 556793203966, 8064
556825584544, 556825603789, 19245
556892180575, 556892189137, 8562
556920455986, 556920476044, 20058
556991069014, 556991077705, 8691
557023838651, 557023885598, 46947
557090054244, 557090067111, 12867
557136727272, 557136751899, 24627
557189182319, 557189193557, 11238
557242719935, 557242741433, 21498
557287882924, 557287889086, 6162
557323678464, 557323710390, 31926
557386761958, 557386772773, 10815
557428967379, 557428990359, 22980
557485565062, 557485573918, 8856
557520195723, 557520217638, 21915
557584569519, 557584576878, 7359
557619295714, 557619321205, 25491
557683828937, 557683836917, 7980
557722269891, 557722296903, 27012
557782706582, 557782730141, 23559
557817108205, 557817130993, 22788
557881186339, 557881208605, 22266
557925186830, 557925214070, 27240
557980483805, 557980506743, 22938
558015846270, 558015872922, 26652
558079507539, 558079515375, 7836
558111322217, 558111343370, 21153
558178169438, 558178191032, 21594
558225337012, 558225362011, 24999
558277089814, 558277098238, 8424
558307814470, 558307836739, 22269
558375990762, 558376012212, 21450
558415940183, 558415963454, 23271
558474921221, 558474946577, 25356
558507591022, 558507619441, 28419
558573815713, 558573825469, 9756
558605878525, 558605901682, 23157
558673245645, 558673261191, 15546
558731465217, 558731492211, 26994
558785410983, 558785417916, 6933
558884539154, 558884550059, 10905
558983596988, 558983608499, 11511
559021209263, 559021235180, 25917
559082615693, 559082639711, 24018
559181266634, 559181277299, 10665
559211238223, 559211264056, 25833
559280175608, 559280187830, 12222
559379186683, 559379197915, 11232
559478092150, 559478103880, 11730
559577031923, 559577043839, 11916
559675916611, 559675927768, 11157
559774828506, 559774840845, 12339
559873838568, 559873851021, 12453
559972714105, 559972729822, 15717
560071411165, 560071421845, 10680
560116359699, 560116384398, 24699
560170818651, 560170832895, 14244
560269432490, 560269445588, 13098
560368495623, 560368508106, 12483
560467344803, 560467355825, 11022
560566255209, 560566267338, 12129
560665071996, 560665085379, 13383
560764059209, 560764071191, 11982
560862990378, 560863002078, 11700
560961980335, 560961991960, 11625
561060772458, 561060783375, 10917
561159724953, 561159748935, 23982
561258613593, 561258624729, 11136
561357390976, 561357405604, 14628
561456397486, 561456408823, 11337
561555388731, 561555401844, 13113
561654250421, 561654261389, 10968
561753151550, 561753162380, 10830
561851952955, 561851960446, 7491
561951170655, 561951186558, 15903
562050027106, 562050039349, 12243
562148924444, 562148935745, 11301
562247896045, 562247909524, 13479
562293917533, 562293942130, 24597
562346768477, 562346780804, 12327
562445702880, 562445714610, 11730
562544477049, 562544505300, 28251
562629236476, 562629258610, 22134
562669832481, 562669855638, 23157
562727841442, 562727844766, 3324
562767669914, 562767693965, 24051
562827699699, 562827721641, 21942
562855585062, 562855604655, 19593
562926627708, 562926659979, 32271
562965279640, 562965303412, 23772
563025427774, 563025515020, 87246
563059449994, 563059483111, 33117
563124361389, 563124392160, 30771
563172447813, 563172472146, 24333
563222960124, 563222979444, 19320
563259411479, 563259432551, 21072
563322079294, 563322107194, 27900
563358164394, 563358193605, 29211
563420293596, 563420296824, 3228
563454211632, 563454237291, 25659
563519844577, 563519877460, 32883
563563267302, 563563306716, 39414
563618932743, 563618963877, 31134
563660850900, 563660875131, 24231
563718298899, 563718335445, 36546
563761229738, 563761267649, 37911
563816449713, 563816463849, 14136
563850269390, 563850291851, 22461
563915269131, 563915293209, 24078
563954724849, 563954758107, 33258
564014267757, 564014294559, 26802
564047783258, 564047805905, 22647
564113562719, 564113591768, 29049
564153517693, 564153542509, 24816
564212029819, 564212037019, 7200
564244803975, 564244841685, 37710
564311217421, 564311246866, 29445
564344884672, 564344906362, 21690
564409862396, 564409869851, 7455
564445186968, 564445215963, 28995
564509026025, 564509049959, 23934
564541154916, 564541199940, 45024
564607851026, 564607878143, 27117
564640692932, 564640715162, 22230
564706854705, 564706863960, 9255
564738976314, 564739020798, 44484
564806048146, 564806074597, 26451
564838453480, 564838474909, 21429
564904733258, 564904762370, 29112
564956932015, 564956958262, 26247
565003133790, 565003139256, 5466
565036058717, 565036083209, 24492
565102697196, 565102723008, 25812
565135205155, 565135225684, 20529
565201492072, 565201520185, 28113
565229562544, 565229598979, 36435
565300385004, 565300411443, 26439
565399209788, 565399238366, 28578
565432717522, 565432747057, 29535
565498436611, 565498464913, 28302
565528972578, 565529012727, 40149
565597294824, 565597322457, 27633
565627965023, 565627987265, 22242
565696358068, 565696383676, 25608
565727879373, 565727919189, 39816
565795426665, 565795456812, 30147
565826768043, 565826790186, 22143
565894090675, 565894108282, 17607
565927709857, 565927734244, 24387
565992880028, 565992895370, 15342
566024519601, 566024557878, 38277
566092041881, 566092071212, 29331
566124542136, 566124564651, 22515
566190674639, 566190690869, 16230
566225806780, 566225831494, 24714
566289856266, 566289866064, 9798
566321839538, 566321863394, 23856
566388935836, 566388943309, 7473
566426990231, 566427014855, 24624
566487464704, 566487473797, 9093
566518920913, 566518943803, 22890
566586627262, 566586638353, 11091
566617041933, 566617064994, 23061
566685322771, 566685330097, 7326
566722621582, 566722645453, 23871
566784200219, 566784207752, 7533
566813788262, 566813808335, 20073
566883033373, 566883041626, 8253
566915531594, 566915553431, 21837
566981884288, 566981890462, 6174
567018192035, 567018216350, 24315
567080703587, 567080711504, 7917
567110061376, 567110081251, 19875
567179555710, 567179562382, 6672
567212051367, 567212073228, 21861
567278391364, 567278400355, 8991
567311133823, 567311155741, 21918
567377306548, 567377312647, 6099
567408162572, 567408190718, 28146
567476132793, 567476140791, 7998
567509115566, 567509144690, 29124
567574968638, 567574980932, 12294
567602869866, 567602890092, 20226
567673772871, 567673781868, 8997
567719170929, 567719194323, 23394
567772578332, 567772584755, 6423
567808081808, 567808106633, 24825
567871448742, 567871455966, 7224
567903042588, 567903065139, 22551
567970288019, 567970296620, 8601
568006741958, 568006765835, 23877
568069156433, 568069162937, 6504
568112736588, 568112761407, 24819
568167990403, 568167999772, 9369
568199944061, 568199966246, 22185
568266827914, 568266835714, 7800
568302310655, 568302333188, 22533
568365657550, 568365663898, 6348
568464365981, 568464371780, 5799
568503805478, 568503832616, 27138
568563327753, 568563357153, 29400
568593700288, 568593721411, 21123
568662153540, 568662180051, 26511
568691856434, 568691878490, 22056
568760704494, 568760710620, 6126
568789719272, 568789741910, 22638
568859842391, 568859867009, 24618
568899849806, 568899875684, 25878
568958493726, 568958528112, 34386
569001632942, 569001658994, 26052
569057540778, 569057566080, 25302
569089591305, 569089621329, 30024
569156397629, 569156421653, 24024
569184508458, 569184529242, 20784
569254757667, 569254807007, 49340
569296801034, 569296824278, 23244
569354072954, 569354088038, 15084
569391695127, 569391719463, 24336
569452929785, 569452955726, 25941
569498521176, 569498544162, 22986
569551794218, 569551803983, 9765
569585701417, 569585724379, 22962
569650400481, 569650417593, 17112
569680781546, 569680808585, 27039
569749264056, 569749284567, 20511
569795108444, 569795134109, 25665
569848256985, 569848266090, 9105
569886765406, 569886787093, 21687
569947106651, 569947134617, 27966
570003799183, 570003823435, 24252
570045974446, 570046003051, 28605
570084279807, 570084299760, 19953
570144659147, 570144667994, 8847
570175725600, 570175748907, 23307
570243471211, 570243488050, 16839
570274131514, 570274153786, 22272
570342736139, 570342746558, 10419
570371805020, 570371824265, 19245
570441388429, 570441395818, 7389
570474702910, 570474724603, 21693
570540148705, 570540157225, 8520
570576372234, 570576398073, 25839
570638983409, 570638991755, 8346
570670614245, 570670635668, 21423
570737832228, 570737839647, 7419
570785555158, 570785583544, 28386
570836655240, 570836663070, 7830
570868899510, 570868928193, 28683
570935513278, 570935521843, 8565
570985229950, 570985256284, 26334
571034385202, 571034391988, 6786
571075708520, 571075732400, 23880
571133211958, 571133219923, 7965
571170859920, 571170887025, 27105
571232053272, 571232058855, 5583
571265982995, 571266008351, 25356
571330886463, 571330894731, 8268
571368484716, 571368507771, 23055
571429725657, 571429734285, 8628
571528360281, 571528373844, 13563
571568225780, 571568264249, 38469
571627437562, 571627446361, 8799
571659432049, 571659454765, 22716
571726241554, 571726250194, 8640
571758799938, 571758830772, 30834
571825057582, 571825072102, 14520
571857652026, 571857673422, 21396
571923924764, 571923947573, 22809
571955380259, 571955409944, 29685
572022759056, 572022781409, 22353
572058476905, 572058499846, 22941
572121617300, 572121626717, 9417
572152146136, 572152168522, 22386
572220435431, 572220458024, 22593
572251917575, 572251941623, 24048
572319330803, 572319352706, 21903
572358534692, 572358558575, 23883
572418123171, 572418132669, 9498
572449677728, 572449698878, 21150
572516979976, 572516987692, 7716
572547498071, 572547520067, 21996
572615591882, 572615844416, 252534
572649139716, 572649165519, 25803
572714684195, 572714690783, 6588
572757888620, 572757911252, 22632
572813505637, 572813514874, 9237
572860528960, 572860560781, 31821
572911947286, 572911950256, 2970
572943131605, 572943153010, 21405
573011179566, 573011199843, 20277
573044318454, 573044339793, 21339
573110104432, 573110131192, 26760
573154150078, 573154176607, 26529
573208817915, 573208846790, 28875
573241426303, 573241449358, 23055
573307724724, 573307734273, 9549
573351108003, 573351130326, 22323
573406617269, 573406644320, 27051
573448762040, 573448784924, 22884
573505377057, 573505383549, 6492
573543271763, 573543295025, 23262
573604226726, 573604253132, 26406
573648765819, 573648795531, 29712
573703004944, 573703029010, 24066
573732113841, 573732136314, 22473
573801943557, 573801968082, 24525
573832098319, 573832119745, 21426
573900435464, 573900450092, 14628
573933076001, 573933096407, 20406
573999548378, 573999574574, 26196
574031212812, 574031234481, 21669
574098019665, 574098046710, 27045
574136266758, 574136293680, 26922
574197165647, 574197482520, 316873
574228908587, 574228930367, 21780
574296176780, 574296200912, 24132
574340574548, 574340596211, 21663
574394993515, 574395019633, 26118
574429465910, 574429492436, 26526
574493811453, 574493819079, 7626
574592753306, 574592774726, 21420
574637008126, 574637050021, 41895
574691510944, 574691520490, 9546
574733248493, 574733282303, 33810
574790311441, 574790321227, 9786
574825255663, 574825280695, 25032
574889145312, 574889176404, 31092
574925096424, 574925131431, 35007
574987961243, 574987992230, 30987
575019425116, 575019445969, 20853
575086847402, 575086877735, 30333
575118573108, 575118595056, 21948
575185696022, 575185721504, 25482
575221447540, 575221472788, 25248
575284540133, 575284573064, 32931
575317273583, 575317296353, 22770
575383367694, 575383452648, 84954
575419874168, 575419897646, 23478
575482218577, 575482250179, 31602
575518123955, 575518145768, 21813
575581059779, 575581090163, 30384
575613895074, 575613935157, 40083
575679970348, 575680017319, 46971
575726798654, 575726841317, 42663
575778905601, 575778921636, 16035
575812550709, 575812574655, 23946
575877618174, 575877648606, 30432
575907257449, 575907290854, 33405
575976525057, 575976561894, 36837
576013986152, 576014010050, 23898
576074819996, 576074849750, 29754
576115013958, 576115036662, 22704
576174078599, 576174105449, 26850
576215729781, 576215758137, 28356
576272648786, 576272661230, 12444
576306000779, 576306022190, 21411
576371416614, 576371426304, 9690
576402310217, 576402331601, 21384
576470517695, 576470542883, 25188
576521810874, 576521841321, 30447
576583223654, 576583230965, 7311
576682081416, 576682095918, 14502
576781162881, 576781247160, 84279
576814882410, 576814920906, 38496
576881207756, 576881228450, 20694
576978585302, 576978591098, 5796
577077623392, 577077673339, 49947
577176291465, 577176305739, 14274
577275113598, 577275121728, 8130
577374140406, 577374151761, 11355
577472974662, 577472986473, 11811
577571862538, 577571945206, 82668
577603529981, 577603574867, 44886
577671244054, 577671304720, 60666
577769345363, 577769358563, 13200
577868383815, 577868396379, 12564
577967348669, 577967361461, 12792
578066065429, 578066079358, 13929
578164963219, 578164974562, 11343
578263707499, 578263721065, 13566
578363977729, 578364026686, 48957
578462141873, 578462198273, 56400
578560236984, 578560251060, 14076
578659213687, 578659227040, 13353
578757915013, 578757926965, 11952
578856568491, 578856578280, 9789
578955602685, 578955614253, 11568
579054293327, 579054304502, 11175
579081987230, 579082014812, 27582
579153651902, 579153665750, 13848
579252040576, 579252050191, 9615
579336586277, 579336593474, 7197
579373969646, 579373997390, 27744
579436217837, 579436242146, 24309
579471396978, 579471418032, 21054
579534680712, 579534703158, 22446
579564159290, 579564180368, 21078
579633582748, 579633617857, 35109
579676070740, 579676095601, 24861
579732667374, 579732716715, 49341
579766579783, 579766614250, 34467
579831216677, 579831260375, 43698
579877612067, 579877647089, 35022
579943840022, 579943846379, 6357
580042865065, 580042878496, 13431
580141709710, 580141797376, 87666
580240565455, 580240577176, 11721
580339234600, 580339251001, 16401
580438009784, 580438013561, 3777
580536899667, 580536911832, 12165
580621672786, 580621691830, 19044
580671196951, 580671227869, 30918
580721108105, 580721141618, 33513
580763677364, 580763702012, 24648
580819749577, 580819797208, 47631
580863789974, 580863838760, 48786
580918512885, 580918547460, 34575
580961783418, 580961805753, 22335
581016715898, 581016723710, 7812
581049051716, 581049073313, 21597
581116212136, 581116246957, 34821
581146948586, 581146972235, 23649
581214988304, 581215022240, 33936
581249593242, 581249619228, 25986
581313853309, 581313886261, 32952
581344652007, 581344685802, 33795
581412690112, 581412722359, 32247
581443791530, 581443813841, 22311
581511455308, 581511461023, 5715
581542838158, 581542883080, 44922
581610397429, 581610406267, 8838
581651958339, 581651993835, 35496
581709533267, 581709543644, 10377
581740882293, 581740904850, 22557
581808084905, 581808092624, 7719
581839726276, 581839753747, 27471
581906931188, 581906939837, 8649
581938184024, 581938206125, 22101
582005656236, 582005664324, 8088
582035708177, 582035746808, 38631
582104129687, 582104144798, 15111
582153986914, 582154025821, 38907
582203180716, 582203185639, 4923
582232335762, 582232357449, 21687
582301867744, 582301873234, 5490
582334428626, 582334476761, 48135
582401377854, 582401412942, 35088
582432831837, 582432858525, 26688
582500354222, 582500361401, 7179
582535448677, 582535490515, 41838
582599052988, 582599060872, 7884
582628658642, 582628680389, 21747
582697566548, 582697572734, 6186
582744205249, 582744260560, 55311
582795956941, 582795959923, 2982
582834423850, 582834450544, 26694
582895324282, 582895331128, 6846
582929676690, 582929701158, 24468
582994132763, 582994141097, 8334
583036793790, 583036816284, 22494
583093053084, 583093060617, 7533
583125740989, 583125762064, 21075
583192004323, 583192018597, 14274
583224815263, 583224837427, 22164
583290670670, 583290678083, 7413
583321104528, 583321126110, 21582
583389539521, 583389547588, 8067
583422182157, 583422201945, 19788
583488328430, 583488335636, 7206
583520129331, 583520170200, 40869
583586936593, 583586942497, 5904
583619375482, 583619410705, 35223
583685846770, 583685859148, 12378
583784778342, 583784782806, 4464
583826689899, 583826716881, 26982
583883727913, 583883735239, 7326
583919653982, 583919674994, 21012
583982569659, 583982576613, 6954
584017199893, 584017222177, 22284
584081399817, 584081406090, 6273
584134129717, 584134154350, 24633
584179835814, 584179838874, 3060
584210751359, 584210773559, 22200
584279072099, 584279080589, 8490
584310278604, 584310300153, 21549
584377930192, 584377937605, 7413
584420791843, 584420848621, 56778
584476755471, 584476764156, 8685
584506258150, 584506278175, 20025
584575598271, 584575613097, 14826
584604457373, 584604479210, 21837
584674472552, 584674480334, 7782
584704761538, 584704791364, 29826
584773591083, 584773603014, 11931
584803427321, 584803449893, 22572
584872410480, 584872428114, 17634
584905605319, 584905631599, 26280
584971013221, 584971041769, 28548
585002135816, 585002172449, 36633
585070039779, 585070070625, 30846
585100048033, 585100060633, 12600
585168811087, 585168924886, 113799
585216343657, 585216369622, 25965
585267491359, 585267520702, 29343
585300221075, 585300244244, 23169
585366135025, 585366275957, 140932
585400089227, 585400158599, 69372
585485849631, 585485904372, 54741
585486715032, 585486720969, 5937
585515013144, 585515016948, 3804
585515036967, 585515038074, 1107
585572450377, 585572479807, 29430
585622707839, 585622717358, 9519
585628984616, 585628990532, 5916
585675056393, 585675080084, 23691
585730045079, 585730051205, 6126
585730309301, 585730310711, 1410
585736422392, 585736426949, 4557
585777314003, 585777336731, 22728
585823583562, 585823590633, 7071
585874303841, 585874311215, 7374
585973338237, 585973423242, 85005
586072179287, 586072192123, 12836
586171012842, 586171029090, 16248
586269853954, 586269866830, 12876
586368701666, 586368712106, 10440
586467536093, 586467548291, 12198
586566445972, 586566458584, 12612
586665424364, 586665441308, 16944
586764068428, 586764081190, 12762
586794892144, 586794917461, 25317
586862787702, 586862798481, 10779
586961775788, 586961787362, 11574
587060608038, 587060636517, 28479
587159459266, 587159474539, 15273
587258245212, 587258256915, 11703
587357483552, 587357514029, 30477
587455988357, 587456000444, 12087
587554833206, 587555035556, 202350
587653482960, 587653497477, 14517
587752490902, 587752504018, 13116
587851298793, 587851312944, 14151
587950278491, 587950295138, 16647
588049025115, 588049042170, 17055
588147854150, 588147868295, 14145
588246663098, 588246675314, 12216
588345533791, 588345546118, 12327
588444378002, 588444389792, 11790
588543226437, 588543239565, 13128
588642061392, 588642073449, 12057
588740932277, 588740944799, 12522
588839741316, 588839753028, 11712
588938576009, 588938589356, 13347
589037535916, 589037564806, 28890
589136062275, 589136067918, 5643
589235119685, 589235130275, 10590
589334033883, 589334044833, 10950
589432633827, 589432647357, 13530
589531656676, 589531668019, 11343
589630354791, 589630366245, 11454
589729342650, 589729352520, 9870
589828147176, 589828160676, 13500
589926971561, 589927037852, 66291
590025869896, 590025880639, 10743
590124671991, 590124690894, 18903
590223617363, 590223628514, 11151
590322392013, 590322407790, 15777
590421243775, 590421256762, 12987
590520018809, 590520031586, 12777
590618951676, 590618965758, 14082
590717793531, 590717807754, 14223
590816562563, 590816577506, 14943
590915404933, 590915607055, 202122
591014274132, 591014277456, 3324
591113076132, 591113086869, 10737
591211752796, 591211765822, 13026
591310767794, 591310780862, 13068
591409638275, 591409649912, 11637
591508479113, 591508492952, 13839
591607420044, 591607449057, 29013
591706168958, 591706182176, 13218
591804984027, 591804996936, 12909
591903831824, 591903858302, 26478
592002803607, 592002817761, 14154
592101585693, 592101601083, 15390
592200351227, 592200363005, 11778
592299208123, 592299220261, 12138
592398062352, 592398074289, 11937
592496867490, 592496879472, 11982
592595716765, 592595728882, 12117
592694592778, 592694609623, 16845
592793436456, 592793447706, 11250
592892319661, 592892331733, 12072
592919036803, 592919062063, 25260
592991076280, 592991088685, 12405
593089737074, 593089748573, 11499
593188826898, 593188843440, 16542
593287626297, 593287638969, 12672
593386476033, 593386488087, 12054
593485316631, 593485329597, 12966
593584127789, 593584139762, 11973
593682770250, 593682774291, 4041
593781866371, 593781896863, 30492
593880619722, 593880634722, 15000
593979529120, 593979567805, 38685
594078245168, 594078257273, 12105
594177180110, 594177202283, 22173
594276014009, 594276035147, 21138
594374890510, 594374903599, 13089
594473809276, 594473822251, 12975
594572536065, 594572548461, 12396
594671467186, 594671478544, 11358
594770046213, 594770057964, 11751
594869092112, 594869112341, 20229
594967972184, 594967983203, 11019
595066887898, 595066912180, 24282
595165551338, 595165562345, 11007
595264574321, 595264586255, 11934
595363368526, 595363381465, 12939
595462122854, 595462145369, 22515
595561070906, 595561083323, 12417
595659809329, 595659821752, 12423
595758738918, 595758752658, 13740
595857482323, 595857493672, 11349
595956185236, 595956196084, 10848
595997290569, 595997320230, 29661
596055199817, 596055212240, 12423
596153985583, 596153999794, 14211
596252857246, 596252869132, 11886
596351785603, 596351819845, 34242
596450339610, 596450353380, 13770
596549338306, 596549351224, 12918
596648249849, 596648268287, 18438
596747045580, 596747060634, 15054
596845871140, 596845883338, 12198
596944716423, 596944728810, 12387
597043584854, 597043596707, 11853
597142474961, 597142507691, 32730
597241279775, 597241292663, 12888
597340110734, 597340121105, 10371
597438959511, 597438971181, 11670
597537765990, 597537775890, 9900
597636548915, 597636558278, 9363
597735456486, 597735467289, 10803
597834232191, 597834242988, 10797
597933160637, 597933176198, 15561
598032018403, 598032029587, 11184
598130669828, 598130685488, 15660
598229688076, 598229699914, 11838
598328508560, 598328518418, 9858
598427368033, 598427384224, 16191
598526115049, 598526126482, 11433
598625016989, 598625027393, 10404
598723847214, 598723856538, 9324
598822769042, 598822781861, 12819
598921585567, 598921595971, 10404
599020449044, 599020488481, 39437
599048781115, 599048806516, 25401
599119223489, 599119236440, 12951
599218160484, 599218220934, 60450
599316923058, 599316943062, 20004
599415788954, 599415802712, 13758
599514758417, 599514784103, 25686
599613423875, 599613437324, 13449
599712349491, 599712375945, 26454
599811279694, 599811326170, 46476
599909786917, 599909799697, 12780
600008765215, 600008778592, 13377
600107671953, 600107684265, 12312
600206504293, 600206516521, 12228
600305313832, 600305330914, 17082
600404129157, 600404140479, 11322
600503034273, 600503063853, 29580
600601643706, 600601651983, 8277
600700726213, 600700740081, 13868
600799499371, 600799511488, 12117
600898354857, 600898366797, 11940
600997251018, 600997273434, 22416
601096229170, 601096260292, 31122
601194935858, 601194955424, 19566
601293637090, 601293658648, 21558
601392614569, 601392626047, 11478
601491414331, 601491426568, 12237
601590269557, 601590283960, 14403
601689069254, 601689081251, 11997
601787937854, 601787949239, 11385
601886841767, 601886853185, 11418
601985594763, 601985606838, 12075
602084463527, 602084475359, 11832
602183180517, 602183183973, 3456
602282134675, 602282147299, 12624
602381031994, 602381062039, 30045
602479834447, 602479848052, 13605
602578703075, 602578715111, 12036
602677710082, 602677734145, 24063
602776349007, 602776364769, 15762
602875176538, 602875198978, 22440
602974025161, 602974038868, 13707
603072715130, 603072728354, 13224
603171920827, 603171943279, 22452
603270547005, 603270560055, 13050
603369440517, 603369454413, 13896
603468517955, 603468533942, 15987
603567148731, 603567165480, 16749
603665981669, 603665997386, 15717
603764760478, 603764773387, 12909
603863632080, 603863646414, 14334
603962438365, 603962450224, 11859
604061313318, 604061327955, 14637
604160128006, 604160142928, 14922
604258977553, 604258989310, 11757
604357829947, 604357851622, 21675
604456583891, 604456619075, 35184
604555510999, 604555524271, 13272
604654340357, 604654351055, 10698
604753197028, 604753208863, 11835
604852158029, 604852187573, 29544
604889038236, 604889070021, 31785
604950905205, 604950917751, 12546
605049722800, 605049736120, 13320
605148496553, 605148600875, 104322
605191177780, 605191208461, 30681
605247466471, 605247479377, 12906
605346253469, 605346267887, 14418
605445109053, 605445121761, 12708
605543954467, 605543967715, 13248
605642821296, 605642840391, 19095
605741611686, 605741626836, 15150
605840476533, 605840493084, 16551
605939355118, 605939372410, 17292
606038159353, 606038171236, 11883
606137024226, 606137034348, 10122
606235841593, 606235853314, 11721
606334702619, 606334713170, 10551
606433477885, 606433481359, 3474
606532368251, 606532379258, 11007
606631218598, 606631247140, 28542
606729979755, 606729997152, 17397
606828842457, 606828852336, 9879
606927515389, 606927526426, 11037
607026562750, 607026574603, 11853
607125416058, 607125426156, 10098
607224222152, 607224239195, 17043
607323191301, 607323204159, 12858
607421912404, 607421926969, 14565
607520750479, 607520764480, 14001
607620406847, 607620417797, 10950
607718470161, 607718490678, 20517
607817372966, 607817390411, 17445
607916025230, 607916043776, 18546
608015086870, 608015099833, 12963
608113801249, 608113821442, 20193
608212726238, 608212779743, 53505
608311696636, 608311723621, 26985
608410317593, 608410329653, 12060
608509138819, 608509164682, 25863
608608032238, 608608045645, 13407
608706857151, 608706884115, 26964
608805730892, 608805751532, 20640
608904575760, 608904613140, 37380
609003367176, 609003388080, 20904
609102255783, 609102272880, 17097
609200899385, 609200919479, 20094
609299889413, 609299902343, 12930
609398765060, 609398964212, 199152
609497545720, 609497556403, 10683
609596419438, 609596441488, 22050
609695475568, 609695543488, 67920
609794140114, 609794166322, 26208
609892980431, 609893005589, 25158
609991787173, 609991811152, 23979
610090599229, 610090610008, 10779
610189745891, 610189825112, 79221
610288331961, 610288344681, 12720
610387005608, 610387015868, 10260
610486048576, 610486068727, 20151
610584818752, 610584833878, 15126
610683773770, 610683788794, 15024
610782531442, 610782543934, 12492
610881249148, 610881260179, 11031
610980226293, 610980241755, 15462
610669710715, 610669720198, 9483
610713436267, 610713459721, 23454
610768281083, 610768295006, 13923
610797699397, 610797721876, 22479
610867400726, 610867423064, 22338
610915818502, 610915842025, 23523
610966260272, 610966269659, 9387
610998136437, 610998163011, 26574
611065082934, 611065104588, 21654
611105142602, 611105165003, 22401
611163904745, 611163928448, 23703
611197625402, 611197649792, 24390
611262775070, 611262789596, 14526
611361612097, 611361640498, 28401
611403406166, 611403432260, 26094
611460431190, 611460457806, 26616
611492487734, 611492521244, 33510
611559278671, 611559305821, 27150
611590806450, 611590829823, 23373
611658148248, 611658175581, 27333
611696499983, 611696522165, 22182
611756669408, 611756702576, 33168
611796274208, 611796295316, 21108
611855817711, 611855846655, 28944
611893610348, 611893635251, 24903
611954482370, 611954507693, 25323
611985200546, 611985222404, 21858
612053504072, 612053535752, 31680
612092880876, 612092945322, 64446
612152366638, 612152381812, 15174
612181811183, 612181831034, 19851
612250927067, 612250973012, 45945
612283605008, 612283634585, 29577
612350031080, 612350059997, 28917
612382575703, 612382598683, 22980
612448790949, 612448819854, 28905
612479552620, 612479573887, 21267
612547707351, 612547734609, 27258
612583212365, 612583233170, 20805
612646550237, 612646578671, 28434
612675648911, 612675669551, 20640
612745396966, 612745478485, 81519
612787313213, 612787335248, 22035
612844062402, 612844084419, 22017
612875999044, 612876021328, 22284
612943059659, 612943086791, 27132
612980573077, 612980599468, 26391
613041909640, 613041936982, 27342
613079456925, 613079493684, 36759
613140739257, 613140764127, 24870
613179418435, 613179451186, 32751
613239579813, 613239605043, 25230
613285790023, 613285823173, 33150
613337794226, 613337797571, 3345
613372828446, 613372852737, 24291
613437298291, 613437322477, 24186
613469159573, 613469181638, 22065
613536107245, 613536133021, 25776
613570380905, 613570403153, 22248
613635082994, 613635096560, 13566
613667375571, 613667400006, 24435
613733771058, 613733779821, 8763
613766889692, 613766911790, 22098
613832632650, 613832640009, 7359
613871038799, 613871069564, 30765
613931492616, 613931500458, 7842
613971731571, 613971754152, 22581
614030309019, 614030318250, 9231
614060522471, 614060542511, 20040
614129106305, 614129137751, 31446
614168610548, 614168644499, 33951
614227892054, 614227917839, 25785
614256510865, 614256532057, 21192
614326772417, 614326787165, 14748
614425704298, 614425713436, 9138
614461940912, 614461967681, 26769
614524464330, 614524494672, 30342
614554938936, 614554962261, 23325
614623378648, 614623387861, 9213
614653375237, 614653399312, 24075
614722213255, 614722222579, 9324
614751869972, 614751892589, 22617
614821072353, 614821081074, 8721
614865403383, 614865424116, 20733
614919912272, 614919920618, 8346
614954581870, 614954629438, 47568
615018818689, 615018834910, 16221
615047568246, 615047588616, 20370
615117582288, 615117589380, 7092
615151072009, 615151096342, 24333
615216431688, 615216438459, 6771
615246113519, 615246135752, 22233
615315282389, 615315293336, 10947
615346265134, 615346286155, 21021
615414107348, 615414135230, 27882
615461942145, 615461963724, 21579
615512936939, 615512964245, 27306
615543940423, 615543963148, 22725
615611800917, 615611828460, 27543
615642891746, 615642913418, 21672
615710923556, 615710961728, 38172
615754196788, 615754229413, 32625
615809452160, 615809489168, 37008
615840381259, 615840403579, 22320
615907675745, 615907679921, 4176
615949849733, 615949872998, 23265
616006931424, 616006959042, 27618
616040055546, 616040078499, 22953
616105991252, 616106018243, 26991
616137506045, 616137526418, 20373
616204825198, 616204854235, 29037
616236257750, 616236295682, 37932
616303669178, 616303700042, 30864
616335484720, 616335505822, 21102
616402516294, 616402547641, 31347
616449091653, 616449114966, 23313
616501321879, 616501353805, 31926
616533986604, 616534008045, 21441
616600197668, 616600206857, 9189
616640664615, 616640686548, 21933
616699052913, 616699059153, 6240
616746474710, 616746495656, 20946
616798088307, 616798096470, 8163
616845295187, 616845327125, 31938
616896708485, 616896717932, 9447
616955342998, 616955368402, 25404
616995286901, 616995291194, 4293
617029432473, 617029461489, 29016
617094278460, 617094288204, 9744
617130258233, 617130281819, 23586
617193283816, 617193292774, 8958
617223506750, 617223545336, 38586
617292283865, 617292292088, 8223
617333595275, 617333615414, 20139
617390941270, 617390947108, 5838
617433996486, 617434019061, 22575
617489984690, 617489992496, 7806
617525498784, 617525519457, 20673
617588599588, 617588605897, 6309
617619058960, 617619080230, 21270
617687288202, 617687296179, 7977
617720386691, 617720410367, 23676
617800300231, 617800314022, 13791
617900400065, 617900479760, 79695
617998018549, 617998122910, 104361
618096772979, 618096854825, 81846
618195533715, 618195545307, 11592
618294440301, 618294452115, 11814
618393090872, 618393101552, 10680
618492079850, 618492091490, 11640
618591000829, 618591013054, 12225
618689869776, 618689879952, 10176
618788649124, 618788659936, 10812
618887503684, 618887517067, 13383
618986401121, 618986432528, 31407
619085236815, 619085249916, 13101
619183990042, 619184001421, 11379
619282859638, 619282872556, 12918
619381513846, 619381524301, 10455
619480555725, 619480567131, 11406
619579460371, 619579471774, 11403
619678340982, 619678352904, 11922
619777080361, 619777093975, 13614
619875966170, 619875978707, 12537
619974832177, 619974843505, 11328
620073610706, 620073624620, 13914
620172468723, 620172471951, 3228
620271406527, 620271426405, 19878
620370183820, 620370195916, 12096
620468989747, 620469001531, 11784
620503026068, 620503050437, 24369
620567900480, 620567914541, 14061
620666470856, 620666484872, 14016
620765442572, 620765453639, 11067
620864322278, 620864332001, 9723
620963191864, 620963204077, 12213
621062033870, 621062045921, 12051
621160885307, 621160898282, 12975
621259718343, 621259729299, 10956
621358524882, 621358536822, 11940
621457365266, 621457377962, 12696
621556236829, 621556248922, 12093
621655076434, 621655088548, 12114
621753892146, 621753904485, 12339
621852730693, 621852742786, 12093
621951552681, 621951565395, 12714
622050419766, 622050431541, 11775
622149266983, 622149280519, 13536
622248097277, 622248109478, 12201
622346757484, 622346770759, 13275
622445572395, 622445580307, 7912
622544704044, 622544717481, 13437
622643509895, 622643527007, 17112
622742333702, 622742352476, 18774
622841085438, 622841097294, 11856
622940012199, 622940037423, 25224
623038877555, 623038883630, 6075
623137786859, 623137820027, 33168
623236617227, 623236649252, 32025
623335431871, 623335445536, 13665
623434274811, 623434298115, 23304
623533057721, 623533070861, 13140
623631671805, 623631683589, 11784
623730708183, 623730722334, 14151
623829584372, 623829599291, 14919
623928428126, 623928443063, 14937
624027234105, 624027248295, 14190
624126105015, 624126118584, 13569
624224768274, 624224782788, 14514
624323758453, 624323770996, 12543
624422613236, 624422616494, 3258
624112046247, 624112069896, 23649
624146994555, 624147016983, 22428
624210979455, 624210987147, 7692
624253425111, 624253452540, 27429
624309838949, 624309845078, 6129
624341390596, 624341419360, 28764
624408664676, 624408672902, 8226
624437983496, 624438002744, 19248
624507526285, 624507533176, 6891
624536066523, 624536086425, 19902
624606352159, 624606358726, 6567
624637748653, 624637811767, 63114
624704820711, 624704829525, 8814
624734172524, 624734217779, 45255
624804048375, 624804054750, 6375
624833205604, 624833238796, 33192
624902720984, 624902746382, 25398
624930736097, 624930755495, 19398
625001702458, 625001727502, 25044
625048839344, 625048862117, 22773
625100550269, 625100586740, 36471
625139547741, 625139572341, 24600
625199471904, 625199509662, 37758
625228114585, 625228136398, 21813
625298228436, 625298258160, 29724
625326785666, 625326806606, 20940
625396850733, 625396881039, 30306
625424866295, 625424887406, 21111
625495728605, 625495740464, 11859
625527696261, 625527724035, 27774
625594761741, 625594792263, 30522
625623143092, 625623166249, 23157
625693592664, 625693623726, 31062
625732783077, 625732806948, 23871
625792423556, 625792453253, 29697
625823377158, 625823399559, 22401
625891107249, 625891134222, 26973
625919239037, 625919260988, 21951
625989888840, 625989922233, 33393
626033733445, 626033760226, 26781
626088968912, 626089028306, 59394
626117460377, 626117501165, 40788
626187945740, 626187975482, 29742
626216722341, 626216744877, 22536
626286554888, 626286570350, 15462
626385170950, 626385198067, 27117
626417070291, 626417098938, 28647
626484556082, 626484586997, 30915
626514093967, 626514117364, 23397
626582949743, 626582972189, 22446
626622196241, 626622221510, 25269
626682276209, 626682309578, 33369
626711493591, 626711512107, 18516
626780708933, 626780743808, 34875
626829116118, 626829140778, 24660
626879442642, 626879453562, 10920
626908031525, 626908051562, 20037
626978563289, 626978597297, 34008
627024834812, 627024858938, 24126
627077376819, 627077411025, 34206
627110192122, 627110214622, 22500
627176215580, 627176250164, 34584
627206607586, 627206630416, 22830
627274926614, 627274955339, 28725
627305892122, 627305931062, 38940
627373866300, 627373892844, 26544
627403282037, 627403301495, 19458
627472912578, 627472940823, 28245
627503255422, 627503290903, 35481
627571529950, 627571557070, 27120
627602489305, 627602525452, 36147
627670515150, 627670544559, 29409
627700400561, 627700422254, 21693
627769267398, 627769293987, 26589
627799228526, 627799264727, 36201
627868131998, 627868162490, 30492
627910551986, 627910574498, 22512
627966958904, 627966976307, 17403
628010054608, 628010078224, 23616
628065812360, 628065821747, 9387
628094329055, 628094349767, 20712
628164713397, 628164723114, 9717
628212842807, 628212871361, 28554
628263483665, 628263490136, 6471
628293387288, 628293409668, 22380
628362322610, 628362328814, 6204
628394209666, 628394232874, 23208
628461136789, 628461144949, 8160
628491164049, 628491186099, 22050
628560012450, 628560016779, 4329
628588904241, 628588926543, 22302
628658823159, 628658831313, 8154
628695223940, 628695247280, 23340
628757650426, 628757658040, 7614
628794155592, 628794189585, 33993
628856501438, 628856511101, 9663
628885957702, 628885980493, 22791
628955450838, 628955466186, 15348
628984379077, 628984417270, 38193
629054295096, 629054307633, 12537
629093916033, 629093960949, 44916
629153014203, 629153022930, 8727
629181663530, 629181684761, 21231
629251590185, 629251596983, 6798
629290293674, 629290317218, 23544
629350717213, 629350724626, 7413
629384120040, 629384140620, 20580
629449557048, 629449565416, 8368
629478605413, 629478626212, 20799
629548457959, 629548471054, 13095
629589122706, 629589147831, 25125
629646912866, 629646916445, 3579
629746089778, 629746120528, 30750
629781588926, 629781611609, 22683
629844929291, 629844959363, 30072
629875766912, 629875790042, 23130
629943621910, 629943632524, 10614
629984831591, 629984853770, 22179
630042616702, 630042646093, 29391
630079172953, 630079196116, 23163
630141497617, 630141528421, 30804
630172455716, 630172477664, 21948
630240168376, 630240196240, 27864
630290186714, 630290218223, 31509
630338527256, 630338531159, 3903
630384588932, 630384610886, 21954
630438025890, 630438054558, 28668
630467855694, 630467877132, 21438
630536692510, 630536717926, 25416
630568354939, 630568462138, 107199
630635939389, 630635965987, 26598
630681538848, 630681574866, 36018
630734642748, 630734693478, 50730
630762641147, 630762663764, 22617
630833607073, 630833632711, 25638
630870206512, 630870229387, 22875
630932203770, 630932212644, 8874
630964746373, 630964768708, 22335
631031031880, 631031040151, 8271
631058485110, 631058505306, 20196
631129870708, 631129879582, 8874
631175703799, 631175726641, 22842
631228707380, 631228715174, 7794
631257481484, 631257501599, 20115
631327577320, 631327583707, 6387
631426241611, 631426271251, 29640
631458769114, 631458795820, 26706
631525224933, 631525253352, 28419
631555489869, 631555533150, 43281
631624060533, 631624089495, 28962
631650955812, 631650973503, 17691
631723293051, 631723325328, 32277
631758366468, 631758387381, 20913
631821758374, 631821776722, 18348
631852036430, 631852059584, 23154
631920616219, 631920648907, 32688
631950583135, 631950604687, 21552
632019611812, 632019744407, 132595
632069255309, 632069280650, 25341
632118283416, 632118312498, 29082
632153947223, 632153967425, 20202
632217185108, 632217213869, 28761
632248940528, 632248974371, 33843
632315960321, 632316273527, 313206
632346229728, 632346251529, 21801
632414800679, 632414828546, 27867
632456754538, 632456777983, 23445
632513644020, 632513672016, 27996
632549517893, 632549541077, 23184
632612516678, 632612546090, 29412
632644899182, 632644934696, 35514
632711549322, 632711579364, 30042
632759456767, 632759476726, 19959
632810188696, 632810217103, 28407
632841949571, 632841985496, 35925
632909044595, 632909086868, 42273
632943533207, 632943555203, 21996
633007864482, 633007953009, 88527
633039754830, 633039777699, 22869
633106731388, 633106758574, 27186
633137926475, 633137949272, 22797
633205528837, 633205556212, 27375
633237493284, 633237516717, 23433
633304366521, 633304375797, 9276
633350872497, 633350906652, 34155
633403118437, 633403123180, 4743
633432787179, 633432805488, 18309
633502061082, 633502086123, 25041
633541793685, 633541817823, 24138
633600911382, 633600938202, 26820
633633467297, 633633488735, 21438
633700177336, 633700212791, 35455
633738662395, 633738688387, 25992
633798565032, 633798585054, 20022
633840965106, 633841006194, 41088
633897652779, 633897678996, 26217
633930750623, 633930774077, 23454
633996167679, 633996192855, 25176
634028287807, 634028309614, 21807
634094824010, 634094851130, 27120
634128162340, 634128185548, 23208
634193897760, 634194045021, 147261
634224870773, 634224892784, 22011
634292585071, 634292609887, 24816
634339323012, 634339346889, 23877
634391638368, 634391663424, 25056
634425788667, 634425813546, 24879
634490498335, 634490516926, 18591
634534595384, 634534657160, 61776
634589313557, 634589339243, 25686
634617898111, 634617918625, 20514
634688460916, 634688488039, 27123
634726919059, 634726943023, 23964
634787053245, 634787062698, 9453
634824075887, 634824121007, 45120
634885848495, 634885872711, 24216
634919897059, 634919919688, 22629
634984706200, 634984716094, 9894
635020481633, 635020506221, 24588
635083572114, 635083578714, 6600
635111732196, 635111752857, 20661
635182374400, 635182382938, 8538
635210868254, 635210887130, 18876
635281480734, 635281506165, 25431
635328235350, 635328263985, 28635
635380037892, 635380063926, 26034
635414632265, 635414659382, 27117
635478883960, 635478909865, 25905
635519639237, 635519668073, 28836
635577711477, 635577735765, 24288
635609826465, 635609864919, 38454
635676593669, 635676603824, 10155
635704668479, 635704688306, 19827
635775406069, 635775431905, 25836
635818400760, 635818427925, 27165
635874226741, 635874250984, 24243
635915867483, 635915887592, 20109
635973077735, 635973103778, 26043
636001281689, 636001301528, 19839
636071766439, 636071793583, 27144
636109810493, 636109837856, 27363
636170803167, 636170837640, 34473
636212751405, 636212771352, 19947
636269603910, 636269612571, 8661
636297901588, 636297936154, 34566
636368448659, 636368455859, 7200
636400164139, 636400185328, 21189
636467293481, 636467302694, 9213
636509959102, 636509982634, 23532
636566139547, 636566147332, 7785
636599760985, 636599782105, 21120
636664991395, 636664997341, 5946
636696730917, 636696766983, 36066
636763743547, 636763750645, 7098
636792360857, 636792382658, 21801
636862378161, 636862387821, 9660
636907092918, 636907112994, 20076
636961670237, 636961679459, 9222
637007971889, 637007998403, 26514
637060373118, 637060379571, 6453
637099624464, 637099647801, 23337
637158961085, 637158969692, 8607
637194547137, 637194567681, 20544
637258036342, 637258044538, 8196
637287246838, 637287278251, 31413
637356866687, 637356874679, 7992
637385967050, 637385990984, 23934
637455706574, 637455715073, 8499
637490662325, 637490686850, 24525
637554559439, 637554568310, 8871
637583209983, 637583228865, 18882
637653411032, 637653418826, 7794
637699567525, 637699604575, 37050
637752243076, 637752251263, 8187
637792219679, 637792243727, 24048
637851092030, 637851099329, 7299
637889919437, 637889940959, 21522
637949835533, 637949844224, 8691
637979539143, 637979558442, 19299
638048807394, 638048814525, 7131
638077547192, 638077572323, 25131
638147593664, 638147601569, 7905
638176030560, 638176051875, 21315
638246291118, 638246300037, 8919
638285136732, 638285160456, 23724
638345285528, 638345292677, 7149
638373845974, 638373867058, 21084
638444031107, 638444043026, 11919
638479335786, 638479370637, 34851
638542864623, 638542873002, 8379
638581613349, 638581637049, 23700
638641805021, 638641813235, 8214
638684517893, 638684551682, 33789
638740914792, 638740926450, 11658
638782942145, 638782969415, 27270
638839582786, 638839598062, 15276
638938407013, 638938453072, 46059
638976646147, 638976673783, 27636
639037208444, 639037242392, 33948
639073216062, 639073241697, 25635
639136030378, 639136063177, 32799
639163902111, 639163921725, 19614
639234907280, 639234917966, 10686
639275726895, 639275752533, 25638
639333708519, 639333736947, 28428
639362125118, 639362147588, 22470
639432572522, 639432582671, 10149
639461510854, 639461540449, 29595
639531002272, 639531010234, 7962
639559797362, 639559820630, 23268
639629903094, 639629908071, 4977
639674653682, 639674674850, 21168
639729117708, 639729123840, 6132
639758103953, 639758127896, 23943
639827908938, 639827917119, 8181
639869848991, 639869876129, 27138
639926766458, 639926774444, 7986
639955425362, 639955445237, 19875
640025604104, 640025612795, 8691
640061281770, 640061306463, 24693
640124456539, 640124464876, 8337
640153597608, 640153621410, 23802
640223270453, 640223277539, 7086
640252046814, 640252069308, 22494
640322314148, 640322320250, 6102
640351023203, 640351069931, 46728
640420805493, 640420813527, 8034
640451069909, 640451091635, 21726
640520016587, 640520022146, 5559
640551095424, 640551118998, 23574
640618433218, 640618440859, 7641
640648159884, 640648217382, 57498
640717650756, 640717655907, 5151
640757390976, 640757414331, 23355
640816482689, 640816506599, 23910
640845769806, 640845859368, 89562
640915140712, 640915161970, 21258
640945142179, 640945235026, 92847
641014197651, 641014219587, 21936
641055592564, 641055618991, 26427
641112396847, 641112483136, 86289
641144778223, 641144803099, 24876
641211725450, 641211750338, 24888
641242361262, 641242383339, 22077
641310554517, 641310576384, 21867
641339453850, 641339490237, 36387
641409381557, 641409389786, 8229
641438091418, 641438113309, 21891
641508232072, 641508238408, 6336
641536514392, 641536535701, 21309
641607016411, 641607023002, 6591
641639280548, 641639309351, 28803
641705841428, 641705848469, 7041
641757118743, 641757144927, 26184
641804953149, 641804960319, 7170
641846649222, 641846688549, 39327
641903467671, 641903474634, 6963
641942953810, 641942974309, 20499
642002435321, 642002444177, 8856
642031613486, 642031635056, 21570
642101067329, 642101091236, 23907
642133394830, 642133420786, 25956
642200384446, 642200399812, 15366
642231778929, 642231800343, 21414
642298508197, 642298517251, 9054
642327186583, 642327221812, 35229
642397781886, 642397790178, 8292
642428556501, 642428588706, 32205
642496785339, 642496803699, 18360
642525388876, 642525430726, 41850
642595714707, 642595723299, 8592
642629874109, 642629899243, 25134
642694319892, 642694326153, 6261
642723699382, 642723718855, 19473
642793275689, 642793283804, 8115
642839659389, 642839683503, 24114
642891996718, 642892004416, 7698
642919672589, 642919693670, 21081
642990646846, 642990655438, 8592
643018386787, 643018408219, 21432
643089426575, 643089431048, 4473
643134612819, 643134635910, 23091
643188531647, 643188538640, 6993
643217530615, 643217568286, 37671
643287281679, 643287290691, 9012
643315822590, 643315843866, 21276
643386173467, 643386181957, 8490
643419284019, 643419309366, 25347
643485017208, 643485025413, 8205
643513243582, 643513262869, 19287
643583854355, 643583862137, 7782
643615424687, 643615450472, 25785
643682683503, 643682691069, 7566
643711640390, 643711669463, 29073
643781392387, 643781401000, 8613
643837634806, 643837664245, 29439
643894388821, 643894403182, 14361
643993205333, 643993216712, 11379
644092217191, 644092304092, 86901
644190902627, 644190914348, 11721
644289721518, 644289732945, 11427
644388493021, 644388506044, 13023
644487344146, 644487355387, 11241
644586218567, 644586232022, 13455
644685125198, 644685142511, 17313
644783935189, 644783950966, 15777
644882935559, 644882949692, 14133
644981626760, 644981653064, 26304
645080422995, 645080434617, 11622
645179268399, 645179281104, 12705
645278162776, 645278176474, 13698
645376949873, 645376968542, 18669
645475820305, 645475832284, 11979
645574668985, 645574680664, 11679
645673506804, 645673526667, 19863
645772320062, 645772333643, 13581
645871154670, 645871165560, 10890
645969929978, 645969952157, 22179
646000937309, 646000967429, 30120
646068834078, 646068854118, 20040
646167677958, 646167688875, 10917
646266524969, 646266541868, 16899
646365392384, 646365404510, 12126
646464232947, 646464249942, 16995
646562985589, 646562996755, 11166
646661862008, 646661890214, 28206
646760798244, 646760826930, 28686
646859380877, 646859391357, 10480
646958417043, 646958428698, 11655
647057277029, 647057290112, 13083
647156164812, 647156185950, 21138
647254953318, 647254968834, 15516
647353783386, 647353797771, 14385
647452613872, 647452625761, 11889
647551759736, 647551770278, 10542
647650326325, 647650337251, 10926
647749151867, 647749163819, 11952
647847993391, 647848006414, 13023
647946833668, 647946838279, 4611
648045689580, 648045708177, 18597
648144650168, 648144677531, 27363
648173251593, 648173289192, 37599
648243303758, 648243318854, 15096
648342175945, 648342185968, 10023
648426761973, 648426786870, 24897
648454978005, 648455000862, 22857
648525809928, 648525872505, 62577
648554215490, 648554237417, 21927
648624475019, 648624501560, 26541
648652976220, 648652992063, 15843
648723595418, 648723625934, 30516
648754429869, 648754456392, 26523
648822344552, 648822372779, 28227
648864113740, 648864139873, 26133
648921306254, 648921333458, 27204
648951268749, 648951303846, 35097
649020289326, 649020321750, 32424
649051838619, 649051863072, 24453
649118989111, 649119020362, 31251
649153813038, 649153839048, 26010
649217820962, 649217853170, 32208
649247561554, 649247582245, 20691
649316688615, 649316694819, 6204
649346547752, 649346568395, 20643
649415271966, 649415282616, 10650
649448399069, 649448422364, 23295
649514323731, 649514332152, 8421
649545007696, 649545028069, 20373
649612992974, 649613011499, 18525
649646894885, 649646918042, 23157
649711683100, 649711716838, 33738
649756865522, 649756923959, 58437
649810917067, 649810946911, 29844
649851643260, 649851670224, 26964
649909543096, 649909569199, 26103
649957201127, 649957229768, 28641
650008649364, 650008673673, 24309
650040588472, 650040612787, 24315
650107131994, 650107151986, 19992
650139759350, 650139780353, 21003
650206034457, 650206043391, 8934
650243820243, 650243842953, 22710
650304826985, 650304852263, 25278
650336321483, 650336343176, 21693
650404194829, 650404208128, 13299
650437445732, 650437470044, 24312
650502911481, 650502920667, 9186
650542152173, 650542175582, 23409
650601616204, 650601638749, 22545
650629848130, 650629888951, 40821
650700468778, 650700493444, 24666
650733461293, 650733485545, 24252
650799391596, 650799407346, 15750
650845680163, 650845721128, 40965
650898059647, 650898083860, 24213
650940185909, 650940209585, 23676
650996980822, 650996990116, 9294
651044963443, 651044987830, 24387
651095331372, 651095337567, 6195
651156096735, 651156117975, 21240
651194567921, 651194592302, 24381
651227404341, 651227424588, 20247
651293441980, 651293467030, 25050
651325666852, 651325696096, 29244
651392686286, 651392739770, 53484
651440982857, 651441005603, 22746
651504980453, 651504990470, 10017
651603957592, 651603968899, 11307
651702667930, 651702675364, 7434
651801633469, 651801727027, 93558
651900484008, 651900497121, 13113
651999316693, 651999328609, 11916
652097952429, 652097958897, 6468
652197026690, 652197038708, 12018
652295677900, 652295692495, 14595
652394486406, 652394491740, 5334
652493529496, 652493532607, 3111
652592357156, 652592368844, 11688
652691218494, 652691231625, 13131
652790090124, 652790103000, 12876
652888949587, 652888984291, 34704
652987778416, 652987794769, 16353
653086586876, 653086602527, 15651
653185429206, 653185451499, 22293
653284266137, 653284278407, 12270
653383077726, 653383091991, 14265
653481928039, 653481949588, 21549
653580793541, 653580806963, 13422
653679624856, 653679638521, 13665
653778480702, 653778496332, 15630
653877320524, 653877333943, 13419
653976554488, 653976614251, 59763
654075000085, 654075012943, 12858
654173673711, 654173689692, 15981
654214676955, 654214705884, 28929
654272696866, 654272712406, 15540
654371512229, 654371524370, 12141
654470396626, 654470412043, 15417
654569229148, 654569242522, 13374
654668032214, 654668044682, 12468
654766780837, 654766790779, 9942
654865720095, 654865731810, 11715
654964656516, 654964668276, 11760
655063492158, 655063506525, 14367
655162278324, 655162289499, 11175
655261134406, 655261146337, 11931
655359932469, 655359942642, 10173
655458789439, 655458800812, 11373
655557514603, 655557528520, 13917
655656619764, 655656651543, 31779
655755555836, 655755589793, 33957
655853979553, 655853989156, 9603
655889481188, 655889510708, 29520
655953003635, 655953014126, 10491
656051817390, 656051828052, 10662
656150502808, 656150510491, 7683
656249608539, 656249621154, 12615
656348371422, 656348386257, 14835
656450239416, 656450243334, 3918
656549388094, 656549414074, 25980
656644856960, 656644867880, 10920
656743709796, 656743720806, 11010
656842578329, 656842589177, 10848
656941394779, 656941407985, 13206
657040304627, 657040314770, 10143
657139047705, 657139058814, 11109
657237911659, 657237922378, 10719
657336782881, 657336803902, 21021
657435626139, 657435638949, 12810
657534604581, 657534634233, 29652
657633277015, 657633288820, 11805
657732152900, 657732165254, 12354
657830953436, 657830964212, 10776
657929760952, 657929773723, 12771
658028654275, 658028665120, 10845
658127515191, 658127525685, 10494
658226332756, 658226344126, 11370
658325176975, 658325188699, 11724
658424020647, 658424033271, 12624
658522897008, 658522907883, 10875
658621689645, 658621700583, 10938
658720543868, 658720554200, 10332
658819173102, 658819185750, 12648
658918255383, 658918267863, 12480
659017133682, 659017144026, 10344
659115914576, 659115925331, 10755
659214756304, 659214768109, 11805
659313481911, 659313492738, 10827
659412406417, 659412417319, 10902
659511798792, 659511817989, 19197
659610089984, 659610106202, 16218
659708942509, 659708955823, 13314
659807907552, 659807919417, 11865
659906420877, 659906429067, 8190
660005605334, 660005619980, 14646
660104302596, 660104316144, 13548
660203139332, 660203150690, 11358
660301938855, 660301949112, 10257
660400867080, 660400878711, 11631
660499674785, 660499686053, 11268
660598524976, 660598535188, 10212
660697348191, 660697360560, 12369
660796200573, 660796222704, 22131
660895004351, 660895017455, 13104
660993920655, 660993930825, 10170
661092746439, 661092759987, 13548
661191625285, 661191638629, 13344
661290381058, 661290390022, 8964
661389086730, 661389102231, 15501
661488125834, 661488137726, 11892
661586996843, 661587025442, 28599
661685795907, 661685807343, 11436
661784597327, 661784608247, 10920
661883471169, 661883489124, 17955
661982313021, 661982323125, 10104
662081147736, 662081162844, 15108
662180000086, 662180011651, 11565
662278790159, 662278800848, 10689
662377693546, 662377711150, 17604
662476529945, 662476544399, 14454
662575345671, 662575369137, 23466
662674180437, 662674193451, 13014
662773081410, 662773097559, 16149
662871866590, 662871880105, 13515
662970681567, 662970696828, 15261
663069531557, 663069542363, 10806
663168354104, 663168371111, 17007
663267331219, 663267365407, 34188
663366168363, 663366182172, 13809
663464738117, 663464750429, 12312
663563785278, 663563796813, 11535
663662627048, 663662652674, 25626
663761432135, 663761444333, 12198
663860316829, 663860331259, 14430
663959121441, 663959133345, 11904
664057997432, 664058009564, 12132
664156873635, 664156885164, 11529
664255678476, 664255690137, 11661
664354481711, 664354494509, 12798
664453462914, 664453469745, 6831
664551967862, 664551977207, 9345
664651043784, 664651057404, 13620
664749885611, 664749897308, 11697
664848484099, 664848492046, 7947
664950458681, 664950500624, 41943
665046364904, 665046377732, 12828
665145203527, 665145215650, 12123
665243892398, 665243906498, 14100
665342861875, 665342875552, 13677
665441768427, 665441782248, 13821
664968284910, 664968308379, 23469
665032434914, 665032444022, 9108
665062709414, 665062744610, 35196
665131247234, 665131255433, 8199
665160922138, 665160942022, 19884
665229960555, 665229964917, 4362
665268658133, 665268690872, 32739
665328940802, 665328948857, 8055
665359023463, 665359046122, 22659
665427781118, 665427790403, 9285
665458021967, 665458054928, 32961
665529676974, 665529683682, 6708
665558998900, 665559027655, 28755
665625773746, 665625795604, 21858
665655343443, 665655364590, 21147
665724330002, 665724338654, 8652
665753899786, 665753933521, 33735
665823134052, 665823142641, 8589
665852000897, 665852023481, 22584
665921405582, 665921422928, 17346
665951674809, 665951704191, 29382
666020818099, 666020845150, 27051
666046309357, 666046378432, 69075
666119481819, 666119508561, 26742
666151762913, 666151790810, 27897
666218163749, 666218173175, 9426
666251703321, 666251729058, 25737
666317870587, 666317883976, 13389
666346545852, 666346568883, 23031
666416513932, 666416520826, 6894
666515184631, 666515194009, 9378
666557713243, 666557755495, 42252
666613852048, 666613861000, 8952
666642583006, 666642613975, 30969
666712691804, 666712698182, 6378
666745912670, 666745935893, 23223
666811560620, 666811567616, 6996
666840539934, 666840574497, 34563
666910411642, 666910420252, 8610
666948402363, 666948427827, 25464
667009248612, 667009257456, 8844
667038472624, 667038495682, 23058
667108097689, 667108107661, 9972
667139973022, 667139995444, 22422
667206925397, 667206933479, 8082
667237706712, 667237729026, 22314
667305724434, 667305733674, 9240
667363682152, 667363706695, 24543
667404599629, 667404608353, 8724
667432596776, 667432617347, 20571
667503495780, 667503502524, 6744
667546364475, 667546388049, 23574
667602198720, 667602205428, 6708
667630719461, 667630740734, 21273
667701176921, 667701183323, 6402
667730839981, 667730864950, 24969
667799763014, 667799766989, 3975
667836046401, 667836078387, 31986
667898842517, 667898850443, 7926
667927891603, 667927913677, 22074
667997673008, 667997682749, 9741
668039039592, 668039058909, 19317
668096498151, 668096506677, 8526
668126077142, 668126106653, 29511
668195526272, 668195557127, 30855
668240588002, 668240612683, 24681
668294193107, 668294215115, 22008
668337269298, 668337302580, 33282
668393233784, 668393255615, 21831
668424691995, 668424713277, 21282
668491886381, 668491895321, 8940
668523207552, 668523229188, 21636
668590733818, 668590742281, 8463
668619591198, 668619638796, 47598
668689571615, 668689590884, 19269
668718871516, 668718892576, 21060
668788576696, 668788583518, 6822
668830510775, 668830532771, 21996
668887251288, 668887257528, 6240
668918812347, 668918839989, 27642
668986285970, 668986292240, 6270
669017577727, 669017607376, 29649
669084891302, 669084899405, 8103
669114735259, 669114756421, 21162
669183933037, 669183941053, 8016
669223357249, 669223381621, 24372
669282479242, 669282488887, 9645
669327917600, 669327949559, 31959
669381450250, 669381460150, 9900
669411871057, 669411905731, 34674
669480579498, 669480588726, 9228
669524544156, 669524564000, 19844
669579104635, 669579112759, 8124
669605843434, 669605869264, 25830
669677980590, 669677988999, 8409
669709465923, 669709487229, 21306
669777001714, 669777009757, 8043
669806709773, 669806742791, 33018
669875669534, 669875678342, 8808
669905176899, 669905281845, 104946
669974863563, 669974881608, 18045
670020782418, 670020803661, 21243
670073401556, 670073405879, 4323
670124444750, 670124468582, 23832
670171944772, 670171954840, 10068
670202012864, 670202034572, 21708
670270736811, 670270745514, 8703
670323574334, 670323615620, 41286
670369431244, 670369437268, 6024
670403225506, 670403247544, 22038
670468666005, 670468675803, 9798
670505105454, 670505128737, 23283
670567995211, 670568009623, 14412
670616590497, 670616616132, 25635
670666378937, 670666388771, 9834
670706871270, 670706896788, 25518
670765269396, 670765290324, 20928
670803878772, 670803899466, 20694
670864080245, 670864106846, 26601
670916086060, 670916109598, 23538
670962895182, 670962921060, 25878
670993119083, 670993139177, 20094
671061754938, 671061778578, 23640
671093720070, 671093741892, 21822
671160475359, 671160489348, 13989
671194950202, 671194973911, 23709
671259347550, 671259356854, 9304
671295552297, 671295574107, 21810
671358255356, 671358264860, 9504
671400500186, 671400524915, 24729
671457111079, 671457120127, 9048
671490355031, 671490375818, 20787
671555584722, 671555588331, 3609
671587517871, 671587538871, 21000
671654664979, 671654675383, 10404
671691206111, 671691228365, 22254
671753675621, 671753681153, 5532
671784710865, 671784731727, 20862
671852502699, 671852512485, 9786
671887585270, 671887607788, 22518
671951336475, 671951342073, 5598
671990180456, 671990204297, 23841
672050166951, 672050175201, 8250
672084351053, 672084372683, 21630
672149028091, 672149037178, 9087
672179489993, 672179513414, 23421
672247853709, 672247862955, 9246
672276586736, 672276608738, 22002
672346720519, 672346729042, 8523
672376801289, 672376824863, 23574
672445500787, 672445509943, 9156
672481678690, 672481709689, 30999
672544353142, 672544362115, 8973
672587897601, 672587920764, 23163
672643069517, 672643075157, 5640
672676419102, 672676447752, 28650
672742289872, 672742394872, 105000
672781913386, 672781938979, 25593
672841012965, 672841028871, 15906
672882486990, 672882507993, 21003
672939423382, 672939428539, 5157
672975314804, 672975336017, 21213
673038245550, 673038255480, 9930
673079297283, 673079321301, 24018
673137490271, 673137498770, 8499
673169079079, 673169100265, 21186
673236272437, 673236279232, 6795
673267337972, 673267358651, 20679
673335110666, 673335117659, 6993
673371534910, 673371560077, 25167
673433942490, 673433951487, 8997
673468060574, 673468096316, 35742
673532841429, 673532848260, 6831
673561430282, 673561451588, 21306
673631608089, 673631617812, 9723
673664585227, 673664606785, 21558
673730489476, 673730496577, 7101
673762415721, 673762440039, 24318
673829352241, 673829361787, 9546
673872169269, 673872190740, 21471
673928267884, 673928273773, 5889
673972282871, 673972315544, 32673
674026969499, 674026980299, 10800
674058167076, 674058187653, 20577
674125849519, 674125858849, 9330
674157575301, 674157597123, 21822
674224670778, 674224680045, 9267
674256190695, 674256213957, 23262
674323408422, 674323416780, 8358
674363526424, 674363564479, 38055
674422057184, 674422066388, 9204
674460910943, 674460938231, 27288
674521182097, 674521190230, 8133
674549486936, 674549506733, 19797
674620021125, 674620031097, 9972
674648924373, 674648945721, 21348
674718891008, 674718898727, 7719
674754572999, 674754594062, 21063
674817730286, 674817738536, 8250
674847954928, 674847976303, 21375
674916670988, 674916685181, 14193
674961688879, 674961713314, 24435
675015390621, 675015399312, 8691
675056028528, 675056056923, 28395
675114229619, 675114238427, 8808
675148031858, 675148053425, 21567
675213094786, 675213100879, 6093
675244922658, 675244944012, 21354
675311922746, 675311928521, 5775
675347894250, 675347919543, 25293
675410700106, 675410708494, 8388
675443050413, 675443070699, 20286
675509596200, 675509604264, 8064
675540600978, 675540623652, 22674
675608256108, 675608265339, 9231
675707274513, 675707302545, 28032
675738096726, 675738121356, 24630
675806116027, 675806145148, 29121
675839474200, 675839496991, 22791
675904968920, 675904999265, 30345
675935802142, 675935834110, 31968
676003793843, 676003823051, 29208
676047496576, 676047519034, 22458
676102632939, 676102659996, 27057
676136790747, 676136813589, 22842
676201497219, 676201525527, 28308
676240049603, 676240083917, 34314
676300556453, 676300584239, 27786
676335631303, 676335650812, 19509
676399386173, 676399412336, 26163
676429092461, 676429131758, 39297
676498016684, 676498042592, 25908
676540319726, 676540343060, 23334
676597140544, 676597179949, 39405
676639981216, 676640004778, 23562
676695709889, 676695734603, 24714
676725212344, 676725232345, 20001
676794517467, 676794541590, 24123
676824944160, 676824964413, 20253
676893409758, 676893434475, 24717
676921373908, 676921394818, 20910
676992224298, 676992247494, 23196
677019419264, 677019437726, 18462
677091061113, 677091089160, 28047
677126623459, 677126651176, 27717
677189887571, 677189914163, 26592
677218574361, 677218595604, 21243
677288761192, 677288787055, 25863
677317116930, 677317152201, 35271
677387567348, 677387593898, 26550
677415594969, 677415613503, 18534
677486537610, 677486554644, 17034
677531043280, 677531066242, 22962
677585499783, 677585543850, 44067
677615663321, 677615685371, 22050
677683602023, 677683608146, 6123
677716965244, 677716986811, 21567
677782603706, 677782612337, 8631
677813360812, 677813385790, 24978
677881765695, 677881774917, 9222
677924132087, 677924157020, 24933
677980668660, 677980674489, 5829
678011741631, 678011762004, 20373
678079309242, 678079315842, 6600
678122469377, 678122490725, 21348
678178336528, 678178345612, 9084
678207742524, 678207773310, 30786
678276993897, 678277001529, 7632
678319906322, 678319930355, 24033
678376103272, 678376137694, 34422
678428597139, 678428630169, 33030
678474570549, 678474575505, 4956
678504431502, 678504453285, 21783
678573744846, 678573753174, 8328
678618776777, 678618800714, 23937
678672224276, 678672227690, 3414
678771375744, 678771404832, 29088
678801408089, 678801432596, 24507
678870242313, 678870261348, 19035
678915536348, 678915561071, 24723
678969234653, 678969263684, 29031
678999386494, 678999407359, 20865
679067872807, 679067900290, 27483
679105848658, 679105870726, 22068
679166769886, 679166797417, 27531
679199082087, 679199111388, 29301
679265403930, 679265429715, 25785
679294376962, 679294397941, 20979
679364448152, 679364456060, 7908
679405889254, 679405913641, 24387
679463460654, 679463469705, 9051
679507562747, 679507584164, 21417
679561759998, 679561767447, 7449
679597618265, 679597642349, 24084
679660966148, 679660974119, 7971
679690830807, 679690855833, 25026
679759815836, 679759824023, 8187
679790305248, 679790348622, 43374
679858475558, 679858483871, 8313
679897667416, 679897693600, 26184
679957802559, 679957808595, 6036
679996643527, 679996665337, 21810
680056695453, 680056703469, 8016
680086471272, 680086492323, 21051
680155173134, 680155179197, 6063
680189929819, 680189968297, 38478
680253991811, 680254002761, 10950
680294432079, 680294465283, 33204
680352822471, 680352831663, 9192
680383374589, 680383395826, 21237
680451522334, 680451531472, 9138
680484129381, 680484150147, 20766
680550521490, 680550529620, 8130
680580111687, 680580132582, 20895
680649253420, 680649261844, 8424
680679959372, 680680010003, 50631
680748441727, 680748448354, 6627
680778941077, 680778980242, 39165
680847294112, 680847300679, 6567
680876767685, 680876787584, 19899
680946482529, 680946486285, 3756
680976246861, 680976283734, 36873
681044559880, 681044567791, 7911
681075609435, 681075634470, 25035
681143540438, 681143549813, 9375
681174576577, 681174610630, 34053
681242743469, 681242755643, 12174
681289437271, 681289461775, 24504
681341236555, 681341245372, 8817
681378605074, 681378626794, 21720
681439785205, 681439794661, 9456
681481863710, 681481886774, 23064
681538911529, 681538918699, 7170
681569665766, 681569691155, 25389
681637804827, 681637810443, 5616
681668216570, 681668239901, 23331
681736636582, 681736645981, 9399
681782627758, 681782664466, 36708
681835486605, 681835496319, 9714
681864311963, 681864345497, 33534
681934335167, 681934342166, 6999
681962882108, 681962912837, 30729
682033762017, 682033768767, 6750
682062666159, 682062686688, 20529
682131909771, 682131916641, 6870
682161789463, 682161822325, 32862
682230772162, 682230781561, 9399
682268688490, 682268711281, 22791
682329569897, 682329575645, 5748
682359259919, 682359279755, 19836
682428601088, 682428610793, 9705
682463990594, 682464012476, 21882
682527583769, 682527596606, 12837
682570063356, 682570086759, 23403
682626286039, 682626292939, 6900
682655250473, 682655288105, 37632
682724623231, 682724631235, 8004
682755291846, 682755328752, 36906
682824256508, 682824264434, 7926
682865178196, 682865198560, 20364
682922726897, 682922734646, 7749
682961560331, 682961584304, 23973
683021551155, 683021559663, 8508
683048915628, 683048934513, 18885
683120346588, 683120371287, 24699
683152519560, 683152545087, 25527
683219443248, 683219467014, 23766
683248537565, 683248556600, 19035
683318087647, 683318112529, 24882
683355122942, 683355147332, 24390
683416926008, 683416934984, 8976
683445979920, 683446019322, 39402
683515778858, 683515785419, 6561
683544465335, 683544488531, 23196
683614816216, 683614822804, 6588
683657231281, 683657253238, 21957
683713647125, 683713654109, 6984
683743243959, 683743266048, 22089
683812299310, 683812306450, 7140
683842251473, 683842272065, 20592
683911152467, 683911159451, 6984
683954572743, 683954594709, 21966
684009882099, 684009888252, 6153
684047080505, 684047105015, 24510
684108819459, 684108826095, 6636
684137972975, 684137995679, 22704
684207647780, 684207657530, 9750
684236620488, 684236655882, 35394
684306743799, 684306750894, 7095
684405012801, 684405021792, 8991
684434431842, 684434459778, 27936
684504529906, 684504542065, 12159
684549219486, 684549244008, 24522
684602723804, 684602728421, 4617
684634260372, 684634282575, 22203
684701875657, 684701881828, 6171
684732165040, 684732187747, 22707
684800397109, 684800405722, 8613
684856154345, 684856180763, 26418
684899389332, 684899403897, 14565
684944467091, 684944491775, 24684
684998393311, 684998401594, 8283
685026427655, 685026447554, 19899
685097230165, 685097237092, 6927
685133735223, 685133787711, 52488
685196082992, 685196089115, 6123
685224442772, 685224465002, 22230
685294915627, 685294922455, 6828
685323004191, 685323026394, 22203
685393747906, 685393757233, 9327
685424525212, 685424547715, 22503
685492587914, 685492611932, 24018
685521254203, 685521275170, 20967
685591432427, 685591457465, 25038
685623347659, 685623371275, 23616
685690286525, 685690295861, 9336
685721785526, 685721809115, 23589
685789114386, 685789136910, 22524
685818033416, 685818053987, 20571
685887963535, 685887987691, 24156
685919305305, 685919332551, 27246
685986811480, 685986821836, 10356
686015620648, 686015640946, 20298
686085147355, 686085165805, 18450
686117785678, 686117807818, 22140
686184465227, 686184489059, 23832
686215116389, 686215141256, 24867
686283142065, 686283167553, 25488
686313507315, 686313527523, 20208
686382079274, 686382103319, 24045
686480839983, 686480867304, 27321
686510920942, 686510948311, 27369
686579833866, 686579843334, 9468
686613179103, 686613202401, 23298
686678666110, 686678673670, 7560
686706040508, 686706061652, 21144
686777580430, 686777590537, 10107
686807323347, 686807348490, 25143
686876365698, 686876398713, 33015
686906947283, 686906972000, 24717
686975207964, 686975243121, 35157
687016509069, 687016531641, 22572
687074043022, 687074077639, 34617
687115468425, 687115488804, 20379
687172873025, 687172907684, 34659
687204512739, 687204552852, 40113
687271703084, 687271737746, 34662
687301981230, 687302002599, 21369
687370552682, 687370583843, 31161
687403331023, 687403354504, 23481
687469405783, 687469436254, 30471
687500476327, 687500496100, 19773
687568250041, 687568280014, 29973
687598607576, 687598629866, 22290
687667093126, 687667120627, 27501
687706805087, 687706835342, 30255
687765936400, 687765962248, 25848
687797410503, 687797433534, 23031
687864795227, 687864825524, 30297
687963613102, 687963640636, 27534
688009750487, 688009777508, 27021
688062472529, 688062518357, 45828
688101144499, 688101163927, 19428
688161295164, 688161321510, 26346
688260167203, 688260177382, 10179
688296820299, 688296848340, 28041
688358971132, 688359000394, 29262
688394805733, 688394828647, 22914
688457815510, 688457832724, 17214
688490437071, 688490460357, 23286
688556456422, 688556479747, 23325
688596217203, 688596240333, 23130
688655304856, 688655332219, 27363
688702865052, 688702886586, 21534
688754374670, 688754413610, 38940
688788296552, 688788318179, 21627
688853484712, 688853531137, 46425
688892384448, 688892406969, 22521
688952096632, 688952105662, 9030
688991904820, 688991930563, 25743
689050868591, 689050953857, 85266
689086997644, 689087021524, 23880
689149751112, 689149775562, 24450
689184200961, 689184223620, 22659
689248278900, 689248306131, 27231
689286906430, 689286926479, 20049
689347433382, 689347458714, 25332
689380385365, 689380407934, 22569
689446195700, 689446219622, 23922
689481256479, 689481284775, 28296
689545086768, 689545109658, 22890
689583900036, 689583936729, 36693
689643926517, 689643951027, 24510
689683674059, 689683797014, 122955
689742745930, 689742770650, 24720
689777025077, 689777049263, 24186
689841634375, 689841658888, 24513
689872159074, 689872180029, 20955
689940453244, 689940477997, 24753
689972660098, 689972707882, 47784
690039316730, 690039326501, 9771
690070915498, 690070952080, 36582
690138132601, 690138141838, 9237
690173289836, 690173312519, 22683
690236914306, 690236920498, 6192
690280964880, 690281001414, 36534
690335681470, 690335690272, 8802
690365965248, 690365987649, 22401
690434529382, 690434539021, 9639
690480385312, 690480413521, 28209
690533512916, 690533530781, 17865
690579067488, 690579126792, 59304
690632049000, 690632057370, 8370
690680148952, 690680174410, 25458
690731173459, 690731182660, 9201
690781029260, 690781054025, 24765
690830051561, 690830066012, 14451
690871503935, 690871525163, 21228
690928840687, 690928849195, 8508
691027426385, 691027452071, 25686
691072088693, 691072116431, 27738
691126784357, 691126840490, 56133
691164560988, 691164583593, 22605
691225365383, 691225385195, 19812
691260831551, 691260856322, 24771
691338213998, 691338295241, 81243
691436997542, 691437083219, 85677
691535626213, 691535631604, 5391
691634757422, 691634770562, 13140
691733602231, 691733616088, 13857
691832386116, 691832398284, 12168
691931176003, 691931188102, 12099
692030026448, 692030038016, 11568
692128981975, 692128998679, 16704
692227791134, 692227801763, 10629
692326683289, 692326694284, 10995
692425208666, 692425218305, 9639
692510016568, 692510022919, 6351
692543839062, 692543865567, 26505
692609165442, 692609196675, 31233
692636629673, 692636649194, 19521
692707966894, 692707998682, 31788
692747752265, 692747775341, 23076
692806817789, 692806849199, 31410
692837037013, 692837063281, 26268
692905677584, 692905687684, 10100
692938990477, 692939014750, 24273
693004522512, 693004553400, 30888
693034863905, 693034884521, 20616
693103437283, 693103453933, 16650
693146885029, 693146919742, 34713
693202146826, 693202179040, 32214
693232578263, 693232599230, 20967
693301013368, 693301039114, 25746
693330237011, 693330258071, 21060
693399863390, 693399891914, 28524
693432761277, 693432784152, 22875
693498741766, 693498770848, 29082
693527366953, 693527388703, 21750
693597577329, 693597604839, 27510
693642922035, 693642947274, 25239
693696423418, 693696431695, 8277
693725284885, 693725307001, 22116
693794654561, 693794659730, 5169
693835863707, 693835886600, 22893
693894072959, 693894097217, 24258
693936088041, 693936110544, 22503
693992936054, 693992963600, 27546
694033602603, 694033626144, 23541
694091492724, 694091540361, 47637
694126632648, 694126654365, 21717
694190638517, 694190667680, 29163
694220936988, 694220975307, 38319
694289177074, 694289271305, 94231
694332394032, 694332435552, 41520
694388040388, 694388053459, 13071
694420769973, 694420792152, 22179
694487156936, 694487196671, 39735
694515504157, 694515523726, 19569
694585610726, 694585623167, 12441
694623773063, 694623798386, 25323
694684877145, 694684902087, 24942
694713944341, 694713966940, 22599
694783656112, 694783663804, 7692
694816724862, 694816747689, 22827
694882256696, 694882268057, 11361
694928507634, 694928541483, 33849
694981182647, 694981191653, 9006
695010175009, 695010195655, 20646
695080187969, 695080195826, 7857
695112561700, 695112582751, 21051
695178990128, 695178998570, 8442
695210680577, 695210708477, 27900
695277857618, 695277866579, 8961
695309414658, 695309447001, 32343
695376699259, 695376707722, 8463
695414576559, 695414599236, 22677
695475543604, 695475553171, 9567
695504336973, 695504358624, 21651
695574377764, 695574400153, 22389
695621380479, 695621403864, 23385
695673211561, 695673233341, 21780
695701229852, 695701248425, 18573
695771800423, 695771846968, 46545
695811435732, 695811458754, 23022
695870905282, 695870913940, 8658
695904024136, 695904059647, 35511
695969807609, 695969816249, 8640
695998665795, 695998693428, 27633
696068594573, 696068616662, 22089
696097602826, 696097624570, 21744
696167591049, 696167606880, 15831
696196637786, 696196668161, 30375
696266262672, 696266270248, 7576
696305983308, 696306008763, 25455
696364779504, 696364785372, 5868
696396587727, 696396616968, 29241
696463973380, 696463981876, 8496
696494820187, 696494853592, 33405
696562798025, 696562807232, 9207
696592181491, 696592201042, 19551
696661667534, 696661674677, 7143
696695756621, 696695780198, 23577
696760427218, 696760435501, 8283
696791219192, 696791253701, 34509
696859346351, 696859357715, 11364
696887341474, 696887360104, 18630
696958179860, 696958187924, 8064
696996179365, 696996202528, 23163
697057008551, 697057017986, 9435
697099389250, 697099410034, 20784
697155853380, 697155860589, 7209
697197729475, 697197752803, 23328
697254836215, 697254847333, 11118
697285035837, 697285055589, 19752
697353637199, 697353646046, 8847
697399116638, 697399140344, 23706
697452284310, 697452290961, 6651
697483896972, 697483920912, 23940
697551208039, 697551217663, 9624
697581932494, 697581954703, 22209
697650051858, 697650079668, 27810
697682925075, 697682951262, 26187
697748900670, 697748929134, 28464
697781060732, 697781095610, 34878
697847796303, 697847805453, 9150
697878208728, 697878231252, 22524
697946523020, 697946542412, 19392
697980254853, 697980276429, 21576
698045429159, 698045457875, 28716
698074249990, 698074285129, 35139
698144291428, 698144318551, 27123
698184345159, 698184369366, 24207
698242887773, 698242924409, 36636
698279621644, 698279642998, 21354
698341868555, 698341907906, 39351
698373651763, 698373672622, 20859
698440910062, 698440944268, 34206
698473353644, 698473375868, 22224
698540057916, 698540068146, 10230
698575297388, 698575321073, 23685
698638508332, 698638515382, 7050
698669011521, 698669034756, 23235
698737546903, 698737554115, 7212
698778437232, 698778464076, 26844
698836163751, 698836170075, 6324
698869407120, 698869428864, 21744
698934941205, 698934950451, 9246
698966408231, 698966431556, 23325
699033812363, 699033819179, 6816
699073200218, 699073224107, 23889
699132681328, 699132690256, 8928
699173588798, 699173611133, 22335
699231511469, 699231520853, 9384
699261114949, 699261141127, 26178
699330319155, 699330327894, 8739
699361564447, 699361600711, 36264
699429426372, 699429434961, 8589
699458325030, 699458346894, 21864
699528198563, 699528206279, 7716
699565717512, 699565740957, 23445
699627433409, 699627441954, 8545
699658986256, 699659008675, 22419
699725697457, 699725707144, 9687
699767712660, 699767735361, 22701
699824871144, 699824875200, 4056
699857490847, 699857511187, 20340
699923625680, 699923632613, 6933
699963862154, 699963902969, 40815
700022419442, 700022426042, 6600
700069174200, 700069204158, 29958
700121284114, 700121293159, 9045
700176088780, 700176131944, 43164
700233873994, 700233888970, 14976
700332724463, 700332735065, 10602
700431348862, 700431354913, 6051
700530196093, 700530204019, 7926
700629265627, 700629277474, 11847
700728131147, 700728141839, 10692
700826924092, 700826935630, 11538
700925963096, 700925977072, 13976
701024723323, 701024733529, 10206
701123395700, 701123407511, 11811
701222287424, 701222298710, 11286
701321133175, 701321144266, 11091
701419783658, 701419794818, 11160
701518861302, 701518892718, 31416
701617651479, 701617664721, 13242
701716515221, 701716529141, 13920
701815394153, 701815405700, 11547
701914209756, 701914222434, 12678
702012993047, 702013004732, 11685
702111920932, 702111955972, 35040
702210732161, 702210744659, 12498
702309546524, 702309558473, 11949
702408204119, 702408211871, 7752
702507254984, 702507266555, 11571
702606064994, 702606077177, 12183
702704879236, 702704891584, 12348
702803805888, 702803819637, 13749
702902602909, 702902616043, 13134
703001430266, 703001442260, 11994
703100113336, 703100128462, 15126
703199161316, 703199177318, 16002
703231698158, 703231724852, 26694
703297924915, 703297937497, 12582
703396781280, 703396800714, 19434
703495628247, 703495641822, 13575
703594496178, 703594508367, 12189
703693418180, 703693436339, 18159
703792151375, 703792163225, 11850
703891911244, 703891914628, 3384
703989842116, 703989855382, 13266
704088646457, 704088657851, 11394
704187395310, 704187406542, 11232
704286314387, 704286327401, 13014
704385225936, 704385237990, 12054
704484036616, 704484050464, 13848
704582950216, 704582966020, 15804
704683064548, 704683079044, 14496
704780381342, 704780392385, 11043
704879434815, 704879446977, 12162
704978365602, 704978421453, 55851
705077140917, 705077153985, 13068
705175967710, 705175982110, 14400
705274811606, 705274822697, 11091
705373597790, 705373608140, 10350
705472494620, 705472505387, 10767
705571331325, 705571341465, 10140
705670123911, 705670134624, 10713
705769017461, 705769029665, 12204
705867799700, 705867809648, 9948
705966647804, 705966658508, 10704
706065615812, 706065629285, 13473
706164335412, 706164364704, 29292
706263181876, 706263193030, 11154
706291352329, 706291376464, 24135
706362061202, 706362073124, 11922
706460705963, 706460717372, 11409
706559745148, 706559759206, 14058
706658548022, 706658559830, 11808
706757425125, 706757436216, 11091
706856441888, 706856468933, 27045
706955105573, 706955115509, 9936
707053911751, 707053925038, 13287
707152825213, 707152834744, 9531
707251599789, 707251613025, 13236
707350374269, 707350404434, 30165
707449335739, 707449352110, 16371
707548093053, 707548113750, 20697
707647005831, 707647022067, 16236
707745838673, 707745853106, 14433
707844727154, 707844751610, 24456
707943708388, 707943721510, 13122
708042361142, 708042374843, 13701
708141207473, 708141220796, 13323
708240061064, 708240075965, 14901
708338853719, 708338867108, 13389
708437522477, 708437531627, 9150
708536562074, 708536574704, 12630
708635409663, 708635421891, 12228
708734130746, 708734140586, 9840
708833066488, 708833078770, 12282
708932087911, 708932143984, 56073
709030764113, 709030780889, 16776
709129625574, 709129638438, 12864
709228453852, 709228465534, 11682
709327331673, 709327343757, 12084
709366161520, 709366194823, 33303
709426126697, 709426140836, 14139
709524999623, 709525012439, 12816
709623838009, 709623841357, 3348
709722431426, 709722441668, 10242
709754936084, 709754966393, 30309
709821513005, 709821525026, 12021
709920335417, 709920393785, 58368
710019200658, 710019212559, 11901
710118048584, 710118060479, 11895
710216940426, 710216956350, 15924
710315830414, 710315858905, 28491
710414506776, 710414543223, 36447
710513162950, 710513173348, 10398
710612228830, 710612239321, 10491
710711053214, 710711062463, 9249
710809734550, 710809749451, 14901
710908675525, 710908686202, 10677
711007598797, 711007614313, 15516
711106454930, 711106470821, 15891
711205259881, 711205275511, 15630
711304458957, 711304477950, 18993
711402973741, 711402986281, 12540
711501901528, 711501917473, 15945
711600584248, 711600595489, 11241
711699494679, 711699510888, 16209
711798396217, 711798407692, 11475
711897175767, 711897187560, 11793
711996004552, 711996017170, 12618
712094873746, 712094885797, 12051
712193512621, 712193528749, 16128
712292583883, 712292598736, 14853
712391398815, 712391410533, 11718
712419082686, 712419106725, 24039
712489976378, 712489981196, 4818
712589038249, 712589050618, 12369
712687711755, 712687719621, 7866
712786762079, 712786775888, 13809
712885726456, 712885740328, 13872
712984423037, 712984435736, 12699
713083299718, 713083313227, 13509
713182075615, 713182087171, 11556
713280762189, 713280777015, 14826
713379764493, 713379776487, 11994
713478610119, 713478670494, 60375
713577462924, 713577466065, 3141
713676279563, 713676294470, 14907
713775282856, 713775329914, 47058
713873995115, 713874011243, 16128
713972815745, 713972829812, 14067
714071711260, 714071727997, 16737
714170468327, 714170481932, 13605
714269345582, 714269359619, 14037
714368198143, 714368211571, 13428
714467067339, 714467079906, 12567
714565870881, 714565884108, 13227
714664547083, 714664561246, 14163
714763533136, 714763545118, 11982
714862369254, 714862392039, 22785
714961264977, 714961276650, 11673
715060087820, 715060099688, 11868
715158858160, 715158872596, 14436
715257718662, 715257730278, 11616
715356637099, 715356649810, 12711
715456313778, 715456331427, 17649
715554301402, 715554313165, 11763
715653173374, 715653186886, 13512
715752045409, 715752058495, 13086
715836537628, 715836565006, 27378
715863252545, 715863274910, 22365
715935657732, 715935690471, 32739
715970872808, 715970907988, 35180
716034212404, 716034244627, 32223
716072666783, 716072692964, 26181
716133373027, 716133402895, 29868
716177690652, 716177709891, 19239
716232233844, 716232243651, 9807
716264447203, 716264478433, 31230
716331111032, 716331150515, 39483
716376098889, 716376124551, 25662
716429634194, 716429637338, 3144
716465356375, 716465377576, 21201
716528735454, 716528772990, 37536
716574208274, 716574231170, 22896
716627568998, 716627605946, 36948
716666679835, 716666704270, 24435
716726156452, 716726203711, 47259
716771620483, 716771647387, 26904
716825211166, 716825263630, 52464
716873213967, 716873236170, 22203
716924070619, 716924101480, 30861
716963829999, 716963852532, 22533
717022881344, 717022913054, 31710
717057646276, 717057669538, 23262
717121795744, 717121825864, 30120
717152920394, 717152942054, 21660
717220456252, 717220462804, 6552
717262722887, 717262762841, 39954
717319467563, 717319474913, 7350
717360503447, 717360535415, 31968
717418238128, 717418253071, 14943
717452316634, 717452339242, 22608
717517164679, 717517172962, 8283
717557311520, 717557345132, 33612
717615977671, 717615986884, 9213
717651172234, 717651194800, 22566
717714844078, 717714853132, 9054
717750174531, 717750194835, 20304
717813666553, 717813674080, 7527
717848400002, 717848423852, 23850
717912575963, 717912604844, 28881
717943594723, 717943614898, 20175
718011363943, 718011392131, 28188
718047112272, 718047133374, 21102
718110278868, 718110292698, 13830
718153496732, 718153523690, 26958
718208890758, 718208910786, 20028
718252453712, 718252477115, 23403
718307732683, 718307743279, 10596
718347924857, 718347948137, 23280
718406531944, 718406549188, 17244
718444196009, 718444220783, 24774
718505495682, 718505509581, 13899
718604450065, 718604479993, 29928
718649754377, 718649783588, 29211
718703400053, 718703437856, 37803
718751122113, 718751147640, 25527
718802363809, 718802368840, 5031
718834494531, 718834532001, 37470
718900749499, 718900768678, 19179
718942450158, 718942470327, 20169
719000072652, 719000118075, 45423
719050739276, 719050760582, 21306
719098735146, 719098796856, 61710
719132072484, 719132118573, 46089
719197703335, 719197761289, 57954
719245603823, 719245628663, 24840
719296306096, 719296320736, 14640
719347206322, 719347230625, 24303
719395124487, 719395155744, 31257
719434386204, 719434407813, 21609
719493979844, 719494015292, 35448
719528143968, 719528169687, 25719
719592828120, 719592862356, 34236
719634453512, 719634481643, 28131
719691645581, 719691683159, 37578
719725073298, 719725110420, 37122
719790696406, 719790730606, 34200
719835504726, 719835532590, 27864
719889365633, 719889371804, 6171
719922410084, 719922431219, 21135
719987846375, 719987882027, 35652
720029291058, 720029345766, 54708
720087011148, 720087041562, 30414
720122104377, 720122128602, 24225
720185870227, 720185902633, 32406
720218377186, 720218398636, 21450
720284663780, 720284697815, 34035
720316512093, 720316598829, 86736
720383273405, 720383316201, 42796
720420776570, 720420798224, 21654
720482315820, 720482345829, 30009
720525240650, 720525262295, 21645
720581215784, 720581227460, 11676
720610240243, 720610258912, 18669
720680286522, 720680314494, 27972
720722787266, 720722825090, 37824
720778911797, 720778940570, 28773
720811443874, 720811465141, 21267
720877761212, 720877832771, 71559
720909603968, 720909627236, 23268
720976679136, 720976709103, 29967
721009200977, 721009222154, 21177
721075419054, 721075447278, 28224
721106824305, 721106856612, 32307
721174279702, 721174308100, 28398
721204361101, 721204381642, 20541
721273128387, 721273155147, 26760
721304969581, 721305013255, 43674
721372240696, 721372279060, 38364
721403997827, 721404021137, 23310
721470935330, 721470943358, 8028
721503162362, 721503194867, 32505
721569789231, 721569817275, 28044
721669005171, 721669031457, 26286
721722652687, 721722681004, 28317
721767595751, 721767624602, 28851
721812058449, 721812087705, 29256
721866171772, 721866180586, 8814
721906623440, 721906648781, 25341
721964808063, 721964811681, 3618
722001278905, 722001301981, 23076
722063853080, 722063862203, 9123
722094554433, 722094593697, 39264
722162443728, 722162455089, 11361
722212180132, 722212203634, 23502
722261521361, 722261530583, 9222
722294198439, 722294221803, 23364
722360210660, 722360239556, 28896
722408197303, 722408233906, 36603
722459203331, 722459225771, 22440
722496083023, 722496105793, 22770
722558189218, 722558230417, 41199
722608373705, 722608394183, 20478
722656714063, 722656744183, 30120
722707161566, 722707180871, 19305
722755491337, 722755513423, 22086
722810678504, 722810708128, 29624
722868342571, 722868353533, 10962
722967367708, 722967378859, 11151
723066193900, 723066205336, 11436
723164877167, 723164892275, 15108
723264032509, 723264047809, 15300
723362757234, 723362769267, 12033
723462416299, 723462429358, 13059
723560447072, 723560457197, 10125
723659284158, 723659297550, 13392
723758155756, 723758191135, 35379
723856919769, 723856929984, 10215
723955806462, 723955818579, 12117
724054638817, 724054650946, 12129
724153484800, 724153497502, 12702
724252324499, 724252336892, 12393
724351169099, 724351179503, 10404
724450026236, 724450039304, 13068
724548843023, 724548853103, 10080
724647510200, 724647526349, 16149
724681919507, 724681944638, 25131
724746537856, 724746549211, 11355
724845432423, 724845450513, 18090
724944044484, 724944056742, 12258
725043039237, 725043049932, 10695
725141905255, 725141917378, 12123
725240747727, 725240758800, 11073
725339494513, 725339530642, 36129
725438371569, 725438384985, 13416
725537266544, 725537279735, 13191
725636129924, 725636145242, 15318
725734955200, 725734970965, 15765
725833814646, 725833826802, 12156
725932585959, 725932598097, 12138
726031584412, 726031599523, 15111
726130142663, 726130156586, 13923
726228976078, 726228991987, 15909
726327982643, 726327994631, 11988
726426838918, 726426851428, 12510
726525602760, 726525613845, 11085
726624486839, 726624512384, 25545
726723358634, 726723370466, 11832
726822261388, 726822274903, 13515
726920957837, 726920980442, 22605
727019881313, 727019893136, 11823
727118681641, 727118692888, 11247
727217554932, 727217569005, 14073
727316362109, 727316373521, 11412
727415355861, 727415374941, 19080
727514112755, 727514126135, 13380
727612844208, 727612857447, 13239
727711595443, 727711610032, 14589
727744472859, 727744502517, 29658
727810541067, 727810554783, 13716
727909486503, 727909501044, 14541
728008262742, 728008274322, 11580
728107129433, 728107140665, 11232
728206032031, 728206044451, 12420
728304813377, 728304827180, 13803
728403661857, 728403672333, 10476
728502331801, 728502341377, 9576
728601337746, 728601351039, 13293
728700305381, 728700327299, 21918
728798976523, 728798989864, 13341
728897822683, 728897836021, 13338
728996726930, 728996739194, 12264
729095538823, 729095551738, 12915
729194354928, 729194366685, 11757
729293055953, 729293072717, 16764
729392030102, 729392042951, 12849
729490841402, 729490873109, 31707
729589755302, 729589766540, 11238
729688567654, 729688579522, 11868
729787468852, 729787482304, 13452
729886278204, 729886289451, 11247
729985169389, 729985195954, 26565
730083925668, 730083938682, 13014
730182794518, 730182806590, 12072
730281612443, 730281622607, 10164
730380582117, 730380591807, 9690
730479410796, 730479430785, 19989
730578194541, 730578208863, 14322
730676985118, 730676996188, 11070
730775868681, 730775879613, 10932
730807171635, 730807203663, 32028
730874469936, 730874478783, 8847
730973357026, 730973372827, 15801
731072439910, 731072450851, 10941
731171272749, 731171285187, 12438
731270058112, 731270079448, 21336
731368894408, 731368906669, 12261
731467982249, 731467992221, 9972
731566563178, 731566575349, 12171
731665538000, 731665558463, 20463
731764402205, 731764448156, 45951
731863087559, 731863103240, 15681
731964233421, 731964267312, 33891
732060799385, 732060813245, 13860
732159633096, 732159694512, 61416
732258421359, 732258434745, 13386
732357292515, 732357305076, 12561
732456125564, 732456136958, 11394
732554968191, 732554979762, 11571
732653786840, 732653816123, 29283
732684202005, 732684228732, 26727
732752643745, 732752655940, 12195
732851525010, 732851549634, 24624
732950346253, 732950426944, 80691
733049172842, 733049185034, 12192
733148055461, 733148067209, 11748
733246894151, 733246905956, 11805
733345756119, 733345765167, 9048
733444527182, 733444538120, 10938
733543498816, 733543513768, 14952
733642260205, 733642277974, 17769
733741062501, 733741074441, 11940
733840359056, 733840444300, 85244
733876331643, 733876355712, 24069
733938764414, 733938776078, 11664
734037623678, 734037635792, 12114
734136539944, 734136561661, 21717
734188934535, 734188962582, 28047
734235123245, 734235140183, 16938
734289451940, 734289458789, 6849
734289479648, 734289480998, 1350
734319598369, 734319613834, 15465
734325649635, 734325656310, 6675
734330321655, 734330323776, 2121
734375002258, 734375033059, 30801
734419053494, 734419115552, 62058
734463395076, 734463421272, 26196
734517869727, 734517904968, 35241
734549846031, 734549870421, 24390
734616407655, 734616439389, 31734
734648241192, 734648261835, 20643
734715176780, 734715211841, 35061
734750889784, 734750914444, 24660
734814407919, 734814444930, 37011
734853728139, 734853750321, 22182
734913494000, 734913526679, 32679
734947606974, 734947630365, 23391
735012010655, 735012027002, 16347
735047014002, 735047046102, 32100
735110935776, 735110949027, 13251
735140758706, 735140781572, 22866
735209773486, 735209780323, 6837
735258158036, 735258181505, 23469
735308545954, 735308551645, 5691
735343240525, 735343278049, 37524
735406916630, 735406925402, 8772
735450138815, 735450160835, 22020
735506279170, 735506285566, 6396
735550189551, 735550221276, 31725
735605102845, 735605109277, 6432
735637615634, 735637636094, 20460
735703722017, 735703729244, 7227
735746814431, 735746837633, 23202
735802781967, 735802791948, 9981
735834403591, 735834432856, 29265
735901618522, 735901627039, 8517
736000135575, 736000139673, 4098
736030356087, 736030382013, 25926
736099307765, 736099315745, 7980
736133169615, 736133192757, 23142
736198151803, 736198162423, 10620
736228533507, 736228555806, 22299
736296921769, 736296930574, 8805
736337142020, 736337173226, 31206
736395866045, 736395875018, 8973
736425074370, 736425106362, 31992
736494550250, 736494558704, 8454
736535232941, 736535257280, 24339
736593517846, 736593526828, 8982
736623291365, 736623311609, 20244
736692189783, 736692195246, 5463
736725098360, 736725134498, 36138
736791248742, 736791257313, 8571
736825562473, 736825586512, 24039
736890064541, 736890075541, 11000
736988729381, 736988761967, 32586
737021083970, 737021112404, 28434
737087740574, 737087768636, 28062
737117915550, 737117936718, 21168
737186556037, 737186582878, 26841
737220716229, 737220739341, 23112
737285180066, 737285211236, 31170
737329187785, 737329228171, 40386
737384257096, 737384288125, 31029
737413454735, 737413477310, 22575
737483102953, 737483133397, 30444
737518448458, 737518469380, 20922
737582058953, 737582100572, 41619
737628421462, 737628446797, 25335
737680787984, 737680818380, 30396
737716759034, 737716783424, 24390
737779824795, 737779842966, 18171
737810500733, 737810521952, 21219
737878471069, 737878500955, 29886
737911029421, 737911051336, 21915
737977112654, 737977139513, 26859
738017024573, 738017058020, 33447
738075921733, 738075952297, 30564
738125941456, 738125976829, 35373
738175029667, 738175043203, 13536
738223104279, 738223126572, 22293
738273813144, 738273839760, 26616
738312362039, 738312386120, 24081
738372596939, 738372626213, 29274
738407765978, 738407792315, 26337
738471560508, 738471594813, 34305
738503087342, 738503110091, 22749
738570375302, 738570385727, 10425
738603251866, 738603274120, 22254
738669194901, 738669220497, 25596
738709731179, 738709754966, 23787
738768052012, 738768076804, 24792
738807406212, 738807428352, 22140
738866596068, 738866622750, 26682
738899306011, 738899330446, 24435
738965738346, 738965763900, 25554
739064003287, 739064006761, 3474
739078324051, 739078338325, 14274
739177475509, 739177572643, 97134
739276176291, 739276188027, 11736
739375083689, 739375097300, 13611
739473903109, 739473915817, 12708
739572730230, 739572742230, 12000
739671644064, 739671661635, 17571
739770457072, 739770469300, 12228
739869213255, 739869226026, 12771
739968130474, 739968143524, 13050
740000095034, 740000121278, 26244
740066895653, 740066907737, 12084
740165586594, 740165602899, 16305
740200097973, 740200142271, 44298
740264690202, 740264702835, 12633
740349171723, 740349184923, 13200
740389971106, 740390000500, 29394
740448195099, 740448216201, 21102
740501844163, 740501866735, 22572
740547144531, 740547174885, 30354
740577468705, 740577491067, 22362
740646386329, 740646414085, 27756
740685910442, 740685937322, 26880
740744846644, 740744867884, 21240
740789432062, 740789473591, 41529
740843703885, 740843736372, 32487
740897552399, 740897574869, 22470
740942511686, 740942540669, 28983
740982408195, 740982431817, 23622
741041375094, 741041403336, 28242
741091732658, 741091755236, 22578
741140284060, 741140311705, 27645
741171980386, 741172004098, 23712
741239413640, 741239448539, 34899
741289467718, 741289490287, 22569
741337890783, 741337918053, 27270
741382801771, 741382839361, 37590
741436657382, 741436687274, 29892
741469190994, 741469212039, 21045
741535460266, 741535467763, 7497
741567646292, 741567668030, 21738
741634549405, 741634578211, 28806
741669200354, 741669239984, 39630
741733513218, 741733541397, 28179
741765461631, 741765488910, 27279
741832102969, 741832130731, 27762
741864229723, 741864271696, 41973
741930918640, 741930946870, 28230
741959703140, 741959720858, 17718
742029783087, 742029799530, 16443
742061674310, 742061695181, 20871
742128489637, 742128496528, 6891
742171299225, 742171322865, 23640
742227503363, 742227507209, 3846
742259937693, 742259956458, 18765
742325935477, 742325947375, 11898
742359066889, 742359087286, 20397
742424836925, 742424844539, 7614
742458191621, 742458226211, 34590
742524052704, 742524061188, 8484
742555068342, 742555090320, 21978
742622875812, 742622886009, 10197
742669206467, 742669228958, 22491
742721863539, 742721877927, 14388
742765348572, 742765371945, 23373
742820533017, 742820541450, 8433
742857164281, 742857188335, 24054
742919364652, 742919373472, 8820
742950816782, 742950837980, 21198
743018232469, 743018241211, 8742
743116998690, 743117028891, 30201
743149141419, 743149169235, 27816
743215918921, 743215927954, 9033
743248047893, 743248069703, 21810
743314748947, 743314764826, 15879
743356827755, 743356850816, 23061
743413634792, 743413666448, 31656
743447423713, 743447445586, 21873
743512445564, 743512480493, 34929
743545554651, 743545575957, 21306
743611263890, 743611298402, 34512
743644410436, 743644432879, 22443
743710128633, 743710173258, 44625
743742828797, 743742850232, 21435
743809021936, 743809070995, 49059
743841017020, 743841038956, 21936
743907797711, 743907836228, 38517
743953351715, 743953375712, 23997
744006507432, 744006540498, 33066
744038815839, 744038837967, 22128
744105292278, 744105316434, 24156
744142234922, 744142260044, 25122
744204351804, 744204361536, 9732
744237214434, 744237252984, 38550
744303390653, 744303425396, 34743
744332336216, 744332353199, 16983
744402165861, 744402195432, 29571
744435096886, 744435136717, 39831
744500814727, 744500845837, 31110
744532760679, 744532782108, 21429
744599718168, 744599722545, 4377
744634194238, 744634217794, 23556
744698471267, 744698479757, 8490
744734052279, 744734075190, 22911
744797400959, 744797409314, 8355
744829671318, 744829690431, 19113
744896190996, 744896200551, 9555
744927628774, 744927660265, 31491
744995310450, 744995321295, 10845
745026706803, 745026728286, 21483
745093866180, 745093876281, 10101
745127628377, 745127677112, 48735
745192685539, 745192693687, 8148
745234144017, 745234181145, 37128
745291569348, 745291579152, 9804
745322736702, 745322757795, 21093
745389981947, 745389991271, 9324
745436812131, 745436843598, 31467
745489502475, 745489509753, 7278
745518226383, 745518245064, 18681
745588077798, 745588087389, 9591
745621082933, 745621103357, 20424
745686967948, 745686978982, 11034
745718019106, 745718039440, 20334
745785790954, 745785798967, 8013
745820235405, 745820258577, 23172
745885501195, 745885503919, 2724
745917125044, 745917153484, 28440
745983443291, 745983453149, 9858
746018333872, 746018367499, 33627
746082476952, 746082482394, 5442
746181117993, 746181145089, 27096
746212779900, 746212834587, 54687
746280326396, 746280362498, 36102
746311374557, 746311395461, 20904
746378818289, 746378902586, 84297
746428205986, 746428238245, 32259
746493357883, 746493380290, 22407
746590367589, 746590452414, 84825
746689192727, 746689272926, 80199
746788006662, 746788094469, 87807
746886659916, 746886673917, 14001
746985568868, 746985583205, 14337
747084381934, 747084394336, 12402
747183135757, 747183148600, 12843
747281946210, 747281960019, 13809
747380783799, 747380799834, 16035
747479580481, 747479593681, 13200
747578450447, 747578478485, 28038
747677013548, 747677025329, 11781
747775868357, 747775881095, 12738
747874688064, 747874702092, 14028
747973265566, 747973276780, 11214
748072243459, 748072255312, 11853
748171095677, 748171112003, 16326
748269894883, 748269906592, 11709
748368685864, 748368715447, 29583
748467396745, 748467408949, 12204
748566001627, 748566007475, 5848
748664978333, 748664989706, 11373
748763813839, 748763828245, 14406
748848256883, 748848273254, 16371
748880917256, 748880940377, 23121
748947456497, 748947485900, 29403
748998100972, 748998127138, 26166
749046436005, 749046468093, 32088
749074596244, 749074614748, 18504
749145015231, 749145046245, 31014
749243834714, 749243867396, 32682
749273153433, 749273187174, 33741
749342619629, 749342625845, 6216
749372431708, 749372452345, 20637
749441741656, 749441760337, 18681
749471620353, 749471643888, 23535
749540064249, 749540120097, 55848
749573950725, 749573972445, 21720
749638718871, 749638746975, 28104
749687223927, 749687246655, 22728
749737780535, 749737813181, 32646
749768315681, 749768338439, 22758
749836874624, 749836881020, 6396
749872249129, 749872269850, 20721
749935561214, 749935591610, 30396
749979257615, 749979280877, 23262
750034243490, 750034274900, 31410
750062952937, 750062974795, 21858
750132928513, 750132960139, 31626
750163236504, 750163269057, 32553
750231744480, 750231772632, 28152
750260855509, 750260875498, 19989
750330420946, 750330448741, 27795
750361475811, 750361515621, 39810
750429299204, 750429329123, 29919
750458759557, 750458778610, 19053
750528084815, 750528091973, 7158
750583429993, 750583456771, 26778
750626923243, 750626933161, 9918
750659834036, 750659860262, 26226
750725978891, 750725986031, 7140
750763751719, 750763778353, 26634
750824332077, 750824341926, 9849
750866358668, 750866393711, 35043
750923254810, 750923263237, 8427
750957387000, 750957409680, 22680
751022300081, 751022308433, 8352
751068223645, 751068246553, 22908
751121067198, 751121073432, 6234
751155977182, 751156004950, 27768
751219651200, 751219678389, 27189
751256580804, 751256614605, 33801
751318461275, 751318486202, 24927
751357736995, 751357761088, 24093
751417232136, 751417258068, 25932
751447501848, 751447526199, 24351
751515852627, 751515868005, 15378
751550139245, 751550163056, 23811
751615076277, 751615105491, 29214
751660457011, 751660480261, 23250
751713286286, 751713291440, 5154
751745363959, 751745390191, 26232
751811890026, 751811895521, 5495
751857182033, 751857209774, 27741
751910656528, 751910661383, 4855
751940880729, 751940902281, 21552
752009952673, 752009963329, 10656
752062153032, 752062178190, 25158
752108136341, 752108139083, 2742
752155360240, 752155386034, 25794
752207283017, 752207294435, 11418
752306055176, 752306080385, 25209
752357222916, 752357276379, 53463
752404597973, 752404668932, 70959
752437585400, 752437607876, 22476
752503715215, 752503725382, 10167
752543359920, 752543384310, 24390
752616649671, 752616662805, 13134
752715597959, 752715677096, 79137
752814046178, 752814051149, 4971
752913117753, 752913130143, 12390
753011812257, 753011823141, 10884
753110609489, 753110621882, 12393
753209410456, 753209472799, 62343
753308228743, 753308244598, 15855
753406951334, 753406962278, 10944
753505762432, 753505775785, 13353
753604591268, 753604604036, 12768
753703203002, 753703215911, 12909
753802183287, 753802193994, 10707
753900976212, 753901003428, 27216
753999731962, 753999744628, 12666
754098489560, 754098502025, 12465
754197393552, 754197406743, 13191
754296153014, 754296164642, 11628
754395028138, 754395040144, 12006
754493737127, 754493749712, 12585
754592506554, 754592519319, 12765
754691303741, 754691316170, 12429
754790114937, 754790131035, 16098
754888907668, 754888923481, 15813
754987703848, 754987732528, 28680
755086501577, 755086516088, 14511
755185415457, 755185444740, 29283
755284207060, 755284220152, 13092
755315914420, 755315941474, 27054
755383188134, 755383251947, 63813
755481451188, 755481461706, 10518
755580449572, 755580465634, 16062
755679236916, 755679251808, 14892
755778028509, 755778042264, 13755
755876984818, 755877050809, 65991
755975601617, 755975614220, 12603
756074405251, 756074417893, 12642
756173154369, 756173169882, 15513
756271985307, 756271999227, 13920
756370812624, 756370841403, 28779
756469575400, 756469609258, 33858
756568357232, 756568369826, 12594
756667166701, 756667178146, 11445
756765949254, 756765962838, 13584
756864739904, 756864752111, 12207
756963499503, 756963511914, 12411
757062323087, 757062334991, 11904
757160971757, 757160995400, 23643
757259944130, 757259957900, 13770
757358783105, 757358803703, 20598
757400014847, 757400050328, 35481
757457268877, 757457273188, 4311
757556252486, 757556264417, 11931
757655053238, 757655065694, 12456
757753834602, 757753859670, 25068
757852867553, 757852907423, 39870
757951436081, 757951449692, 13611
758050204909, 758050218340, 13431
758163356586, 758163363888, 7302
758247854525, 758247869525, 15000
758346594095, 758346606782, 12687
758445422511, 758445436566, 14055
758544412315, 758544427282, 14967
758642968564, 758642984146, 15582
758741778158, 758741789813, 11655
758840529510, 758840533215, 3705
758939241593, 758939267117, 25524
758985436833, 758985461004, 24171
759038321842, 759038342029, 20187
759137028651, 759137042250, 13599
759235860227, 759235877663, 17436
759334550797, 759334564102, 13305
759433299783, 759433311624, 11841
759532098306, 759532110153, 11847
759630923255, 759630934961, 11706
759729758649, 759729786273, 27624
759828503362, 759828515194, 11832
759927300609, 759927315729, 15120
760026092150, 760026103580, 11430
760124852874, 760124865729, 12855
760223674372, 760223687005, 12633
760322470075, 760322487397, 17322
760421256431, 760421269157, 12726
760520170502, 760520240945, 70443
760618887624, 760618901652, 14028
760717426172, 760717441784, 15612
760816435004, 760816446686, 11682
760915227712, 760915239511, 11799
761014010046, 761014026120, 16074
761112778873, 761112790684, 11811
761211544096, 761211555361, 11265
761310369267, 761310392541, 23274
761409112759, 761409122329, 9570
761507925922, 761507939659, 13737
761606736456, 761606751114, 14658
761705542649, 761705560067, 17418
761804315250, 761804330997, 15747
761903137958, 761903154284, 16326
762001924649, 762001942259, 17610
762100685247, 762100701987, 16740
762199417359, 762199453563, 36204
762298374418, 762298390165, 15747
762397098538, 762397112281, 13743
762495899704, 762495914887, 15183
762594483156, 762594498495, 15339
762693377222, 762693391688, 14466
762792257834, 762792270248, 12414
762891027528, 762891039255, 11727
762989688799, 762989703055, 14256
763088789617, 763088803324, 13707
763187415370, 763187426404, 11034
763286934966, 763287004839, 69873
763385014108, 763385026420, 12312
763483823901, 763483835487, 11586
763582597492, 763582609711, 12219
763681354439, 763681366706, 12267
763780062919, 763780094785, 31866
763878763632, 763878776415, 12783
763977704998, 763977717541, 12543
764076532574, 764076544328, 11754
764175351475, 764175365074, 13599
764274115205, 764274128168, 12963
764373107472, 764373166902, 59430
764471629926, 764471640945, 11019
764570468774, 764570481152, 12378
764669284658, 764669298020, 13362
764768092862, 764768105531, 12669
764866881637, 764866893706, 12069
764965662259, 764965675543, 13284
765064503627, 765064518990, 15363
765163362762, 765163376733, 13971
765261865124, 765261879233, 14109
765360812425, 765360825379, 12954
765459647854, 765459659992, 12138
765558438817, 765558450418, 11601
765657237889, 765657250375, 12486
765755996777, 765756008537, 11760
765854789055, 765854801586, 12531
765953603188, 765953616271, 13083
766052361333, 766052376903, 15570
766151099434, 766151112286, 12852
766249950606, 766249964094, 13488
766348749230, 766348760828, 11598
766447535747, 766447547405, 11658
766546316654, 766546328612, 11958
766645265143, 766645297933, 32790
766743878153, 766743894044, 15891
766842543283, 766842553330, 10047
766941524543, 766941536582, 12039
767040320769, 767040332736, 11967
767139206056, 767139221197, 15141
767237991334, 767238009691, 18357
767336694187, 767336705989, 11802
767435546261, 767435572007, 25746
767534330335, 767534350852, 20517
767567898845, 767567928251, 29406
767633050719, 767633081439, 30720
767732118290, 767732249420, 131130
767830604522, 767830618682, 14160
767859420467, 767859450818, 30351
767929412715, 767929443360, 30645
768028265118, 768028282614, 17496
768126850935, 768126858885, 7950
768225780211, 768225793594, 13383
768324428479, 768324441343, 12864
768423370091, 768423381275, 11184
768521960026, 768521969521, 9495
768620972237, 768620982431, 10194
768719740214, 768719750843, 10629
768818531069, 768818541869, 10800
768917359856, 768917371130, 11274
769016115557, 769016126033, 10476
769119954134, 769119961178, 7044
769213675833, 769213697640, 21807
769312688950, 769312717156, 28206
769411224343, 769411237123, 12780
769510000150, 769510013815, 13665
769608922973, 769608937028, 14055
769707726000, 769707739323, 13323
769806490838, 769806502286, 11448
769905267649, 769905279463, 11814
770003883625, 770003899633, 16008
770102874649, 770102888770, 14121
770201653130, 770201680652, 27522
770300494534, 770300526373, 31839
770399190832, 770399202253, 11421
770498097873, 770498116467, 18594
770596916673, 770596929309, 12636
770638071866, 770638114529, 42663
770695574756, 770695611899, 37143
770794394274, 770794406706, 12432
770893326291, 770893340727, 14436
770991924866, 770991996446, 71580
771090704502, 771090716610, 12108
771189560328, 771189573534, 13206
771288373638, 771288386781, 13143
771386939045, 771386948774, 9729
771485888078, 771485898518, 10440
771584778746, 771584789198, 10452
771683508592, 771683520136, 11544
771782298712, 771782309638, 10926
771881181105, 771881193027, 11922
771979898887, 771979911382, 12495
772078668131, 772078683443, 15312
772177290885, 772177299165, 8280
772276241605, 772276253977, 12372
772374878417, 772374886211, 7794
772473847570, 772473859426, 11856
772572663351, 772572679533, 16182
772671463400, 772671474467, 11067
772770049455, 772770064260, 14805
772868977156, 772868990707, 13551
772967770993, 772967783875, 12882
773066673846, 773066687736, 13890
773165401317, 773165413953, 12636
773264187265, 773264199637, 12372
773363005720, 773363023885, 18165
773461782997, 773461797604, 14607
773560600528, 773560613617, 13089
773659137200, 773659147832, 10632
773693968554, 773693996602, 28048
773758150864, 773758165918, 15054
773856972682, 773856989659, 16977
773955666551, 773955683714, 17163
774054528182, 774054542561, 14379
774153109183, 774153119908, 10725
774252098320, 774252128665, 30345
774350857897, 774350871832, 13935
774449679084, 774449694060, 14976
774548608543, 774548625988, 17445
774647261747, 774647273660, 11913
774746262760, 774746280085, 17325
774844796004, 774844819815, 23811
774943805462, 774943836008, 30546
775042443956, 775042457219, 13263
775141208674, 775141219696, 11022
775240057428, 775240068570, 11142
775338828209, 775338859556, 31347
775437427306, 775437441502, 14196
775536406832, 775536418334, 11502
775636085273, 775636096541, 11268
775733947996, 775733961886, 13890
775832873645, 775832884664, 11019
775931531745, 775931546967, 15222
776030356409, 776030367869, 11460
776132592615, 776132623083, 30468
776227713026, 776227720511, 7485
776326688512, 776326701532, 13020
776425505738, 776425520012, 14274
776524279578, 776524293375, 13797
776633959756, 776634028552, 68796
776721867445, 776721879427, 11982
776749295067, 776749320228, 25161
776820659604, 776820671289, 11685
776919285492, 776919297855, 12363
777018268595, 777018279794, 11199
777117072753, 777117084399, 11646
777215844312, 777215847894, 3582
777314620485, 777314632188, 11703
777413414200, 777413427841, 13641
777512258236, 777512269783, 11547
777611125640, 777611140992, 15352
777709831661, 777709844300, 12639
777808567831, 777808579465, 11634
777907482169, 777907494487, 12318
778006178172, 778006189791, 11619
778105106083, 778105119946, 13863
778203825586, 778203839878, 14292
778302395323, 778302411358, 16035
778386982495, 778387052626, 70131
778431544858, 778431572134, 27276
778486010576, 778486013753, 3177
778516573138, 778516593763, 20625
778584835751, 778584854801, 19050
778625659967, 778625682158, 22191
778683809024, 778683823475, 14451
778712164927, 778712191489, 26562
778782577185, 778782609297, 32112
778822729177, 778822751431, 22254
778881560409, 778881590538, 30129
778922371367, 778922395688, 24321
778980192760, 778980202543, 9783
779008001548, 779008023367, 21819
779079154855, 779079182131, 27276
779114862691, 779114881789, 19098
779178041558, 779178069863, 28305
779216173893, 779216194074, 20181
779276770759, 779276796538, 25779
779316182601, 779316206559, 23958
779375367102, 779375373117, 6015
779416634223, 779416656378, 22155
779474109324, 779474140788, 31464
779509188498, 779509214208, 25710
779572640558, 779572681475, 40917
779617737325, 779617762129, 24804
779672170134, 779672200536, 30402
779705145963, 779705168931, 22968
779770660648, 779770693396, 32748
779814137240, 779814161489, 24249
779869613038, 779869648414, 35376
779904865875, 779904893256, 27381
779967808455, 779967836562, 28107
779998422955, 779998442755, 19800
780067055392, 780067083052, 27660
780096000917, 780096041123, 40206
780165665023, 780165690817, 25794
780194707289, 780194739209, 31920
780264426056, 780264450674, 24618
780292836571, 780292858069, 21498
780363249510, 780363273993, 24483
780392825437, 780392845831, 20394
780462024007, 780462109594, 85587
780501924615, 780501947583, 22968
780560851281, 780560876793, 25512
780590444673, 780590473452, 28779
780659621459, 780659646827, 25368
780688382455, 780688402240, 19785
780758621774, 780758630342, 8568
780790752961, 780790774831, 21870
780856843670, 780856865759, 22089
780885836863, 780885859243, 22380
780955883514, 780955892073, 8559
780986837535, 780986859411, 21876
781054822931, 781054847300, 24369
781093379454, 781093403043, 23589
781153558488, 781153569177, 10689
781185164206, 781185204532, 40326
781252468906, 781252501031, 32125
781283041222, 781283062927, 21705
781351208330, 781351229207, 20877
781382675039, 781382725925, 50886
781449953669, 781449978893, 25224
781478768633, 781478790452, 21819
781548709572, 781548735039, 25467
781578363455, 781578383060, 19605
781647787164, 781647811458, 24294
781677704052, 781677741270, 37218
781746693224, 781746721001, 27777
781776919167, 781776941604, 22437
781845047767, 781845068404, 20637
781881622927, 781881643927, 21000
781943915391, 781943940975, 25584
781975631965, 781975666540, 34575
782042698403, 782042723816, 25413
782084152564, 782084172241, 19677
782141494687, 782141518462, 23775
782171475248, 782171496362, 21114
782240082518, 782240102036, 19518
782268583210, 782268601807, 18597
782339126813, 782339157584, 30771
782385371865, 782385395859, 23994
782437859968, 782437886485, 26517
782477946220, 782477971879, 25659
782536662885, 782536688430, 25545
782565793234, 782565815230, 21996
782635381717, 782635402069, 20352
782668885299, 782668909917, 24618
782734280257, 782734305949, 25692
782772904253, 782772927311, 23058
782833049860, 782833077538, 27678
782878611723, 782878635030, 23307
782931827924, 782931855572, 27648
782964607616, 782964627959, 20343
783030612344, 783030640400, 28056
783060012200, 783060033230, 21030
783129414251, 783129441968, 27717
783160378085, 783160402442, 24357
783228130012, 783228139486, 9474
783257247163, 783257268691, 21528
783326992422, 783327020433, 28011
783356630944, 783356651821, 20877
783425787482, 783425813654, 26172
783456578161, 783456602470, 24309
783524546771, 783524567819, 21048
783560237425, 783560257846, 20421
783623407188, 783623432382, 25194
783655086868, 783655107559, 20691
783722280227, 783722325926, 45699
783765485266, 783765509746, 24480
783821037953, 783821072582, 34629
783849746860, 783849768652, 21792
783919740354, 783919768398, 28044
783953845176, 783953869062, 23886
784018518522, 784018543896, 25374
784048994263, 784049017933, 23670
784117313821, 784117340801, 26980
784147921837, 784147943701, 21864
784216124463, 784216147467, 23004
784257489097, 784257513646, 24549
784314527855, 784314541913, 14058
784356591315, 784356613335, 22020
784413344026, 784413375004, 30978
784511910368, 784511915291, 4923
784513566032, 784513571861, 5829
784513591823, 784513593404, 1581
784559901758, 784559957510, 55752
784611076278, 784611091479, 15201
784640237045, 784640257181, 20136
784709712178, 784709742295, 30117
784741530195, 784741562964, 32769
784808863180, 784808885740, 22560
784839380252, 784839402155, 21903
784907421847, 784907477350, 55503
784957634237, 784957665635, 31398
785005889486, 785005893740, 4254
785034953536, 785034983224, 29688
785104995887, 785105009297, 13410
785145573697, 785145605146, 31449
785203763361, 785203772118, 8757
785250778016, 785250804845, 26829
785302503812, 785302509187, 5375
785352375888, 785352402879, 26991
785401367889, 785401373535, 5646
785454195152, 785454221603, 26451
785500144861, 785500148614, 3753
785539521869, 785539549313, 27444
785613955559, 785613980180, 24621
785697394564, 785697403426, 8862
785712381038, 785712516212, 135174
785796408963, 785796437850, 28887
785810753189, 785810764427, 11238
785853378095, 785853404477, 26382
785909646529, 785909748418, 101889
785938237268, 785938260647, 23379
786008302352, 786008315051, 12699
786106905709, 786106915483, 9774
786205903700, 786205916378, 12678
786290420180, 786290429102, 8922
786319735645, 786319762243, 26598
786389555089, 786389582155, 27066
786420845074, 786420868096, 23022
786488336782, 786488356231, 19449
786520776514, 786520821508, 44994
786586901727, 786586932651, 30924
786615263269, 786615285853, 22584
786685804175, 786685836575, 32400
786723319636, 786723344275, 24639
786784519693, 786784549495, 29802
786813837972, 786813859749, 21777
786883523960, 786883553528, 29568
786920140633, 786920162626, 21993
786982301187, 786982332192, 31005
787018587035, 787018619105, 32070
787081145090, 787081174601, 29511
787121017852, 787121045587, 27735
787179903442, 787179928879, 25437
787217005936, 787217041267, 35331
787278632905, 787278657259, 24354
787307753551, 787307775550, 21999
787377502675, 787377513328, 10653
787411678577, 787411706231, 27654
787476262730, 787476345086, 82356
787505550331, 787505569465, 19134
787575053795, 787575077144, 23349
787620184513, 787620207226, 22713
787673864830, 787673874454, 9624
787704442725, 787704465648, 22923
787772626977, 787772653281, 26304
787805333493, 787805377041, 43548
787871317898, 787871327063, 9165
787916148747, 787916178066, 29319
787969881670, 787969906546, 24876
787999244242, 787999265845, 21603
788069057907, 788069094417, 36510
788112064716, 788112088845, 24129
788167935711, 788167945104, 9393
788202614007, 788202635967, 21960
788266582977, 788266592862, 9885
788303227965, 788303251119, 23154
788365083140, 788365088690, 5550
788405637022, 788405659255, 22233
788464125019, 788464132381, 7362
788512168786, 788512210300, 41514
788562482083, 788562491716, 9633
788603980606, 788604005713, 25107
788661456714, 788661469047, 12333
788694435190, 788694459721, 24531
788760418540, 788760424675, 6135
788792238252, 788792268069, 29817
788859228434, 788859235934, 7500
788888209305, 788888232384, 23079
788957855835, 788957862040, 6205
789056936674, 789056966053, 29379
789086695607, 789086727446, 31839
789155715438, 789155764158, 48720
789186136865, 789186160979, 24114
789254228586, 789254262187, 33601
789305322519, 789305351325, 28806
789352654228, 789352657336, 3108
789381861327, 789381879672, 18345
789452099135, 789452130257, 31122
789499790288, 789499811582, 21294
789550877197, 789550909183, 31986
789589802339, 789589825574, 23235
789649686736, 789649717894, 31158
789690291073, 789690313804, 22731
789748468062, 789748498722, 30660
789781640297, 789781670948, 30651
789847302525, 789847334409, 31884
789876462998, 789876484667, 21669
789946092367, 789946098793, 6426
789979899814, 789979923010, 23196
790044852709, 790044861301, 8592
790075419671, 790075453643, 33972
790143703247, 790143719543, 16296
790185007405, 790185030250, 22845
790242239765, 790242245654, 5889
790273200419, 790273222430, 22011
790341210567, 790341219210, 8643
790381741947, 790381765314, 23367
790440019056, 790440026016, 6960
790478031780, 790478053638, 21858
790538805256, 790538813638, 8382
790578222581, 790578244151, 21570
790637586367, 790637594770, 8403
790668476702, 790668496778, 20076
790736281651, 790736287747, 6096
790771150943, 790771183904, 32961
790835181297, 790835191053, 9756
790865788887, 790865811390, 22503
790933963646, 790933973666, 10020
790962333844, 790962353419, 19575
791032777842, 791032786197, 8355
791065345611, 791065366026, 20415
791131548583, 791131556128, 7545
791160042841, 791160063340, 20499
791229931437, 791229940230, 8793
791266720829, 791266755614, 34785
791328926584, 791328931987, 5403
791358303712, 791358330298, 26586
791427927629, 791427936815, 9186
791482802663, 791482830323, 27660
791526713082, 791526721539, 8457
791557226055, 791557245999, 19944
791625261053, 791625268588, 7535
791661070278, 791661096927, 26649
791724291263, 791724301235, 9972
791752925719, 791752945081, 19362
791823103883, 791823113147, 9264
791854593609, 791854638936, 45327
791921974584, 791921992284, 17700
791950961414, 791950982738, 21324
792020716115, 792020720162, 4047
792066121202, 792066143747, 22545
792119461856, 792119471891, 10035
792148669114, 792148692787, 23673
792218350662, 792218360295, 9633
792246461712, 792246489624, 27912
792316682713, 792316689724, 7011
792346526067, 792346546968, 20901
792415833740, 792415842323, 8583
792446770137, 792446792694, 22557
792514515403, 792514521883, 6480
792545918068, 792545940691, 22623
792613412595, 792613424931, 12336
792642154071, 792642176367, 22296
792711932247, 792711939939, 7692
792744596961, 792744623616, 26655
792810693275, 792810704072, 10797
792854142236, 792854185961, 43725
792909819736, 792909827116, 7380
792938502542, 792938522297, 19755
793008427347, 793008434145, 6798
793052463920, 793052490497, 26577
793107448583, 793107458960, 10377
793143360834, 793143391008, 30174
793206186523, 793206195853, 9330
793245284534, 793245307496, 22962
793304992204, 793304998672, 6468
793337475722, 793337496650, 20928
793403759769, 793403768664, 8895
793444786029, 793444813737, 27708
793502570772, 793502577621, 6849
793532524218, 793532545899, 21681
793601352270, 793601361372, 9102
793634260073, 793634281898, 21825
793700151980, 793700160791, 8811
793739150119, 793739172154, 22035
793798962670, 793798969018, 6348
793829409239, 793829430173, 20934
793897733440, 793897740382, 6942
793930218634, 793930244371, 25737
793996524692, 793996532291, 7599
794025709866, 794025731865, 21999
794095349299, 794095356964, 7665
794134230257, 794134264418, 34161
794194154452, 794194163155, 8703
794226952314, 794226974136, 21822
794292854256, 794292862221, 7965
794321312860, 794321334028, 21168
794391697320, 794391703563, 6243
794425674447, 794425698861, 24414
794490434314, 794490444442, 10128
794519321008, 794519341753, 20745
794589278190, 794589287610, 9420
794629348979, 794629371344, 22365
794688080784, 794688089625, 8841
794716695541, 794716716730, 21189
794786858409, 794786867196, 8787
794817263448, 794817287079, 23631
794885432188, 794885437627, 5439
794915190799, 794915215162, 24363
794984241789, 794984246424, 4635
795020019839, 795020043254, 23415
795083239304, 795083247569, 8265
795124585284, 795124606470, 21186
795182036270, 795182042552, 6282
795224369408, 795224393423, 24015
795280700967, 795280710534, 9567
795319782113, 795319826219, 44106
795379655805, 795379663518, 7713
795412190944, 795412214620, 23676
795478416980, 795478423322, 6342
795509430040, 795509451361, 21321
795577203183, 795577211250, 8067
795620785061, 795620812808, 27747
795675739535, 795675746273, 6738
795703979764, 795703999729, 19965
795774798406, 795774804844, 6438
795803325183, 795803345844, 20661
795873354212, 795873360962, 6750
795920021625, 795920053260, 31635
795972369159, 795972375822, 6663
796001250942, 796001271273, 20331
796071177436, 796071186496, 9060
796100813625, 796100838087, 24462
796169984478, 796169993505, 9027
796203359241, 796203393462, 34221
796268428899, 796268468474, 39575
796300427470, 796300450891, 23421
796367361729, 796367372187, 10458
796399646266, 796399671301, 25035
796466243530, 796466267266, 23736
796503629640, 796503652605, 22965
796565128345, 796565137315, 8970
796596671129, 796596702845, 31716
796663562635, 796663572361, 9726
796708273054, 796708294684, 21630
796762670041, 796762678699, 8658
796792473110, 796792500158, 27048
796861467483, 796861476462, 8979
796890879113, 796890900302, 21189
796960586639, 796960594433, 7794
796999645270, 796999669942, 24672
797059042889, 797059050770, 7881
797097986909, 797098010927, 24018
797157835558, 797157844813, 9255
797190189299, 797190210926, 21627
797256636812, 797256645341, 8529
797290328827, 797290382212, 53385
797355390377, 797355407390, 17013
797402091087, 797402117253, 26166
797454186930, 797454196878, 9948
797489567240, 797489589665, 22425
797553024599, 797553032600, 8001
797595523642, 797595546142, 22500
797651473616, 797651480366, 6750
797680034840, 797680053617, 18777
797750594578, 797750603614, 9036
797796479320, 797796502402, 23082
797849400599, 797849407256, 6657
797880068636, 797880090290, 21654
797948211279, 797948217198, 5919
798046993617, 798047000388, 6771
798076733342, 798076760039, 26697
798145913569, 798145922140, 8571
798244311676, 798244326610, 14934
798292710397, 798292740610, 30213
798343356678, 798343384848, 28170
798383405501, 798383429225, 23724
798441784906, 798441801716, 16810
798477245813, 798477273935, 28122
798540681391, 798540691180, 9789
798580654800, 798580681734, 26934
798639735173, 798639744797, 9624
798680777268, 798680799534, 22266
798738611584, 798738625804, 14220
798787685556, 798787713744, 28188
798837306463, 798837335377, 28914
798870489062, 798870511958, 22896
798936089010, 798936115842, 26832
798972476623, 798972514027, 37404
799034881857, 799034909085, 27228
799063266472, 799063288456, 21984
799133693756, 799133722403, 28647
799163059816, 799163079283, 19467
799232546408, 799232583374, 36966
799261563086, 799261596920, 33834
799331003725, 799331073330, 69605
799363632366, 799363654032, 21666
799430021106, 799430102400, 81294
799461857113, 799461888268, 31155
799528838570, 799528871387, 32817
799573144061, 799573163222, 19161
799627695128, 799627720010, 24882
799662058425, 799662084402, 25977
799726441316, 799726465349, 24033
799755510883, 799755534862, 23979
799824967474, 799824988402, 20928
799856825340, 799856848947, 23607
799923933339, 799923957843, 24504
799956228462, 799956252015, 23553
800022787507, 800022813931, 26424
800051352362, 800051371514, 19152
800121426355, 800121446032, 19677
800165487800, 800165518097, 30297
800220271425, 800220342942, 71517
800248600347, 800248622052, 21705
800319020095, 800319029374, 9279
800367026213, 800367051035, 24822
800418085727, 800418107579, 21852
800452209115, 800452236769, 27654
800516790839, 800516813507, 22668
800558993048, 800559017684, 24636
800615611131, 800615643603, 32472
800647117475, 800647139114, 21639
800714347026, 800714367351, 20325
800743411284, 800743433688, 22404
800813044977, 800813071725, 26748
800853022744, 800853046309, 23565
800911948560, 800911971474, 22914
800949257967, 800949284103, 26136
801010747159, 801010755889, 8730
801039956056, 801039985948, 29892
801109537499, 801109547582, 10083
801142362502, 801142386217, 23715
801208316909, 801208326215, 9306
801260312551, 801260337355, 24804
801307118046, 801307127658, 9612
801343310372, 801343332605, 22233
801405572000, 801405596081, 24081
801441082466, 801441114716, 32250
801504690674, 801504716621, 25947
801540874316, 801540897419, 23103
801603495092, 801603520730, 25638
801632896901, 801632916311, 19410
801702008309, 801702025594, 17285
801744098217, 801744121539, 23322
801801081982, 801801106828, 24846
801830146584, 801830169174, 22590
801899995695, 801900037914, 42219
801937730877, 801937764369, 33492
801998745919, 801998776255, 30336
802041982351, 802042005310, 22959
802097451507, 802097473863, 22356
802135336960, 802135360435, 23475
802196309475, 802196332632, 23157
802232988897, 802233011064, 22167
802295120101, 802295129491, 9390
802330995029, 802331020454, 25425
802393841992, 802393851073, 9081
802428796708, 802428819553, 22845
802492617977, 802492643954, 25977
802540175142, 802540197915, 22773
802591424538, 802591449636, 25098
802627264107, 802627288767, 24660
802689875921, 802689891286, 15365
802729904790, 802729948167, 43377
802788959139, 802788982620, 23481
802824483507, 802824504909, 21402
802887785163, 802887809463, 24300
802923441179, 802923465839, 24660
802986586785, 802986612258, 25473
803027429750, 803027452751, 23001
803085371996, 803085404596, 32600
803125871388, 803125895805, 24417
803184201286, 803184227731, 26445
803213660296, 803213686525, 26229
803282985581, 803283010769, 25188
803311221882, 803311250412, 28530
803381752644, 803381778039, 25395
803414036624, 803414057660, 21036
803480498829, 803480526813, 27984
803512941030, 803512962483, 21453
803579343929, 803579375102, 31173
803614422522, 803614442523, 20001
803678153484, 803678162370, 8886
803722501001, 803722529341, 28340
803776910236, 803776938586, 28350
803811786276, 803811809370, 23094
803876043976, 803876067283, 23307
803911630616, 803911654610, 23994
803974402473, 803974426293, 23820
804009173122, 804009199363, 26241
804073296340, 804073334074, 37734
804109958421, 804109981575, 23154
804171985858, 804172018255, 32397
804218634157, 804218657602, 23445
804270944935, 804270967048, 22113
804322252260, 804322278153, 25893
804369698342, 804369729194, 30852
804398565100, 804398585224, 20124
804468531880, 804468577852, 45972
804524166667, 804524203039, 36372
804567263648, 804567290726, 27078
804597002245, 804597023710, 21465
804666071085, 804666097473, 26388
804697772255, 804697794905, 22650
804764853390, 804764878644, 25254
804800794044, 804800818038, 23994
804863630207, 804863651915, 21708
804902526951, 804902551263, 24312
804962461821, 804962483775, 21954
805003177134, 805003201455, 24321
805061231424, 805061240481, 9057
805101384933, 805101431361, 46428
805160008538, 805160031986, 23448
805197140872, 805197163846, 22974
805258598002, 805258604167, 6165
805289537024, 805289561870, 24846
805357408158, 805357429557, 21399
805402873582, 805402898212, 24630
805456368457, 805456394437, 25980
805486089844, 805486110778, 20934
805555081252, 805555109029, 27777
805595912993, 805595936822, 23829
805653967303, 805653991045, 23742
805685249538, 805685271597, 22059
805752744836, 805752770183, 25347
805799701190, 805799725475, 24285
805851150498, 805851155169, 4671
805881616678, 805881637273, 20595
805950348884, 805950358973, 10089
805978879796, 805978898915, 19119
806049102722, 806049127667, 24945
806086631123, 806086652927, 21804
806147902250, 806147929661, 27411
806177879717, 806177900714, 20997
806246467182, 806246510862, 43680
806303018691, 806303043678, 24987
806344861875, 806344866813, 4938
806387778523, 806387804041, 25518
806444310739, 806444338840, 28101
806487217935, 806487240639, 22704
806543060395, 806543086624, 26229
806575642603, 806575667062, 24459
806641856978, 806641887458, 30480
806674823833, 806674851910, 28077
806740663768, 806740694119, 30351
806771436777, 806771457729, 20952
806839456598, 806839488131, 31533
806873246132, 806873268887, 22755
806937925194, 806937963321, 38127
806979799257, 806979821241, 21984
807037051812, 807037082055, 30243
807075249470, 807075303041, 53571
807135568191, 807135589851, 21660
807178174569, 807178196283, 21714
807234864245, 807234897323, 33078
807267385405, 807267408415, 23010
807333481904, 807333516974, 35070
807432259828, 807432290899, 31071
807462540357, 807462571731, 31374
807531053882, 807531083825, 29943
807564145233, 807564167169, 21936
807629806603, 807629838733, 32130
807662248259, 807662268722, 20463
807728594111, 807728624438, 30327
807762257220, 807762280134, 22914
807827504070, 807827539104, 35034
807866094753, 807866130288, 35535
807926028019, 807926114809, 86790
807955253411, 807955284689, 31278
808024947233, 808024975928, 28695
808061011845, 808061036676, 24831
808123410785, 808123433351, 22566
808158370603, 808158394768, 24165
808222260815, 808222298147, 37332
808267090670, 808267115261, 24591
808321086418, 808321114753, 28335
808353171932, 808353193079, 21147
808420142040, 808420153089, 11049
808456580103, 808456604421, 24318
808518933628, 808518962362, 28734
808546648969, 808546670134, 21165
808617715795, 808617739726, 23931
808649890248, 808649918484, 28236
808716527240, 808716540071, 12831
808744716883, 808744737661, 20778
808814848044, 808814872503, 24459
808858235992, 808858258747, 22755
808914166398, 808914180282, 13884
808943165919, 808943203011, 37092
809012917319, 809012926946, 9627
809041921467, 809041944450, 22983
809111693130, 809111702799, 9669
809145440584, 809145462985, 22401
809210510982, 809210520702, 9720
809238440465, 809238461945, 21480
809309226511, 809309255518, 29007
809352295664, 809352321989, 26325
809408071964, 809408081564, 9600
809445844794, 809445868578, 23784
809506828652, 809506837865, 9213
809545189479, 809545212603, 23124
809605636634, 809605645799, 9165
809653043528, 809653065044, 21516
809704154529, 809704159332, 4803
809751732624, 809751758766, 26142
809817110053, 809817122953, 12900
809915999479, 809916013882, 14403
810014526749, 810014533508, 6759
810113553301, 810113642605, 89304
810212310934, 810212331055, 20121
810311135394, 810311145756, 10362
810409887081, 810409897623, 10542
810508694980, 810508711666, 16686
810607478784, 810607495179, 16395
810706272079, 810706298410, 26331
810805099432, 810805112881, 13449
810903862348, 810903882316, 19968
811002685656, 811002699063, 13407
811101471082, 811101482782, 11700
811200308488, 811200341047, 32559
811299028474, 811299043318, 14844
811397718193, 811397746231, 28038
811496644856, 811496660471, 15615
811595256875, 811595272370, 15495
811694230940, 811694243267, 12327
811793019370, 811793030767, 11397
811891790695, 811891869547, 78852
811990686214, 811990697410, 11196
812089400764, 812089417096, 16332
812188177720, 812188194577, 16857
812286956059, 812286967777, 11718
812385793180, 812385805648, 12468
812484524387, 812484537167, 12780
812583353706, 812583367574, 13868
812681931190, 812681942158, 10968
812780929053, 812780958543, 29490
812879678735, 812879692643, 13908
812981313065, 812981334080, 21015
813077307966, 813077321001, 13035
813176107366, 813176120884, 13518
813274897368, 813274910388, 13020
813373659622, 813373671304, 11682
813472484122, 813472497088, 12966
813571076118, 813571090842, 14724
813670171008, 813670182027, 11019
813768828296, 813768843815, 15519
813867627190, 813867644869, 17679
813966419044, 813966430165, 11121
814065201133, 814065214756, 13623
814164006927, 814164021971, 15044
814262633920, 814262642788, 8868
814361607714, 814361619663, 11949
814460392739, 814460404868, 12129
814559156901, 814559175165, 18264
814657975035, 814657996071, 21036
814757857633, 814757924428, 66795
814855538547, 814855555287, 16740
814954361219, 814954378604, 17385
815053145458, 815053158373, 12915
815151920168, 815151943328, 23160
815250884531, 815250916088, 31557
815349704929, 815349741388, 36459
815448333282, 815448350046, 16764
815546927772, 815546943192, 15420
815645796531, 815645809293, 12762
815744726090, 815744742413, 16323
815843422084, 815843437627, 15543
815942246933, 815942261030, 14097
816041335710, 816041397063, 61353
816140019718, 816140035378, 15660
816238624939, 816238641085, 16146
816337395208, 816337410088, 14880
816436219084, 816436232815, 13731
816535015501, 816535029154, 13653
816561355724, 816561382748, 27024
816633769793, 816633780617, 10824
816732640459, 816732652444, 11985
816831333880, 816831353962, 20082
816930189481, 816930205936, 16455
817028811195, 817028819619, 8424
817127808595, 817127824837, 16242
817226599190, 817226612633, 13443
817325359869, 817325372508, 12639
817424151000, 817424162604, 11604
817522723490, 817522733825, 10335
817621700222, 817621720676, 20454
817720515723, 817720526886, 11163
817819317257, 817819328771, 11514
817918984271, 817919042699, 58428
818016909709, 818016922261, 12552
818115844400, 818115855236, 10836
818214459369, 818214471066, 11697
818313245634, 818313257409, 11775
818412066082, 818412078268, 12186
818510822603, 818510833619, 11016
818609659649, 818609676662, 17013
818708449255, 818708464372, 15117
818807237950, 818807253676, 15726
818905979592, 818905992258, 12666
819004788081, 819004800723, 12642
819103572889, 819103586374, 13485
819202394457, 819202417722, 23265
819308549580, 819308564712, 15132
819399790247, 819399800465, 10218
819498761934, 819498774087, 12153
819597537442, 819597550636, 13194
819696303404, 819696313142, 9738
819795208057, 819795219481, 11424
819893940031, 819893952862, 12831
819992786605, 819992800294, 13689
820091531025, 820091543892, 12867
820190277668, 820190291663, 13995
820289163630, 820289182113, 18483
820387903628, 820387918115, 14487
820486773111, 820486800240, 27129
820585558415, 820585582472, 24057
820684251309, 820684263900, 12591
820783109159, 820783122182, 13023
820881976250, 820882002425, 26175
820981512511, 820981521094, 8583
821079446311, 821079461611, 15300
821178308384, 821178329207, 20823
821277042471, 821277112875, 70404
821375639159, 821375652437, 13278
821474615978, 821474630850, 14872
821573408654, 821573426669, 18015
821672218039, 821672231287, 13248
821770940216, 821770946120, 5904
821869746056, 821869759526, 13470
821968577968, 821968603570, 25602
822067362975, 822067378584, 15609
822166112558, 822166126331, 13773
822264945880, 822264961027, 15147
822363736423, 822363756472, 20049
822462526505, 822462538373, 11868
822561321791, 822561341162, 19371
822660111969, 822660125127, 13158
822690446080, 822690472960, 26880
822758864547, 822758875503, 10956
822857791502, 822857819714, 28212
822956462951, 822956474828, 11877
823055234889, 823055244036, 9147
823154071080, 823154087460, 16380
823252782128, 823252793405, 11277
823351469834, 823351481618, 11784
823450451385, 823450466307, 14922
823549238090, 823549249826, 11736
823648018557, 823648037133, 18576
823746815541, 823746827562, 12021
823845778661, 823845806981, 28320
823944454439, 823944465830, 11391
824043143888, 824043155600, 11712
824141968651, 824141989120, 20469
824240746485, 824240756403, 9918
824339683106, 824339704517, 21411
824438329433, 824438347721, 18288
824537024514, 824537034546, 10032
824635930897, 824635962091, 31194
824734737070, 824734748704, 11634
824833852380, 824833865427, 13047
824932285504, 824932298242, 12738
825031027509, 825031037142, 9633
825129931485, 825129941631, 10146
825228701597, 825228715169, 13572
825327320150, 825327337979, 17829
825426334264, 825426345796, 11532
825525020344, 825525030877, 10533
825623821273, 825623831590, 10317
825722657355, 825722667822, 10467
825821433726, 825821445906, 12180
825920207149, 825920218297, 11148
826019038346, 826019049017, 10671
826117798600, 826117810234, 11634
826216608967, 826216618882, 9915
826315418048, 826315429724, 11676
826414152886, 826414165147, 12261
826512953045, 826512963446, 10401
826611739449, 826611748386, 8937
826710579954, 826710591744, 11790
826809392056, 826809402289, 10233
826908131310, 826908141705, 10395
827006744954, 827006754638, 9684
827105771196, 827105783372, 12176
827204486863, 827204497369, 10506
827314323226, 827314327792, 4566
827402144475, 827402159646, 15171
827501181240, 827501194131, 12891
827599696311, 827599710384, 14073
827698532498, 827698545191, 12693
827797296118, 827797309672, 13554
827896051620, 827896063788, 12168
827994645608, 827994651749, 6141
828093484442, 828093493541, 9099
828192232225, 828192239698, 7473
828291591278, 828291612701, 21423
828389994163, 828390007747, 13584
828488661722, 828488664662, 2940
828587452371, 828587467167, 14796
828686386678, 828686400292, 13614
828785213874, 828785225346, 11472
828884009271, 828884021499, 12228
828982828729, 828982844788, 16059
829081766600, 829081784483, 17883
829180331796, 829180342836, 11040
829279169403, 829279180794, 11391
829377935339, 829377948905, 13566
829476729615, 829476743238, 13623
829575556016, 829575569396, 13380
829674369443, 829674381995, 12552
829773299954, 829773353606, 53652
829871917358, 829871930831, 13473
829970550693, 829970564166, 13473
830069553736, 830069568625, 14889
830168279457, 830168291130, 11673
830267044083, 830267056719, 12636
830365691019, 830365704243, 13224
830464641025, 830464653592, 12567
830563491511, 830563503901, 12390
830662270936, 830662282582, 11646
830761042366, 830761059124, 16758
830859813390, 830859828123, 14733
830958637744, 830958650410, 12666
831057447189, 831057458478, 11289
831156192288, 831156203859, 11571
831254986775, 831254999009, 12234
831353799788, 831353810012, 10224
831452544592, 831452559169, 14577
831551373844, 831551392408, 18564
831650186616, 831650218731, 32115
831748758997, 831748768684, 9687
831847568238, 831847582230, 13992
831875741172, 831875771283, 30111
831946588761, 831946600494, 11733
832045276477, 832045287463, 10986
832144209981, 832144221741, 11760
832243015943, 832243033532, 17589
832341724486, 832341736066, 11580
832440513726, 832440525033, 11307
832539356325, 832539369768, 13443
832638123267, 832638138237, 14970
832736863992, 832736874072, 10080
832835680891, 832835693332, 12441
832934457424, 832934466856, 9432
833033212183, 833033222299, 10116
833132051784, 833132062407, 10623
833230661752, 833230677313, 15561
833329616124, 833329647606, 31482
833428388621, 833428399847, 11226
833527232937, 833527236123, 3186
833626009889, 833626022888, 12999
833724799447, 833724811933, 12486
833823559673, 833823572297, 12624
833922382215, 833922395730, 13515
834021142427, 834021154319, 11892
834119983028, 834119995025, 11997
834218750037, 834218763303, 13266
834317560120, 834317573197, 13077
834416350083, 834416362980, 12897
834514954877, 834514968785, 13908
834613945748, 834613961513, 15765
834712722466, 834712735918, 13452
834811529013, 834811542375, 13362
834910326159, 834910337121, 10962
834950125290, 834950150736, 25446
835009196947, 835009211596, 14649
835107896411, 835107908777, 12366
835206624918, 835206637752, 12834
835305440473, 835305452686, 12213
835404293273, 835404304952, 11679
835502954044, 835502965351, 11307
835601821895, 835601833040, 11145
835700646406, 835700658097, 11691
835799450046, 835799460675, 10629
835898029000, 835898045989, 16989
835997012630, 835997022821, 10191
836095669726, 836095679107, 9381
836194559799, 836194571892, 12093
836293357268, 836293368512, 11244
836392169885, 836392181840, 11955
836490931735, 836490943612, 11877
836589771063, 836589785139, 14076
836688513512, 836688525581, 12069
836787352017, 836787363513, 11496
836886132557, 836886143555, 10998
836984933629, 836984943931, 10302
837083697164, 837083716202, 19038
837182438293, 837182448358, 10065
837281317053, 837281327529, 10476
837379912025, 837379926665, 14640
837478891908, 837478903479, 11571
837577689540, 837577700226, 10686
837676466724, 837676479300, 12576
837775188880, 837775196821, 7941
837873992741, 837874002782, 10041
837972862351, 837972873646, 11295
838071667091, 838071677600, 10509
838170589908, 838170631212, 41304
838268980206, 838268984541, 4335
838368018227, 838368028040, 9813
838466873390, 838466886056, 12666
838565425626, 838565441202, 15576
838664425377, 838664438793, 13416
838763176270, 838763192287, 16017
838862011805, 838862027642, 15837
838960765943, 838960776845, 10902
839059564145, 839059576757, 12612
839158382913, 839158396683, 13770
839257188625, 839257215547, 26922
839355999847, 839356016071, 16224
839454732360, 839454745635, 13275
839553684653, 839553726932, 42279
839652282391, 839652294586, 12195
839751166934, 839751182003, 15069
839849857808, 839849870417, 12609
839948649617, 839948663594, 13977
840047361500, 840047372072, 10572
840146229188, 840146240012, 10824
840245069749, 840245082616, 12867
840343662847, 840343676293, 13446
840442631534, 840442644362, 12828
840541462147, 840541477630, 15483
840640237065, 840640248915, 11850
840739028196, 840739041633, 13437
840837820889, 840837832553, 11664
840936630903, 840936642087, 11184
841035402480, 841035415587, 13107
841069761898, 841069788622, 26724
841134413312, 841134487466, 74154
841232802223, 841232810662, 8439
841331758609, 841331770162, 11553
841430528965, 841430541034, 12069
841529362463, 841529375660, 13197
841628117598, 841628130939, 13341
841726919162, 841726934387, 15225
841825701446, 841825713893, 12447
841924741078, 841924766581, 25503
842023319103, 842023329372, 10269
842122119033, 842122128672, 9639
842220982903, 842221009864, 26961
842319644750, 842319709322, 64572
842418545770, 842418560140, 14370
842517100171, 842517116236, 16065
842616052418, 842616063899, 11481
842714988747, 842715101763, 113016
842813664968, 842813685303, 20335
842912436957, 842912448177, 11220
843011233152, 843011247306, 14154
843109991184, 843110002980, 11796
843208919700, 843208953558, 33858
843307616862, 843307629741, 12879
843407121328, 843407125750, 4422
843505144626, 843505159863, 15237
843603993436, 843604006711, 13275
843702828572, 843702858320, 29748
843801522751, 843801536581, 13830
843900369517, 843900382015, 12498
843999211602, 843999225750, 14148
844097899823, 844097915858, 16035
844196749618, 844196763259, 13641
844295515159, 844295526748, 11589
844394330418, 844394343360, 12942
844493208424, 844493221051, 12627
844591871561, 844591875083, 3522
844690661158, 844690672792, 11634
844789430124, 844789465734, 35610
844888283356, 844888295791, 12435
844987078221, 844987090503, 12282
845085871658, 845085884135, 12477
845184632108, 845184645407, 13299
845283421090, 845283438202, 17112
845382292747, 845382306124, 13377
845481005688, 845481019791, 14103
845579898411, 845579937600, 39189
845678629021, 845678657392, 28371
845777416281, 845777430564, 14283
845876246497, 845876264140, 17643
845975002107, 845975019789, 17682
846073798394, 846073829285, 30891
845895449851, 845895471544, 21693
845961037379, 845961063590, 26211
845989784025, 845989804524, 20499
846059634938, 846059656139, 21201
846091557344, 846091577717, 20373
846158619037, 846158626915, 7878
846187573264, 846187595527, 22263
846256942037, 846256951505, 9468
846285859687, 846285878860, 19173
846356002535, 846356012561, 10026
846401292018, 846401313546, 21528
846454965480, 846454972803, 7323
846483499106, 846483521348, 22242
846553821875, 846553832366, 10491
846587047018, 846587069386, 22368
846652846378, 846652853302, 6924
846689663664, 846689688333, 24669
846751377846, 846751399608, 21762
846779239336, 846779259889, 20553
846850156438, 846850178410, 21972
846889315012, 846889337200, 22188
846948950048, 846948971102, 21054
846980944233, 846980974464, 30231
847047375768, 847047401169, 25401
847075458418, 847075478842, 20424
847146535310, 847146562463, 27153
847245320712, 847245352803, 32091
847276376573, 847276403108, 26535
847344110473, 847344141682, 31209
847372413244, 847372436053, 22809
847442921949, 847442953248, 31299
847484306228, 847484328365, 22137
847541690934, 847541721477, 30543
847572175101, 847572199752, 24651
847640496929, 847640527655, 30726
847669361296, 847669382677, 21381
847739286285, 847739316927, 30642
847778609802, 847778634189, 24387
847838073462, 847838104575, 31113
847865854072, 847865873743, 19671
847936862275, 847936893793, 31518
847965478268, 847965499949, 21681
848035669437, 848035700310, 30873
848063824723, 848063848111, 23388
848134448909, 848134480637, 31728
848165956795, 848165985181, 28386
848233624626, 848233639140, 14514
848272892386, 848272915519, 23133
848332053232, 848332062679, 9447
848360631617, 848360653385, 21768
848430819280, 848430847132, 27852
848466879560, 848466903008, 23448
848529765265, 848529801892, 36627
848558799609, 848558836902, 37293
848628425529, 848628435363, 9834
848656183023, 848656201722, 18699
848727192833, 848727220406, 27573
848762532476, 848762559149, 26673
848826009003, 848826037164, 28161
848855703015, 848855724330, 21315
848924774691, 848924799840, 25149
848958493132, 848958515719, 22587
849023577756, 849023604516, 26760
849068488116, 849068511447, 23331
849122197478, 849122224386, 26908
849154915835, 849154935830, 19995
849220745142, 849220770597, 25455
849261653212, 849261697225, 44013
849319957362, 849319965870, 8508
849359178027, 849359211552, 33525
849418750932, 849418777566, 26634
849450552199, 849450573814, 21615
849517632621, 849517677156, 44535
849555560882, 849555603650, 42768
849616398488, 849616436306, 37818
849648103583, 849648125264, 21681
849715099158, 849715124049, 24891
849746566583, 849746587502, 20919
849813954375, 849813979725, 25350
849842306203, 849842335567, 29364
849912711018, 849912792645, 81627
849944386610, 849944410988, 24378
850011314882, 850011327077, 12195
850041892839, 850041918402, 25563
850110273800, 850110311519, 37719
850142975717, 850142996585, 20868
850209012408, 850209038175, 25767
850251706170, 850251754692, 48522
850307523087, 850307589589, 66502
850338243660, 850338277965, 34305
850406652704, 850406676170, 23466
850436459892, 850436500905, 41013
850505075141, 850505121032, 45891
850550206636, 850550232700, 26064
850618208031, 850618221726, 13695
850716777806, 850716788981, 11175
850815987321, 850816079775, 92454
850914468539, 850914556715, 88176
851013347027, 851013361286, 14259
851112192105, 851112203205, 11100
851210959666, 851210972068, 12402
851309525256, 851309534772, 9516
851408737303, 851408751268, 13965
851507130290, 851507133365, 3075
851606075107, 851606088064, 12957
851704879977, 851704894719, 14742
851804717852, 851804735027, 17175
851902456013, 851902468820, 12807
852001351062, 852001364169, 13107
852100047020, 852100060235, 13215
852206467067, 852206472212, 5145
852297483651, 852297496377, 12726
852396424340, 852396437678, 13338
852495236505, 852495326982, 90477
852593975742, 852593986296, 10554
852692870550, 852692885542, 14992
852791583937, 852791597401, 13464
852891726562, 852891740782, 14220
852989144915, 852989160518, 15603
853087976432, 853087988999, 12567
853187160960, 853187172939, 11979
853286416958, 853286480069, 63111
853384560725, 853384574945, 14220
853483034224, 853483047403, 13179
853581862298, 853581894026, 31728
853666465256, 853666489172, 23916
853694442593, 853694466647, 24054
853765354608, 853765377342, 22734
853795842009, 853795864902, 22893
853864227813, 853864253743, 25930
853909173757, 853909196401, 22644
853963197283, 853963230550, 33267
853991059854, 853991081889, 22035
854061776350, 854061785992, 9642
854092547059, 854092569832, 22773
854160544128, 854160571257, 27129
854194090970, 854194111010, 20040
854259351439, 854259364756, 13317
854294245571, 854294271029, 25458
854358075018, 854358083019, 8001
854390778249, 854390800473, 22224
854456836894, 854456844400, 7506
854489578808, 854489599682, 20874
854556198067, 854556234565, 36498
854587618270, 854587641661, 23391
854654803540, 854654833924, 30384
854686658941, 854686693480, 34539
854753313072, 854753337756, 24684
854797036619, 854797068209, 31590
854852308838, 854852336510, 27672
854879856952, 854879880637, 23685
854951283341, 854951305559, 22218
854981394221, 854981416811, 22590
855049893603, 855049918170, 24567
855085366277, 855085389257, 22980
855148668761, 855148676162, 7401
855184563004, 855184586983, 23979
855247693057, 855247699591, 6534
855287182993, 855287208058, 25065
855346407646, 855346415416, 7770
855387377227, 855387414256, 37029
855445037908, 855445045354, 7446
855473800679, 855473824004, 23325
855543832108, 855543840109, 8001
855594819694, 855594844663, 24969
855642644699, 855642652430, 7731
855670573278, 855670594899, 21621
855741768140, 855741777485, 9345
855779512236, 855779535750, 23514
855839786240, 855839832629, 46389
855881318075, 855881346767, 28692
855939011064, 855939018188, 7124
855980177872, 855980202202, 24330
856038118617, 856038185239, 66622
856066777762, 856066801060, 23298
856136421402, 856136427666, 6264
856174079680, 856174103875, 24195
856235484124, 856235490259, 6135
856264209072, 856264230987, 21915
856334220127, 856334237851, 17724
856374993791, 856375014782, 20991
856433069886, 856433080101, 10215
856477589660, 856477614755, 25095
856531330613, 856531340804, 10191
856585260485, 856585284656, 24171
856630557075, 856630574826, 17751
856660747437, 856660768926, 21489
856729108136, 856729112762, 4626
856774034506, 856774062754, 28248
856827716114, 856827725708, 9594
856859514424, 856859537926, 23502
856926923641, 856926930322, 6681
856954152024, 856954170219, 18195
857025673784, 857025680288, 6504
857063004163, 857063033242, 29079
857124527959, 857124540427, 12468
857153879710, 857153904373, 24663
857222955850, 857222960977, 5127
857255689219, 857255710141, 20922
857321820820, 857321824375, 3555
857363054657, 857363139896, 85239
857420596547, 857420605784, 9237
857462861227, 857462886961, 25734
857519542263, 857519551803, 9540
857570977647, 857571006747, 29100
857618321861, 857618337152, 15291
857648678843, 857648699438, 20595
857717002788, 857717033589, 30801
857760916191, 857760938901, 22710
857815761844, 857815784551, 22707
857858453426, 857858490182, 36756
857914891961, 857914901897, 9936
857942925351, 857942946684, 21333
858013540358, 858013554497, 14139
858059739832, 858059764117, 24285
858112511625, 858112530756, 19131
858142818510, 858142850433, 31923
858211587946, 858211608616, 20670
858255799803, 858255840369, 40566
858310009276, 858310018198, 8922
858349453495, 858349476793, 23298
858408804329, 858408811751, 7422
858436728633, 858436750299, 21666
858507601017, 858507609174, 8157
858549944548, 858549967597, 23049
858606396886, 858606405346, 8460
858634525340, 858634546637, 21297
858705185780, 858705193844, 8064
858733187915, 858733211147, 23232
858803920579, 858803928898, 8319
858834720461, 858834744239, 23778
858902485671, 858902494176, 8505
858930110352, 858930131088, 20736
859001609632, 859001625253, 15621
859032511738, 859032534019, 22281
859100342365, 859100350639, 8274
859131332404, 859131354016, 21612
859199082212, 859199089292, 7080
859230699570, 859230723144, 23574
859297985176, 859297990891, 5715
859327849450, 859327871650, 22200
859396735386, 859396744182, 8796
859495676137, 859495722826, 46689
859539100365, 859539129843, 29478
859594304926, 859594325389, 20463
859627767478, 859627800148, 32670
859693109548, 859693140550, 31002
859732680481, 859732704202, 23721
859791935655, 859791966372, 30717
859822892987, 859822913579, 20592
859890689557, 859890721111, 31554
859925427989, 859925457608, 29619
859988825964, 859988829225, 3261
860023509770, 860023530599, 20829
860087976456, 860087995621, 19165
860128971157, 860128993414, 22257
860186793670, 860186817050, 23380
860222163004, 860222197087, 34083
860285890882, 860285899264, 8382
860316310951, 860316334264, 23313
860384178142, 860384183263, 5121
860418635605, 860418661114, 25509
860483451552, 860483482626, 31074
860511756385, 860511833638, 77253
860582266635, 860582280552, 13917
860614344494, 860614364027, 19533
860681003761, 860681033041, 29280
860716443370, 860716469404, 26034
860779823705, 860779853120, 29415
860810854027, 860810875369, 21342
860878601063, 860878629272, 28209
860909694601, 860909715196, 20595
860977408319, 860977432715, 24396
861020803617, 861020831286, 27669
861076223031, 861076231485, 8454
861107774863, 861107797285, 22422
861175046694, 861175314158, 267464
861207972613, 861207994699, 22086
861273866078, 861273877256, 11178
861305018258, 861305038946, 20688
861372667939, 861372679879, 11940
861416971213, 861416992987, 21774
861471403946, 861471410093, 6147
861502725085, 861502746547, 21462
861570194726, 861570201851, 7125
861600554780, 861600574817, 20037
861668932196, 861668941343, 9147
861710679645, 861710701863, 22218
861767417656, 861767426890, 9234
861820511555, 861820544723, 33168
861866398273, 861866407045, 8772
861895201138, 861895221997, 20859
861965502993, 861965515104, 12111
861996448635, 861996469719, 21084
862064101154, 862064109428, 8274
862101627223, 862101650125, 22902
862162906809, 862162913379, 6570
862204488404, 862204526177, 37773
862261755256, 862261761925, 6669
862303643703, 862303665657, 21954
862360479167, 862360486472, 7305
862397669183, 862397706296, 37113
862459270144, 862459278544, 8400
862557871947, 862557896751, 24804
862588169992, 862588194910, 24918
862656853565, 862656879239, 25674
862701389995, 862701412441, 22446
862755929087, 862755957443, 28356
862786443273, 862786466316, 23043
862854448263, 862854473916, 25653
862888676037, 862888709211, 33174
862953232786, 862953256399, 23613
862984529208, 862984550940, 21732
863052030408, 863052037683, 7275
863088459704, 863088483257, 23553
863150172068, 863150175839, 3771
863193595447, 863193631771, 36324
863249613721, 863249641930, 28209
863279201745, 863279223093, 21348
863348239072, 863348245207, 6135
863388991296, 863389023585, 32289
863447343855, 863447350155, 6300
863478732290, 863478777665, 45375
863545946820, 863545955337, 8517
863577917458, 863577942208, 24750
863644546192, 863644554994, 8802
863694546584, 863694572690, 26106
863743593373, 863743604080, 10707
863785132647, 863785153269, 20622
863842539246, 863842566663, 27417
863884617721, 863884641634, 23913
863941197146, 863941224899, 27753
863973183311, 863973205931, 22620
864040024110, 864040054773, 30663
864068388177, 864068407617, 19440
864138714552, 864138743019, 28467
864174354844, 864174382258, 27414
864237829776, 864237839924, 10148
864269911454, 864269930978, 19524
864336333883, 864336341821, 7938
864373359901, 864373391578, 31677
864435253693, 864435261685, 7992
864467289782, 864467311487, 21705
864534083764, 864534090736, 6972
864572068346, 864572091344, 22998
864632956672, 864632973946, 17274
864675228252, 864675253485, 25233
864731485039, 864731491081, 6042
864770907490, 864770929042, 21552
864830292674, 864830298422, 5748
864860708264, 864860729237, 20973
864929057368, 864929064043, 6675
864965552038, 864965595766, 43728
865027869777, 865027877415, 7638
865061444241, 865061468049, 23808
865126647841, 865126656682, 8841
865169046355, 865169075497, 29142
865225755902, 865225763969, 8067
865256419222, 865256450401, 31179
865324228946, 865324236689, 7743
865356629947, 865356650113, 20166
865423059767, 865423067507, 7740
865457298783, 865457324883, 26100
865521820903, 865521829459, 8556
865567459713, 865567481559, 21846
865621095946, 865621101271, 5325
865667920048, 865667941309, 21261
865719153743, 865719159998, 6255
865751389821, 865751411967, 22146
865817822041, 865817832193, 10152
865864987513, 865865011855, 24342
865916759485, 865916762716, 3231
865951576664, 865951600514, 23850
866015774233, 866015781052, 6819
866046462213, 866046481881, 19668
866114520575, 866114527505, 6930
866160907831, 866160932701, 24870
866213390065, 866213397718, 7653
866266759545, 866266786377, 26832
866312181329, 866312188226, 6897
866341479671, 866341498892, 19221
866410914239, 866410919492, 5253
866443153966, 866443200481, 46515
866509741794, 866509748973, 7179
866540551636, 866540572246, 20610
866608734603, 866608740213, 5610
866649505263, 866649530670, 25407
866707492310, 866707498517, 6207
866753322357, 866753367765, 45408
866805922021, 866805925315, 3294
866835022089, 866835042837, 20748
866905129960, 866905136995, 7035
866935156114, 866935177462, 21348
867003929127, 867003937095, 7968
867043865480, 867043895426, 29946
867102102862, 867102115977, 13115
867140010114, 867140032542, 22428
867201291670, 867201317524, 25854
867241238292, 867241260867, 22575
867300069052, 867300094591, 25539
867340071736, 867340095061, 23325
867398872971, 867398894136, 21165
867441379446, 867441412800, 33354
867497385699, 867497401339, 15640
867554659418, 867554685713, 26295
867595934109, 867595940533, 6424
867626940890, 867626962310, 21420
867695220920, 867695226932, 6012
867742180863, 867742205004, 24141
867794055635, 867794063333, 7698
867824508207, 867824534616, 26409
867892826146, 867892834429, 8283
867937581250, 867937604956, 23706
867991509753, 867991517358, 7605
868027512065, 868027535858, 23793
868090224537, 868090230477, 5940
868132400449, 868132423255, 22806
868189214920, 868189226635, 11715
868220924714, 868220949677, 24963
868287981766, 868288003618, 21852
868317164099, 868317202742, 38643
868386812487, 868386835470, 22983
868420553914, 868420584622, 30708
868485589816, 868485611494, 21678
868528399911, 868528422828, 22917
868584385314, 868584395283, 9969
868683181708, 868683215776, 34068
868726073101, 868726106380, 33279
868781957875, 868781987956, 30081
868822599093, 868822622316, 23223
868880745985, 868880775715, 29730
868912447927, 868912469341, 21414
868979640543, 868979686143, 45600
869022078578, 869022110765, 32187
869078488395, 869078531334, 42939
869111040808, 869111062969, 22161
869176601117, 869176603379, 2262
869204752818, 869204773476, 20658
869275925764, 869275955734, 29970
869307243647, 869307268979, 25332
869374703573, 869374732454, 28881
869412417014, 869412443711, 26697
869473498252, 869473530430, 32178
869506772471, 869506793732, 21261
869572125722, 869572157552, 31830
869603663092, 869603688424, 25332
869671105355, 869671125959, 20604
869700601138, 869700687598, 86460
869769868612, 869769897118, 28506
869802072647, 869802105572, 32925
869868497616, 869868504222, 6606
869905461942, 869905489944, 28002
869967341323, 869967347272, 5949
870012070864, 870012096142, 25278
870066194523, 870066199002, 4479
870104516343, 870104537469, 21126
870165147678, 870165180231, 32553
870200814016, 870200836471, 22455
870263741878, 870263771923, 30045
870299294665, 870299317672, 23007
870362864294, 870362890103, 25809
870394490236, 870394512913, 22677
870461396285, 870461423618, 27333
870490390896, 870490413330, 22434
870560287504, 870560329207, 41703
870588721765, 870588743737, 21972
870659167687, 870659208190, 40503
870688670851, 870688693009, 22158
870757784734, 870757812238, 27504
870799462120, 870799486327, 24207
870856570587, 870856598526, 27939
870899828873, 870899853866, 24993
870955400531, 870955408376, 7845
870984482694, 870984505119, 22425
871054164935, 871054191215, 26280
871095278997, 871095315804, 36807
871152965191, 871152996111, 30920
871183159768, 871183179742, 19974
871251637379, 871251658994, 21615
871295162407, 871295189521, 27114
871350975031, 871351012852, 37821
871382387369, 871382414054, 26685
871449382945, 871449421642, 38697
871491252039, 871491275973, 23934
871548061938, 871548084732, 22794
871580724924, 871580748480, 23556
871646905009, 871646930158, 25149
871686613847, 871686638630, 24783
871745704615, 871745730268, 25653
871776489484, 871776512467, 22983
871844508398, 871844518124, 9726
871876019314, 871876043677, 24363
871943309878, 871943319370, 9492
871971083022, 871971102462, 19440
872042079113, 872042161772, 82659
872085102333, 872085126396, 24063
872140869565, 872140891396, 21831
872170159996, 872170178611, 18615
872239486210, 872239511821, 25611
872270908159, 872270931436, 23277
872338445639, 872338471166, 25527
872371667588, 872371689974, 22386
872437235774, 872437261178, 25404
872467955435, 872467978331, 22896
872536043499, 872536052610, 9111
872567120132, 872567146412, 26280
872634827330, 872634852842, 25512
872677006674, 872677040751, 34077
872733640000, 872733649798, 9798
872761705323, 872761727826, 22503
872832457764, 872832483615, 25851
872862715983, 872862739806, 23823
872931217203, 872931242064, 24861
872961660083, 872961713909, 53826
873030093213, 873030134190, 40977
873073048421, 873073070834, 22413
873128506297, 873128531770, 25473
873161295314, 873161316857, 21543
873227306689, 873227331298, 24609
873282631724, 873282673178, 41454
873326007495, 873326010897, 3402
873356421582, 873356443923, 22341
873424972553, 873424980803, 8250
873466796870, 873466820972, 24102
873523673584, 873523680564, 6980
873556451625, 873556473189, 21564
873622696121, 873622704476, 8355
873658830867, 873658853556, 22689
873721547565, 873721556376, 8811
873766739898, 873766762296, 22398
873820448433, 873820459194, 10761
873859504937, 873859528094, 23157
873919143097, 873919150435, 7338
873950444893, 873950468011, 23118
874017919527, 874017926142, 6615
874045841742, 874045873026, 31284
874116706889, 874116714137, 7248
874151567781, 874151592741, 24960
874215327679, 874215334228, 6549
874247845253, 874247871230, 25977
874314266877, 874314274611, 7734
874343005749, 874343024415, 18666
874413084685, 874413090811, 6126
874445975802, 874446000996, 25194
874511492926, 874511500141, 7215
874552957788, 874552982322, 24534
874610735043, 874610744892, 9849
874645216914, 874645244898, 27984
874709453619, 874709462511, 8892
874753005226, 874753031860, 26634
874808264954, 874808270810, 5856
874839233687, 874839254804, 21117
874907058344, 874907066504, 8160
874950631237, 874950663121, 31884
875005839020, 875005845806, 6786
875047204907, 875047225829, 20922
875104607841, 875104616214, 8373
875139026380, 875139049612, 23232
875203438468, 875203447117, 8649
875245245658, 875245279396, 33738
875302211953, 875302220248, 8295
875335295205, 875335318743, 23538
875400976731, 875400984000, 7269
875437550811, 875437582956, 32145
875499779613, 875499788760, 9147
875533857472, 875533882342, 24870
875598577562, 875598586421, 8859
875626934363, 875626955264, 20901
875697372794, 875697396773, 23979
875732539146, 875732579985, 40839
875796197948, 875796207374, 9426
875825894119, 875825914735, 20616
875895013038, 875895023397, 10359
875923359605, 875923377671, 18066
875993759404, 875993775661, 16257
876031500425, 876031532078, 31653
876092543567, 876092552453, 8886
876120910773, 876120930837, 20064
876191272808, 876191284607, 11799
876238092315, 876238116996, 24681
876290121595, 876290131183, 9588
876318671703, 876318694215, 22512
876388936379, 876388942691, 6312
876417215326, 876417235216, 19890
876487720991, 876487729820, 8829
876518594840, 876518638919, 44079
876586482610, 876586501741, 19131
876615892201, 876615917245, 25044
876685290761, 876685314821, 24060
876713784294, 876713803479, 19185
876784085836, 876784111834, 25998
876817152414, 876817175937, 23523
876882876778, 876882901753, 24975
876911499197, 876911523611, 24414
876981397355, 876981420569, 23214
877027319086, 877027351933, 32847
877080156306, 877080172051, 15745
877112028129, 877112056968, 28839
877179015400, 877179028650, 13250
877210188687, 877210211937, 23250
877277725289, 877277744735, 19446
877318441305, 877318468662, 27357
877376861705, 877376882474, 20769
877406686260, 877406710506, 24246
877475617761, 877475642895, 25134
877505281345, 877505304127, 22782
877574719954, 877574756497, 36543
877610422151, 877610447000, 24849
877673260660, 877673299177, 38517
877701378560, 877701399434, 20874
877771914041, 877771947539, 33498
877870714038, 877870747152, 33114
877901002481, 877901028035, 25554
877969609809, 877969641258, 31449
877998316534, 877998339079, 22545
878068233007, 878068246987, 13980
878106022246, 878106047422, 25176
878167154676, 878167179864, 25188
878195852422, 878195874826, 22404
878266003704, 878266037094, 33390
878296888957, 878296913344, 24387
878364761560, 878364793213, 31653
878395311187, 878395332898, 21711
878463368565, 878463474333, 105768
878497094069, 878497117688, 23619
878562352842, 878562390952, 38110
878596059833, 878596085987, 26154
878661123057, 878661154215, 31158
878689100222, 878689125221, 24999
878760201073, 878760246085, 45012
878795019588, 878795042043, 22455
878858727453, 878858758257, 30804
878893224735, 878893248348, 23613
878957520890, 878957541713, 20823
878985349085, 878985371630, 22545
879056290730, 879056315063, 24333
879087830407, 879087852331, 21924
879155100892, 879155126203, 25311
879187954972, 879187979167, 24195
879253877491, 879253901863, 24372
879285868354, 879285897028, 28674
879352679244, 879352705779, 26535
879400253316, 879400301088, 47772
879451604636, 879451645094, 40458
879494237567, 879494262746, 25179
879549899829, 879549921147, 21318
879592603268, 879592626461, 23193
879649112233, 879649137616, 25383
879680413133, 879680445401, 32268
879747515354, 879747544319, 28965
879790154632, 879790177621, 22989
879846639487, 879846665665, 26178
879881153836, 879881189851, 36015
879944843386, 879944868490, 25104
879978233043, 879978255480, 22437
880044291341, 880044314546, 23205
880088490893, 880088511053, 20160
880143015026, 880143039089, 24063
880171698180, 880171737126, 38946
880241795433, 880241820222, 24789
880270547567, 880270576916, 29349
880340302528, 880340328250, 25722
880384307445, 880384346055, 38610
880439144697, 880439154399, 9702
880476644824, 880476668353, 23529
880538182204, 880538207368, 25164
880570943001, 880570964949, 21948
880637242601, 880637269982, 27381
880673068093, 880673090449, 22356
880735860760, 880735888798, 28038
880773228686, 880773253634, 24948
880834579263, 880834602411, 23148
880884674300, 880884701399, 27099
880933203482, 880933225817, 22335
880965945018, 880965967488, 22470
881032033163, 881032055108, 21945
881069296968, 881069320800, 23832
881130794807, 881130825572, 30765
881170068891, 881170108581, 39690
881229757848, 881229781785, 23937
881264301693, 881264332593, 30900
881328382951, 881328407584, 24633
881361500723, 881361522980, 22257
881427373643, 881427525586, 151943
881461197754, 881461234138, 36384
881526098363, 881526106049, 7686
881575703094, 881575729995, 26901
881624883299, 881624890682, 7383
881665715348, 881665738256, 22908
881723772217, 881723782786, 10569
881761968796, 881761990948, 22152
881822496662, 881822505641, 8979
881855390631, 881855411715, 21084
881921166278, 881921190362, 24084
881956392741, 881956416381, 23640
882020065059, 882020080104, 15045
882063860531, 882063889742, 29211
882118918168, 882118955023, 36855
882149923474, 882149946526, 23052
882217685329, 882217707505, 22176
882250040235, 882250069209, 28974
882316416249, 882316423911, 7662
882344646771, 882344683914, 37143
882415206917, 882415214549, 7632
882445757265, 882445778238, 20973
882514011444, 882514020657, 9213
882552327257, 882552346808, 19551
882612803686, 882612812370, 8684
882642637776, 882642678624, 40848
882711388322, 882711397691, 9369
882755998127, 882756017603, 19476
882810374663, 882810382544, 7881
882846775344, 882846799473, 24129
882909025441, 882909033475, 8034
882952629425, 882952653332, 23907
883007961376, 883007971270, 9894
883037939350, 883037961409, 22059
883106753021, 883106761178, 8157
883142196679, 883142222071, 25392
883205554600, 883205562751, 8151
883238264945, 883238295593, 30648
883304360198, 883304367818, 7620
883341941594, 883341966905, 25311
883403128985, 883403135699, 6714
883431317068, 883431341074, 24006
883501970738, 883501978151, 7413
883532249471, 883532270198, 20727
883600728431, 883600734566, 6135
883654244603, 883654266899, 22296
883699506626, 883699515563, 8937
883730310208, 883730333488, 23280
883798262373, 883798271829, 9456
883826904134, 883826922482, 18348
883897075797, 883897083630, 7833
883935195734, 883935221897, 26163
883996240359, 883996250739, 10380
884029931611, 884029960453, 28842
884094661988, 884094670394, 8406
884127503673, 884127537969, 34296
884193450718, 884193458056, 7338
884221672523, 884221691774, 19251
884292260984, 884292269279, 8295
884326181186, 884326202411, 21225
884391048222, 884391056772, 8550
884431196433, 884431231959, 35526
884489838162, 884489845335, 7173
884518288573, 884518311721, 23148
884588687739, 884588697846, 10107
884620699651, 884620734784, 35133
884687465548, 884687472790, 7242
884717155272, 884717175252, 19980
884786041467, 884786047194, 5727
884816663671, 884816685298, 21627
884884858976, 884884866380, 7404
884915450889, 884915472042, 21153
884983710874, 884983717579, 6705
885012927257, 885012959444, 32187
885082595621, 885082603433, 7812
885112885061, 885112944296, 59235
885181395817, 885181403029, 7212
885219736039, 885219759121, 23082
885279972384, 885279982464, 10080
885312158791, 885312182635, 23844
885378988718, 885378996605, 7887
885409359226, 885409379860, 20634
885477796714, 885477803626, 6912
885508575493, 885508595833, 20340
885576632806, 885576638902, 6096
885610073720, 885610103276, 29556
885675375217, 885675381778, 6561
885713516620, 885713546116, 29496
885774148381, 885774155926, 7545
885804537528, 885804558495, 20967
885873002666, 885873016076, 13410
885902595062, 885902614529, 19467
885971816243, 885971827160, 10917
886014090981, 886014116220, 25239
886070638999, 886070649022, 10023
886114351663, 886114376884, 25221
886169351612, 886169362148, 10536
886198081091, 886198103129, 22038
886268146549, 886268172853, 26304
886296186652, 886296208363, 21711
886366741068, 886366759206, 18138
886398911962, 886398944794, 32832
886465417736, 886465439069, 21333
886499947072, 886499969569, 22497
886564531891, 886564548799, 16908
886601173991, 886601197031, 23040
886663278678, 886663296654, 17976
886697831499, 886697858628, 27129
886762052250, 886762071123, 18873
886790289807, 886790311371, 21564
886860847584, 886860855804, 8220
886902606737, 886902629729, 22992
886959648014, 886959655334, 7320
886998707442, 886998731466, 24024
887058424459, 887058432379, 7920
887096302604, 887096325851, 23247
887157282153, 887157287835, 5682
887186600608, 887186624164, 23556
887256031389, 887256038079, 6690
887284137463, 887284158775, 21312
887354824677, 887354832147, 7470
887385040940, 887385062321, 21381
887453376568, 887453384953, 8385
887491326977, 887491349717, 22740
887552390641, 887552399872, 9231
887580121802, 887580148013, 26211
887651118360, 887651127459, 9099
887679799936, 887679822388, 22452
887749973129, 887749979252, 6123
887777878152, 887777897676, 19524
887848768496, 887848776503, 8007
887886620364, 887886647580, 27216
887947572932, 887947582430, 9498
887993384991, 887993411895, 26904
888046370346, 888046378914, 8568
888074371284, 888074394891, 23607
888145146493, 888145153600, 7107
888177079414, 888177101551, 22137
888243930814, 888243937948, 7134
888271673428, 888271693081, 19653
888342519361, 888342528361, 9000
888373060806, 888373091853, 31047
888441529072, 888441537361, 8289
888469221943, 888469241938, 19995
888540265542, 888540273990, 8448
888568184483, 888568203656, 19173
888638825547, 888638834817, 9270
888671131530, 888671168364, 36834
888737798371, 888737805118, 6747
888765628754, 888765651932, 23178
888836749056, 888836757024, 7968
888866345080, 888866376826, 31746
888935473432, 888935482072, 8640
888977075117, 888977103422, 28305
889034318575, 889034327059, 8484
889065486615, 889065513783, 27168
889133074318, 889133082271, 7953
889163091895, 889163122036, 30141
889231802496, 889231810173, 7677
889260178645, 889260200896, 22251
889330641934, 889330649590, 7656
889361169885, 889361200878, 30993
889429469368, 889429475305, 5937
889458035277, 889458068016, 32739
889528159876, 889528166884, 7008
889556287705, 889556310244, 22539
889627043891, 889627052168, 8277
889661483992, 889661518141, 34149
889725810608, 889725817796, 7188
889754385981, 889754405475, 19494
889824646626, 889824653325, 6699
889854748943, 889854771986, 23043
889923247065, 889923253053, 5988
889966145562, 889966172712, 27150
890022196837, 890022202828, 5991
890059191425, 890059214882, 23457
890120584932, 890120593965, 9033
890154820848, 890154847662, 26814
890219788459, 890219811349, 22890
890253605487, 890253629508, 24021
890318535647, 890318558171, 22524
890356216756, 890356243906, 27150
890417450969, 890417479865, 28896
890451611262, 890451653850, 42588
890516154174, 890516176428, 22254
890550527942, 890550550796, 22854
890615145294, 890615166369, 21075
890643280477, 890643303964, 23487
890713879077, 890713902858, 23781
890748160533, 890748197214, 36681
890812832602, 890812853980, 21378
890840924854, 890840952151, 27297
890911356848, 890911366295, 9447
890942437953, 890942461914, 23961
891010132410, 891010155195, 22785
891038313191, 891038335661, 22470
891108931810, 891108952453, 20643
891136582551, 891136616652, 34101
891207423974, 891207453257, 29283
891235690043, 891235721525, 31482
891306328683, 891306336807, 8124
891331299825, 891331306794, 6969
891405265583, 891405273515, 7932
891435846294, 891435889827, 43533
891504007420, 891504014971, 7551
891530139979, 891530183269, 43290
891603067483, 891603076378, 8895
891630398327, 891630421586, 23259
891701649439, 891701657353, 7914
891732171711, 891732195687, 23976
891800706480, 891800716230, 9750
891834906797, 891834930356, 23559
891899491558, 891899499085, 7527
891926649907, 891926670310, 20403
891998035351, 891998042830, 7479
892028634525, 892028664747, 30222
892096823148, 892096831632, 8484
892125655902, 892125676101, 20199
892195860266, 892195868120, 7854
892232522844, 892232544492, 21648
892294410443, 892294418726, 8283
892321800623, 892321821395, 20772
892393342546, 892393348492, 5946
892435998973, 892436033815, 34842
892492203701, 892492213064, 9363
892521537042, 892521557484, 20442
892590838025, 892590845693, 7668
892635811228, 892635835843, 24615
892689298286, 892689304270, 5984
892728158962, 892728182032, 23070
892788620324, 892788634421, 14097
892818204860, 892818410543, 205683
892887336617, 892887342290, 5673
892933530918, 892933553838, 22920
892985938313, 892985945651, 7338
893014685468, 893014708049, 22581
893084723683, 893084730610, 6927
893122742978, 893122765979, 23001
893183530176, 893183537916, 7740
893228930086, 893228954743, 24657
893282313892, 893282323426, 9534
893310779294, 893310820736, 41442
893381077401, 893381086233, 8832
893419230386, 893419255652, 25266
893479904483, 893479913753, 9270
893515350223, 893515369477, 19254
893578687489, 893578695424, 7935
893613970289, 893613990044, 19755
893677501128, 893677508580, 7452
893707773862, 893707795669, 21807
893776275632, 893776283888, 8256
893818822265, 893818846214, 23949
893875070646, 893875079175, 8529
893903241661, 893903263075, 21414
893973881495, 893973897218, 15723
894003388231, 894003408271, 20040
894072668495, 894072677675, 9180
894100942319, 894100964681, 22362
894171436837, 894171445912, 9075
894203238204, 894203270721, 32517
894270507184, 894270524824, 17640
894300158596, 894300180859, 22263
894369031339, 894369038830, 7491
894411043133, 894411068171, 25038
894467814032, 894467823212, 9180
894496245389, 894496267421, 22032
894566604163, 894566612626, 8463
894606771458, 894606804452, 32994
894665156365, 894665165698, 9333
894699898448, 894699926945, 28497
894764209100, 894764216210, 7110
894792956475, 894792976989, 20514
894862963454, 894862969319, 5865
894900973841, 894901000436, 26595
894961789480, 894961797172, 7692
894998377214, 894998407550, 30336
895060578294, 895060586229, 7935
895091954603, 895091977076, 22473
895159373089, 895159381195, 8106
895191451809, 895191475890, 24081
895258171364, 895258192499, 21135
895295480668, 895295510329, 29661
895356988512, 895357022913, 34401
895393832843, 895393857644, 24801
895455399121, 895455406378, 7257
895501782331, 895501809976, 27645
895554530516, 895554548027, 17511
895590685119, 895590708687, 23568
895653326120, 895653344075, 17955
895683835863, 895683861219, 25356
895752149474, 895752167354, 17880
895783391700, 895783421394, 29694
895850983024, 895850991178, 8154
895880706181, 895880729179, 22998
895949717998, 895949726563, 8565
895980552291, 895980574581, 22290
896048487004, 896048495950, 8946
896080162004, 896080193324, 31320
896147297035, 896147303500, 6465
896246080320, 896246150637, 70317
896278835699, 896278860725, 25026
896344871034, 896344900275, 29241
896386589971, 896386611913, 21942
896443511586, 896443538772, 27186
896473350418, 896473371547, 21129
896542210321, 896542243681, 33360
896592059181, 896592092211, 33030
896640603429, 896640606621, 3192
896671851781, 896671872988, 21207
896739823418, 896739849935, 26517
896791038783, 896791079844, 41061
896838598858, 896838605851, 6993
896879206261, 896879231881, 25620
896937902610, 896937931221, 28611
896989015728, 896989044432, 28704
897036362365, 897036388975, 26610
897079096107, 897079121793, 25686
897134983643, 897135030367, 46724
897170724664, 897170748313, 23649
897234025852, 897234035704, 9852
897264180848, 897264199898, 19050
897332866811, 897333130334, 263523
897378277916, 897378305333, 27417
897431401408, 897431410198, 8790
897471968353, 897471993118, 24765
897530368046, 897530375471, 7425
897576384234, 897576407169, 22935
897629163020, 897629172572, 9552
897662312041, 897662335798, 23757
897727463918, 897727471718, 7800
897764883438, 897764909118, 25680
897826751095, 897826760053, 8958
897861580560, 897861605931, 25371
897925539656, 897925547417, 7761
897956932288, 897956953033, 20745
898024249987, 898024256521, 6534
898059169966, 898059193810, 23844
898123108896, 898123116897, 8001
898159948454, 898159971767, 23313
898221913438, 898221919279, 5841
898254777829, 898254799807, 21978
898320709108, 898320737230, 28122
898367584496, 898367606891, 22395
898419500502, 898419530703, 30201
898441780847, 898441827161, 46314
898539821576, 898539834017, 12441
898638712322, 898638815273, 102951
872056130619, 872056161249, 30630
872154778804, 872154791143, 12339
872253630922, 872253643552, 12630
872352425651, 872352436004, 10353
872451214397, 872451226040, 11643
872550010496, 872550038180, 27684
872648698564, 872648708314, 9750
872747590017, 872747604360, 14343
872846382102, 872846394720, 12618
872945134424, 872945146919, 12495
873043931858, 873043942433, 10575
873142731904, 873142744882, 12978
873241321853, 873241332128, 10275
873340292694, 873340319382, 26688
873439327052, 873439353812, 26760
873537979335, 873538009368, 30033
873636761511, 873636775674, 14163
873735488940, 873735500223, 11283
873834319865, 873834345800, 25935
873933029806, 873933046996, 17190
874031879104, 874031891248, 12144
874130657548, 874130676277, 18729
874230090392, 874230111122, 20730
874328275662, 874328288595, 12933
874427423841, 874427563647, 139806
874525807152, 874525824387, 17235
874624748280, 874624762044, 13764
874723456244, 874723467569, 11325
874822214613, 874822227333, 12720
874920994924, 874921013236, 18312
875019720506, 875019749450, 28944
875118586648, 875118600775, 14127
875217203770, 875217220468, 16698
875316168980, 875316182846, 13866
875414930320, 875414945698, 15378
875513793475, 875513808436, 14961
875612548070, 875612562593, 14523
875711381383, 875711397376, 15993
875810120066, 875810133497, 13431
875909178152, 875909196920, 18768
876007874112, 876007902360, 28248
876106511121, 876106527162, 16041
876205301217, 876205332387, 31170
876304062831, 876304073178, 10347
876402894649, 876402912664, 18015
876501643622, 876501654992, 11370
876600441703, 876600454642, 12939
876699268743, 876699287430, 18687
876798251700, 876798305175, 53475
876896817728, 876896836217, 18489
876995600597, 876995611535, 10938
877094546070, 877094559951, 13881
877193119080, 877193133750, 14670
877291833435, 877291849551, 16116
877390740981, 877390745430, 4449
877489591033, 877489601500, 10467
877588361492, 877588372172, 10680
877687164650, 877687183418, 18768
877785977791, 877785989806, 12015
877818082336, 877818116488, 34152
877884748238, 877884763277, 15039
877983528973, 877983542500, 13527
878082550349, 878082575678, 25329
878181127699, 878181148750, 21051
878280152044, 878280225508, 73464
878378739526, 878378751166, 11640
878477395805, 878477410724, 14919
878576292760, 878576306332, 13572
878675107293, 878675120094, 12801
878773866339, 878773878711, 12372
878872693038, 878872710108, 17070
878971484333, 878971500938, 16605
879070273430, 879070298156, 24726
879169041163, 879169063726, 22563
879267830818, 879267862045, 31227
879366455429, 879366471569, 16140
879465442508, 879465454448, 11940
879564216746, 879564228398, 11652
879663037376, 879663056510, 19134
879761820469, 879761832529, 12060
879860562820, 879860574199, 11379
879959401899, 879959413758, 11859
880058196579, 880058226459, 29880
880156928048, 880156937924, 9876
880255773117, 880255784250, 11133
880354512579, 880354523673, 11094
880453429975, 880453450114, 20139
880552116168, 880552126686, 10518
880650919506, 880650929643, 10137
880749731063, 880749745985, 14922
880848480266, 880848506447, 26181
880947297654, 880947307818, 10164
881046141832, 881046155700, 13868
881144860503, 881144870583, 10080
881243702929, 881243731621, 28692
881342447126, 881342464031, 16905
881441099446, 881441109412, 9966
881539878780, 881539895364, 16584
881638841669, 881638856825, 15156
881737615594, 881737621027, 5433
881836438113, 881836455234, 17121
881935515351, 881935593171, 77820
882034052347, 882034072497, 20150
882132840487, 882132857482, 16995
882231577269, 882231596196, 18927
882330430701, 882330446658, 15957
882429330983, 882429360818, 29835
882527968448, 882527999102, 30654
882626742522, 882626761581, 19059
882725615268, 882725626878, 11610
882824329113, 882824340387, 11274
882923011016, 882923039426, 28410
883021943531, 883021955135, 11604
883120735759, 883120749784, 14025
883219482643, 883219503766, 21123
883318223303, 883318234415, 11112
883417109237, 883417121741, 12504
883515924734, 883515942365, 17631
883614540404, 883614564083, 23679
883713436576, 883713449308, 12732
883812234137, 883812245984, 11847
883911063823, 883911078541, 14718
884009843257, 884009856610, 13353
884108591991, 884108603283, 11292
884207439110, 884207454218, 15108
884306333801, 884306363303, 29502
884405004423, 884405017008, 12585
884503811374, 884503824952, 13578
884602513534, 884602524532, 10998
884701352196, 884701365042, 12846
884800189828, 884800222126, 32298
884898988113, 884899016124, 28011
884997746882, 884997762932, 16050
885096547790, 885096558299, 10509
885195342532, 885195355387, 12855
885294204931, 885294220558, 15627
885392841754, 885392853925, 12171
885491734948, 885491748289, 13341
885590513087, 885590530586, 17499
885689105371, 885689117620, 12249
885788099217, 885788113611, 14394
885886863335, 885886883855, 20520
885985694130, 885985706535, 12405
886084981897, 886084996105, 14208
886183288463, 886183299107, 10644
886282068535, 886282081282, 12747
886380826858, 886380850609, 23751
886479747864, 886479778218, 30354
886578418794, 886578441576, 22782
886677240256, 886677253003, 12747
886776005139, 886776024846, 19707
886874824475, 886874853053, 28578
886973616542, 886973628614, 12072
887072348447, 887072362175, 13728
887171199008, 887171220098, 21090
887269987798, 887270003824, 16026
887368913033, 887368934936, 21903
887467691636, 887467727567, 35931
887566363355, 887566380737, 17382
887665121608, 887665134727, 13119
887763976665, 887764003149, 26484
887862711303, 887862726429, 15126
887961331089, 887961342018, 10929
888060239577, 888060252054, 12477
888159281863, 888159322480, 40617
888257932528, 888257944879, 12351
888356678946, 888356693406, 14460
888455494879, 888455517643, 22764
888554112446, 888554122202, 9756
888653062725, 888653080371, 17646
888751866692, 888751880093, 13401
888850670581, 888850682527, 11946
888949420574, 888949438616, 18042
889048245543, 889048261248, 15705
889147084555, 889147096072, 11517
889245826537, 889245845428, 18891
889344396627, 889344405510, 8883
889443406935, 889443419715, 12780
889542200029, 889542215656, 15627
889640961219, 889640978307, 17088
889739788074, 889739802762, 14688
889838370101, 889838382230, 12129
889937401002, 889937433099, 32097
890036140939, 890036159908, 18969
890134993269, 890135083584, 90315
890233726597, 890233738873, 12276
890332361004, 890332378173, 17169
890439683237, 890439690356, 7119
890530114620, 890530126200, 11580
890628881395, 890628903814, 22419
890727713748, 890727744402, 30654
890826443802, 890826455331, 11529
890925255591, 890925276204, 20613
891024052325, 891024078371, 26046
891122782719, 891122793396, 10677
891221634992, 891221657519, 22527
891331130196, 891331136232, 6036
891419261988, 891419282559, 20571
891524765527, 891524773051, 7524
891616720745, 891616742774, 22029
891716258192, 891716271329, 13137
891814392452, 891814409784, 17332
891913213213, 891913236883, 23670
892018959978, 892018978968, 18990
892110761421, 892110778833, 17412
892209749247, 892209778995, 29748
892308348101, 892308373625, 25524
892407108040, 892407119383, 11343
892505971152, 892505983443, 12291
892604882596, 892604914804, 32208
892703294353, 892703300044, 5691
892802274434, 892802286206, 11772
892901133042, 892901144940, 11898
893000009429, 893000036681, 27252
893098724966, 893098751336, 26370
893197451605, 893197465243, 13638
893296292795, 893296304630, 11835
893395019012, 893395032575, 13563
893493839933, 893493856004, 16071
893592659119, 893592675097, 15978
893691405052, 893691418558, 13506
893790404891, 893790430328, 25437
893889163783, 893889251509, 87726
893987818705, 893987830558, 11853
894086584265, 894086603711, 19446
894185351702, 894185363666, 11964
894284203860, 894284222706, 18846
894383033587, 894383067664, 34077
894481789046, 894481812563, 23517
894580588850, 894580605131, 16281
894679350857, 894679364858, 14001
894778183821, 894778199409, 15588
894876768629, 894876782585, 13956
894975749186, 894975761351, 12165
895074528986, 895074542582, 13596
895173309138, 895173320721, 11583
895272015667, 895272026581, 10914
895370888381, 895370900840, 12459
895469732116, 895469745373, 13257
895568465886, 895568495877, 29991
895667290086, 895667303436, 13350
895766042964, 895766054238, 11274
895864802737, 895864814677, 11940
895963658709, 895963671189, 12480
896062425467, 896062437629, 12162
896161259346, 896161291887, 32541
896196830718, 896196866781, 36063
896260135505, 896260167959, 32454
896358679324, 896358705691, 26367
896457608749, 896457623362, 14613
896556324537, 896556337284, 12747
896655205120, 896655216619, 11499
896753913147, 896753925255, 12108
896852573191, 896852582140, 8949
896951361747, 896951371785, 10038
897050149743, 897050158278, 8535
897149144998, 897149157235, 12237
897247940504, 897247952324, 11820
897346685636, 897346696274, 10638
897445545535, 897445558252, 12717
897544274787, 897544286763, 11976
897643138630, 897643151833, 13203
897742000269, 897742013724, 13455
897840651540, 897840672072, 20532
897939513986, 897939527132, 13146
898038254338, 898038266515, 12177
898137089275, 898137101263, 11988
898235863113, 898235875308, 12195
898334635093, 898334648419, 13326
898433426081, 898433437334, 11253
898532340452, 898532355677, 15225
898630812190, 898630820026, 7836
898729597162, 898729602355, 5193
898829032646, 898829069912, 37266
898927819011, 898927856106, 37095
899026393384, 899026428835, 35451
899125229689, 899125265668, 35979
899224278636, 899224311696, 33060
538964355876, 538964357271, 1395
539063401712, 539063411990, 10278
539162518649, 539162529098, 10449
539245062120, 539245066239, 4119
539351708837, 539351712950, 4113
539370809866, 539370817480, 7614
539450647889, 539450652527, 4638
539489400913, 539489404366, 3453
539489462788, 539489464102, 1314
539520848527, 539520853156, 4629
539520877447, 539520878626, 1179
539783401845, 539783406873, 5028
539841752588, 539841760070, 7482
539841797456, 539841799358, 1902
539925640067, 539925656720, 16653
540110837242, 540110845366, 8124
540110870365, 540110871892, 1527
541191630030, 541191648732, 18702
541191764790, 541191773049, 8259
541318909045, 541318926562, 17517
541490436716, 541490440310, 3594
541493585732, 541493588930, 3198
541493607455, 541493608712, 1257
541626191899, 541626210121, 18222
541657762984, 541657765078, 2094
541781710547, 541781727392, 16845
541801343174, 541801350017, 6843
541801370525, 541801371767, 1242
541877771394, 541877783625, 12231
541877812209, 541877813679, 1470
542019149534, 542019160442, 10908
542026754852, 542026758005, 3153
542026775672, 542026776872, 1200
542116858172, 542116861250, 3078
542116998608, 542116999979, 1371
542152482322, 542152491847, 9525
542187106287, 542187133545, 27258
542251306138, 542251310587, 4449
542058105366, 542058112737, 7371
542115813662, 542115827177, 13515
542126971408, 542126978455, 7047
542127009439, 542127010762, 1323
542262490117, 542262508780, 18663
542271893207, 542271901106, 7899
542273497703, 542273505095, 7392
542363178341, 542363182049, 3708
542363202692, 542363203940, 1248
542562246254, 542562264467, 18213
542562418064, 542562422840, 4776
542562534596, 542562535910, 1314
542661603750, 542661616800, 13050
542760511910, 542760597722, 85812
542859616896, 542859712593, 95697
542958344668, 542958355663, 10995
543057261589, 543057273544, 11955
543156179898, 543156191424, 11526
543255101499, 543255113862, 12363
543354025643, 543354037682, 12039
543452932999, 543452945377, 12378
543551963003, 543551992448, 29445
543595351337, 543595383008, 31671
543650766558, 543650782332, 15774
543749692037, 543749705636, 13599
543848669165, 543848753537, 84372
543947510122, 543947521819, 11697
544046467673, 544046478245, 10572
544145597383, 544145609197, 11814
544244299078, 544244309269, 10191
544343260869, 544343271966, 11097
544442149790, 544442160836, 11046
544540976515, 544540985512, 8997
544639785004, 544639792984, 7980
544738729286, 544738741499, 12213
544837840534, 544837852591, 12057
544936673237, 544936684394, 11157
545035723926, 545035735902, 11976
545134617652, 545134630312, 12660
545233520811, 545233543533, 22722
545332440531, 545332455051, 14520
545431354164, 545431365585, 11421
545530248121, 545530274923, 26802
545629210021, 545629220773, 10752
545728158859, 545728170841, 11982
545827036742, 545827050254, 13512
545926026360, 545926040445, 14085
546024670811, 546024679892, 9081
546123800434, 546123812827, 12393
546222748116, 546222760299, 12183
546321709265, 546321723425, 14160
546420503157, 546420515730, 12573
546519506399, 546519519152, 12753
546505842261, 546505853202, 10941
546544942367, 546544964645, 22278
546604268072, 546604278149, 10077
546649228276, 546649249363, 21087
546703338706, 546703345687, 6981
546735590063, 546735614675, 24612
546802282666, 546802292194, 9528
546844851232, 546844877032, 25800
546900868954, 546900874036, 5082
547000109101, 547000151932, 42831
547037227654, 547037254126, 26472
547099043431, 547099071175, 27744
547138126561, 547138151545, 24984
547197955277, 547197984776, 29499
547238178657, 547238202417, 23760
547310949219, 547311173124, 223905
547395205773, 547395217629, 11856
547431159597, 547431184341, 24744
547494674255, 547494703397, 29142
547527332595, 547527353145, 20550
547593650156, 547593676832, 26676
547630897758, 547630921662, 23904
547692562634, 547692590711, 28077
547726314120, 547726336032, 21912
547791642744, 547791670341, 27597
547830476463, 547830497973, 21510
547890406788, 547890434985, 28197
547935369334, 547935392251, 22917
547989420642, 547989450036, 29394
548021504408, 548021526254, 21846
548088232054, 548088259060, 27006
548124257883, 548124282432, 24549
548187404845, 548187440911, 36066
548229908080, 548229935644, 27564
548286097572, 548286124707, 27135
548317115562, 548317137993, 22431
548384932632, 548384963232, 30600
548419179586, 548419206370, 26784
548483919080, 548483927975, 8895
548515640170, 548515663792, 23622
548582825080, 548582833714, 8634
548614084175, 548614106864, 22689
548681783349, 548681792433, 9084
548732509155, 548732533107, 23952
548794741178, 548794755527, 14349
548893688413, 548893711996, 23583
548992291960, 548992304110, 12150
549091454356, 549091542736, 88380
549190286964, 549190300557, 13593
549289052119, 549289061794, 9675
549388273881, 549388299297, 25416
549486893773, 549486900985, 7212
549586156846, 549586168444, 11598
549572363238, 549572395032, 31794
549611242441, 549611267941, 25500
549670979679, 549670987998, 8319
549722248284, 549722272458, 24174
549769901602, 549769909585, 7983
549809740770, 549809764638, 23868
549868848504, 549868855041, 6537
549919579501, 549919611589, 32088
549967757037, 549967764073, 7036
550066640001, 550066669533, 29532
550109682646, 550109711992, 29346
550165596782, 550165630475, 33693
550210526930, 550210550726, 23796
550264582946, 550264625246, 42300
550309431354, 550309458633, 27279
550378327913, 550378348973, 21060
550476374937, 550476464733, 89796
550575333881, 550575433436, 99555
550674295725, 550674386919, 91194
550773084875, 550773096572, 11697
550872021489, 550872033297, 11808
550970765253, 550970779545, 14292
551072986442, 551072996570, 10128
551168726526, 551168733810, 7284
551267471852, 551267485400, 13548
551352025191, 551352037548, 12357
551398721577, 551398749792, 28215
551451346853, 551451370181, 23328
551481621992, 551481643796, 21804
551550694366, 551550703792, 9426
551582167980, 551582190708, 22728
551649779239, 551649809065, 29826
551695573681, 551695604389, 30708
551748563131, 551748570217, 7086
551783250707, 551783322806, 72099
551847246093, 551847255189, 9096
551883289789, 551883314017, 24228
551946001545, 551946010071, 8526
551980017276, 551980050666, 33390
552045046631, 552045053462, 6831
552079689135, 552079711527, 22392
552143957904, 552143965725, 7821
552172117178, 552172135811, 18633
552242872063, 552242880256, 8193
552274482911, 552274504601, 21690
552341875515, 552341881083, 5568
552373609037, 552373632503, 23466
552440828249, 552440834828, 6579
552473783476, 552473805643, 22167
552539659777, 552539667013, 7236
552571317545, 552571367699, 50154
552638624042, 552638632043, 8001
552693038390, 552693068570, 30180
552737515832, 552737526077, 10245
552787366800, 552787391484, 24684
552836424931, 552836433589, 8658
552884466972, 552884491980, 25008
552966674002, 552966691996, 17994
553048195483, 553048199440, 3957
553078425994, 553078454227, 28233
553147204250, 553147212581, 8331
553231748745, 553231756698, 7953
553239847947, 553239851949, 4002
553239870396, 553239871389, 993
553271843619, 553271869722, 26103
553330833734, 553330861913, 28179
553360741106, 553360766894, 25788
553430056209, 553430079840, 23631
553462707943, 553462732195, 24252
553528551014, 553528571015, 20001
553564040489, 553564064336, 23847
553627884635, 553628058271, 173636
553663619736, 553663640592, 20856
553726715141, 553726743911, 28770
553758742913, 553758765161, 22248
553825628832, 553825657032, 28200
553859772939, 553859795370, 22431
553924522985, 553924541756, 18771
553980186557, 553980227324, 40767
554023484420, 554023512254, 27834
554056175789, 554056196354, 20565
554122420083, 554122435563, 15480
554158033989, 554158057470, 23481
554221365599, 554221378220, 12621
554258640965, 554258668823, 27858
554320289180, 554320296908, 7728
554351856544, 554351878246, 21702
554419214550, 554419221558, 7008
554453584961, 554453612687, 27726
554517879845, 554517887615, 7770
554546427293, 554546446871, 19578
554617004950, 554617014052, 9102
554651946481, 554651971144, 24663
554715959172, 554715966036, 6864
554747051747, 554747077625, 25878
554814917910, 554814930870, 12960
554844687337, 554844713326, 25989
554913762351, 554913786246, 23895
554946774486, 554946799950, 25464
555012695656, 555012718159, 22503
555050783251, 555050806480, 23229
555111638175, 555111660321, 22146
555141153677, 555141238157, 84480
555210608528, 555210643850, 35322
555255518500, 555255541237, 22737
555309445378, 555309467017, 21639
555346426703, 555346451543, 24840
555408356591, 555408377894, 21303
555442431111, 555442459242, 28131
555507277429, 555507286066, 8637
555537477203, 555537497330, 20127
555606204277, 555606211948, 7671
555661834063, 555661862026, 27963
555705136982, 555705143195, 6213
555733295968, 555733313968, 18000
555804050052, 555804057498, 7446
555835121188, 555835141339, 20151
555902979595, 555902985745, 6150
555936929617, 555936956401, 26784
556001885513, 556001893352, 7839
556031571319, 556031593147, 21828
556100800467, 556100808696, 8229
556199764028, 556199772863, 8835
556229683952, 556229708960, 25008
556298622826, 556298630146, 7320
556328405405, 556328427605, 22200
556397598642, 556397605665, 7023
556429984527, 556430008398, 23871
556496408201, 556496414954, 6753
556525674595, 556525696297, 21702
556595387476, 556595399074, 11598
556629463475, 556629486821, 23346
556694333277, 556694340768, 7491
556729508725, 556729535248, 26523
556793195902, 556793203966, 8064
556825584544, 556825603789, 19245
556892180575, 556892189137, 8562
556920455986, 556920476044, 20058
556991069014, 556991077705, 8691
557023838651, 557023885598, 46947
557090054244, 557090067111, 12867
557136727272, 557136751899, 24627
557189182319, 557189193557, 11238
557242719935, 557242741433, 21498
557287882924, 557287889086, 6162
557323678464, 557323710390, 31926
557386761958, 557386772773, 10815
557428967379, 557428990359, 22980
557485565062, 557485573918, 8856
557520195723, 557520217638, 21915
557584569519, 557584576878, 7359
557619295714, 557619321205, 25491
557683828937, 557683836917, 7980
557722269891, 557722296903, 27012
557782706582, 557782730141, 23559
557817108205, 557817130993, 22788
557881186339, 557881208605, 22266
557925186830, 557925214070, 27240
557980483805, 557980506743, 22938
558015846270, 558015872922, 26652
558079507539, 558079515375, 7836
558111322217, 558111343370, 21153
558178169438, 558178191032, 21594
558225337012, 558225362011, 24999
558277089814, 558277098238, 8424
558307814470, 558307836739, 22269
558375990762, 558376012212, 21450
558415940183, 558415963454, 23271
558474921221, 558474946577, 25356
558507591022, 558507619441, 28419
558573815713, 558573825469, 9756
558605878525, 558605901682, 23157
558673245645, 558673261191, 15546
558731465217, 558731492211, 26994
558785410983, 558785417916, 6933
558884539154, 558884550059, 10905
558983596988, 558983608499, 11511
559021209263, 559021235180, 25917
559082615693, 559082639711, 24018
559181266634, 559181277299, 10665
559211238223, 559211264056, 25833
559280175608, 559280187830, 12222
559379186683, 559379197915, 11232
559478092150, 559478103880, 11730
559577031923, 559577043839, 11916
559675916611, 559675927768, 11157
559774828506, 559774840845, 12339
559873838568, 559873851021, 12453
559972714105, 559972729822, 15717
560071411165, 560071421845, 10680
560116359699, 560116384398, 24699
560170818651, 560170832895, 14244
560269432490, 560269445588, 13098
560368495623, 560368508106, 12483
560467344803, 560467355825, 11022
560566255209, 560566267338, 12129
560665071996, 560665085379, 13383
560764059209, 560764071191, 11982
560862990378, 560863002078, 11700
560961980335, 560961991960, 11625
561060772458, 561060783375, 10917
561159724953, 561159748935, 23982
561258613593, 561258624729, 11136
561357390976, 561357405604, 14628
561456397486, 561456408823, 11337
561555388731, 561555401844, 13113
561654250421, 561654261389, 10968
561753151550, 561753162380, 10830
561851952955, 561851960446, 7491
561951170655, 561951186558, 15903
562050027106, 562050039349, 12243
562148924444, 562148935745, 11301
562247896045, 562247909524, 13479
562293917533, 562293942130, 24597
562346768477, 562346780804, 12327
562445702880, 562445714610, 11730
562544477049, 562544505300, 28251
562629236476, 562629258610, 22134
562669832481, 562669855638, 23157
562727841442, 562727844766, 3324
562767669914, 562767693965, 24051
562827699699, 562827721641, 21942
562855585062, 562855604655, 19593
562926627708, 562926659979, 32271
562965279640, 562965303412, 23772
563025427774, 563025515020, 87246
563059449994, 563059483111, 33117
563124361389, 563124392160, 30771
563172447813, 563172472146, 24333
563222960124, 563222979444, 19320
563259411479, 563259432551, 21072
563322079294, 563322107194, 27900
563358164394, 563358193605, 29211
563420293596, 563420296824, 3228
563454211632, 563454237291, 25659
563519844577, 563519877460, 32883
563563267302, 563563306716, 39414
563618932743, 563618963877, 31134
563660850900, 563660875131, 24231
563718298899, 563718335445, 36546
563761229738, 563761267649, 37911
563816449713, 563816463849, 14136
563850269390, 563850291851, 22461
563915269131, 563915293209, 24078
563954724849, 563954758107, 33258
564014267757, 564014294559, 26802
564047783258, 564047805905, 22647
564113562719, 564113591768, 29049
564153517693, 564153542509, 24816
564212029819, 564212037019, 7200
564244803975, 564244841685, 37710
564311217421, 564311246866, 29445
564344884672, 564344906362, 21690
564409862396, 564409869851, 7455
564445186968, 564445215963, 28995
564509026025, 564509049959, 23934
564541154916, 564541199940, 45024
564607851026, 564607878143, 27117
564640692932, 564640715162, 22230
564706854705, 564706863960, 9255
564738976314, 564739020798, 44484
564806048146, 564806074597, 26451
564838453480, 564838474909, 21429
564904733258, 564904762370, 29112
564956932015, 564956958262, 26247
565003133790, 565003139256, 5466
565036058717, 565036083209, 24492
565102697196, 565102723008, 25812
565135205155, 565135225684, 20529
565201492072, 565201520185, 28113
565229562544, 565229598979, 36435
565300385004, 565300411443, 26439
565399209788, 565399238366, 28578
565432717522, 565432747057, 29535
565498436611, 565498464913, 28302
565528972578, 565529012727, 40149
565597294824, 565597322457, 27633
565627965023, 565627987265, 22242
565696358068, 565696383676, 25608
565727879373, 565727919189, 39816
565795426665, 565795456812, 30147
565826768043, 565826790186, 22143
565894090675, 565894108282, 17607
565927709857, 565927734244, 24387
565992880028, 565992895370, 15342
566024519601, 566024557878, 38277
566092041881, 566092071212, 29331
566124542136, 566124564651, 22515
566190674639, 566190690869, 16230
566225806780, 566225831494, 24714
566289856266, 566289866064, 9798
566321839538, 566321863394, 23856
566388935836, 566388943309, 7473
566426990231, 566427014855, 24624
566487464704, 566487473797, 9093
566518920913, 566518943803, 22890
566586627262, 566586638353, 11091
566617041933, 566617064994, 23061
566685322771, 566685330097, 7326
566722621582, 566722645453, 23871
566784200219, 566784207752, 7533
566813788262, 566813808335, 20073
566883033373, 566883041626, 8253
566915531594, 566915553431, 21837
566981884288, 566981890462, 6174
567018192035, 567018216350, 24315
567080703587, 567080711504, 7917
567110061376, 567110081251, 19875
567179555710, 567179562382, 6672
567212051367, 567212073228, 21861
567278391364, 567278400355, 8991
567311133823, 567311155741, 21918
567377306548, 567377312647, 6099
567408162572, 567408190718, 28146
567476132793, 567476140791, 7998
567509115566, 567509144690, 29124
567574968638, 567574980932, 12294
567602869866, 567602890092, 20226
567673772871, 567673781868, 8997
567719170929, 567719194323, 23394
567772578332, 567772584755, 6423
567808081808, 567808106633, 24825
567871448742, 567871455966, 7224
567903042588, 567903065139, 22551
567970288019, 567970296620, 8601
568006741958, 568006765835, 23877
568069156433, 568069162937, 6504
568112736588, 568112761407, 24819
568167990403, 568167999772, 9369
568199944061, 568199966246, 22185
568266827914, 568266835714, 7800
568302310655, 568302333188, 22533
568365657550, 568365663898, 6348
568464365981, 568464371780, 5799
568503805478, 568503832616, 27138
568563327753, 568563357153, 29400
568593700288, 568593721411, 21123
568662153540, 568662180051, 26511
568691856434, 568691878490, 22056
568760704494, 568760710620, 6126
568789719272, 568789741910, 22638
568859842391, 568859867009, 24618
568899849806, 568899875684, 25878
568958493726, 568958528112, 34386
569001632942, 569001658994, 26052
569057540778, 569057566080, 25302
569089591305, 569089621329, 30024
569156397629, 569156421653, 24024
569184508458, 569184529242, 20784
569254757667, 569254807007, 49340
569296801034, 569296824278, 23244
569354072954, 569354088038, 15084
569391695127, 569391719463, 24336
569452929785, 569452955726, 25941
569498521176, 569498544162, 22986
569551794218, 569551803983, 9765
569585701417, 569585724379, 22962
569650400481, 569650417593, 17112
569680781546, 569680808585, 27039
569749264056, 569749284567, 20511
569795108444, 569795134109, 25665
569848256985, 569848266090, 9105
569886765406, 569886787093, 21687
569947106651, 569947134617, 27966
570003799183, 570003823435, 24252
570045974446, 570046003051, 28605
570084279807, 570084299760, 19953
570144659147, 570144667994, 8847
570175725600, 570175748907, 23307
570243471211, 570243488050, 16839
570274131514, 570274153786, 22272
570342736139, 570342746558, 10419
570371805020, 570371824265, 19245
570441388429, 570441395818, 7389
570474702910, 570474724603, 21693
570540148705, 570540157225, 8520
570576372234, 570576398073, 25839
570638983409, 570638991755, 8346
570670614245, 570670635668, 21423
570737832228, 570737839647, 7419
570785555158, 570785583544, 28386
570836655240, 570836663070, 7830
570868899510, 570868928193, 28683
570935513278, 570935521843, 8565
570985229950, 570985256284, 26334
571034385202, 571034391988, 6786
571075708520, 571075732400, 23880
571133211958, 571133219923, 7965
571170859920, 571170887025, 27105
571232053272, 571232058855, 5583
571265982995, 571266008351, 25356
571330886463, 571330894731, 8268
571368484716, 571368507771, 23055
571429725657, 571429734285, 8628
571528360281, 571528373844, 13563
571568225780, 571568264249, 38469
571627437562, 571627446361, 8799
571659432049, 571659454765, 22716
571726241554, 571726250194, 8640
571758799938, 571758830772, 30834
571825057582, 571825072102, 14520
571857652026, 571857673422, 21396
571923924764, 571923947573, 22809
571955380259, 571955409944, 29685
572022759056, 572022781409, 22353
572058476905, 572058499846, 22941
572121617300, 572121626717, 9417
572152146136, 572152168522, 22386
572220435431, 572220458024, 22593
572251917575, 572251941623, 24048
572319330803, 572319352706, 21903
572358534692, 572358558575, 23883
572418123171, 572418132669, 9498
572449677728, 572449698878, 21150
572516979976, 572516987692, 7716
572547498071, 572547520067, 21996
572615591882, 572615844416, 252534
572649139716, 572649165519, 25803
572714684195, 572714690783, 6588
572757888620, 572757911252, 22632
572813505637, 572813514874, 9237
572860528960, 572860560781, 31821
572911947286, 572911950256, 2970
572943131605, 572943153010, 21405
573011179566, 573011199843, 20277
573044318454, 573044339793, 21339
573110104432, 573110131192, 26760
573154150078, 573154176607, 26529
573208817915, 573208846790, 28875
573241426303, 573241449358, 23055
573307724724, 573307734273, 9549
573351108003, 573351130326, 22323
573406617269, 573406644320, 27051
573448762040, 573448784924, 22884
573505377057, 573505383549, 6492
573543271763, 573543295025, 23262
573604226726, 573604253132, 26406
573648765819, 573648795531, 29712
573703004944, 573703029010, 24066
573732113841, 573732136314, 22473
573801943557, 573801968082, 24525
573832098319, 573832119745, 21426
573900435464, 573900450092, 14628
573933076001, 573933096407, 20406
573999548378, 573999574574, 26196
574031212812, 574031234481, 21669
574098019665, 574098046710, 27045
574136266758, 574136293680, 26922
574197165647, 574197482520, 316873
574228908587, 574228930367, 21780
574296176780, 574296200912, 24132
574340574548, 574340596211, 21663
574394993515, 574395019633, 26118
574429465910, 574429492436, 26526
574493811453, 574493819079, 7626
574592753306, 574592774726, 21420
574637008126, 574637050021, 41895
574691510944, 574691520490, 9546
574733248493, 574733282303, 33810
574790311441, 574790321227, 9786
574825255663, 574825280695, 25032
574889145312, 574889176404, 31092
574925096424, 574925131431, 35007
574987961243, 574987992230, 30987
575019425116, 575019445969, 20853
575086847402, 575086877735, 30333
575118573108, 575118595056, 21948
575185696022, 575185721504, 25482
575221447540, 575221472788, 25248
575284540133, 575284573064, 32931
575317273583, 575317296353, 22770
575383367694, 575383452648, 84954
575419874168, 575419897646, 23478
575482218577, 575482250179, 31602
575518123955, 575518145768, 21813
575581059779, 575581090163, 30384
575613895074, 575613935157, 40083
575679970348, 575680017319, 46971
575726798654, 575726841317, 42663
575778905601, 575778921636, 16035
575812550709, 575812574655, 23946
575877618174, 575877648606, 30432
575907257449, 575907290854, 33405
575976525057, 575976561894, 36837
576013986152, 576014010050, 23898
576074819996, 576074849750, 29754
576115013958, 576115036662, 22704
576174078599, 576174105449, 26850
576215729781, 576215758137, 28356
576272648786, 576272661230, 12444
576306000779, 576306022190, 21411
576371416614, 576371426304, 9690
576402310217, 576402331601, 21384
576470517695, 576470542883, 25188
576521810874, 576521841321, 30447
576583223654, 576583230965, 7311
576682081416, 576682095918, 14502
576781162881, 576781247160, 84279
576814882410, 576814920906, 38496
576881207756, 576881228450, 20694
576978585302, 576978591098, 5796
577077623392, 577077673339, 49947
577176291465, 577176305739, 14274
577275113598, 577275121728, 8130
577374140406, 577374151761, 11355
577472974662, 577472986473, 11811
577571862538, 577571945206, 82668
577603529981, 577603574867, 44886
577671244054, 577671304720, 60666
577769345363, 577769358563, 13200
577868383815, 577868396379, 12564
577967348669, 577967361461, 12792
578066065429, 578066079358, 13929
578164963219, 578164974562, 11343
578263707499, 578263721065, 13566
578363977729, 578364026686, 48957
578462141873, 578462198273, 56400
578560236984, 578560251060, 14076
578659213687, 578659227040, 13353
578757915013, 578757926965, 11952
578856568491, 578856578280, 9789
578955602685, 578955614253, 11568
579054293327, 579054304502, 11175
579081987230, 579082014812, 27582
579153651902, 579153665750, 13848
579252040576, 579252050191, 9615
579336586277, 579336593474, 7197
579373969646, 579373997390, 27744
579436217837, 579436242146, 24309
579471396978, 579471418032, 21054
579534680712, 579534703158, 22446
579564159290, 579564180368, 21078
579633582748, 579633617857, 35109
579676070740, 579676095601, 24861
579732667374, 579732716715, 49341
579766579783, 579766614250, 34467
579831216677, 579831260375, 43698
579877612067, 579877647089, 35022
579943840022, 579943846379, 6357
580042865065, 580042878496, 13431
580141709710, 580141797376, 87666
580240565455, 580240577176, 11721
580339234600, 580339251001, 16401
580438009784, 580438013561, 3777
580536899667, 580536911832, 12165
580621672786, 580621691830, 19044
580671196951, 580671227869, 30918
580721108105, 580721141618, 33513
580763677364, 580763702012, 24648
580819749577, 580819797208, 47631
580863789974, 580863838760, 48786
580918512885, 580918547460, 34575
580961783418, 580961805753, 22335
581016715898, 581016723710, 7812
581049051716, 581049073313, 21597
581116212136, 581116246957, 34821
581146948586, 581146972235, 23649
581214988304, 581215022240, 33936
581249593242, 581249619228, 25986
581313853309, 581313886261, 32952
581344652007, 581344685802, 33795
581412690112, 581412722359, 32247
581443791530, 581443813841, 22311
581511455308, 581511461023, 5715
581542838158, 581542883080, 44922
581610397429, 581610406267, 8838
581651958339, 581651993835, 35496
581709533267, 581709543644, 10377
581740882293, 581740904850, 22557
581808084905, 581808092624, 7719
581839726276, 581839753747, 27471
581906931188, 581906939837, 8649
581938184024, 581938206125, 22101
582005656236, 582005664324, 8088
582035708177, 582035746808, 38631
582104129687, 582104144798, 15111
582153986914, 582154025821, 38907
582203180716, 582203185639, 4923
582232335762, 582232357449, 21687
582301867744, 582301873234, 5490
582334428626, 582334476761, 48135
582401377854, 582401412942, 35088
582432831837, 582432858525, 26688
582500354222, 582500361401, 7179
582535448677, 582535490515, 41838
582599052988, 582599060872, 7884
582628658642, 582628680389, 21747
582697566548, 582697572734, 6186
582744205249, 582744260560, 55311
582795956941, 582795959923, 2982
582834423850, 582834450544, 26694
582895324282, 582895331128, 6846
582929676690, 582929701158, 24468
582994132763, 582994141097, 8334
583036793790, 583036816284, 22494
583093053084, 583093060617, 7533
583125740989, 583125762064, 21075
583192004323, 583192018597, 14274
583224815263, 583224837427, 22164
583290670670, 583290678083, 7413
583321104528, 583321126110, 21582
583389539521, 583389547588, 8067
583422182157, 583422201945, 19788
583488328430, 583488335636, 7206
583520129331, 583520170200, 40869
583586936593, 583586942497, 5904
583619375482, 583619410705, 35223
583685846770, 583685859148, 12378
583784778342, 583784782806, 4464
583826689899, 583826716881, 26982
583883727913, 583883735239, 7326
583919653982, 583919674994, 21012
583982569659, 583982576613, 6954
584017199893, 584017222177, 22284
584081399817, 584081406090, 6273
584134129717, 584134154350, 24633
584179835814, 584179838874, 3060
584210751359, 584210773559, 22200
584279072099, 584279080589, 8490
584310278604, 584310300153, 21549
584377930192, 584377937605, 7413
584420791843, 584420848621, 56778
584476755471, 584476764156, 8685
584506258150, 584506278175, 20025
584575598271, 584575613097, 14826
584604457373, 584604479210, 21837
584674472552, 584674480334, 7782
584704761538, 584704791364, 29826
584773591083, 584773603014, 11931
584803427321, 584803449893, 22572
584872410480, 584872428114, 17634
584905605319, 584905631599, 26280
584971013221, 584971041769, 28548
585002135816, 585002172449, 36633
585070039779, 585070070625, 30846
585100048033, 585100060633, 12600
585168811087, 585168924886, 113799
585216343657, 585216369622, 25965
585267491359, 585267520702, 29343
585300221075, 585300244244, 23169
585366135025, 585366275957, 140932
585400089227, 585400158599, 69372
585485849631, 585485904372, 54741
585486715032, 585486720969, 5937
585515013144, 585515016948, 3804
585515036967, 585515038074, 1107
585572450377, 585572479807, 29430
585622707839, 585622717358, 9519
585628984616, 585628990532, 5916
585675056393, 585675080084, 23691
585730045079, 585730051205, 6126
585730309301, 585730310711, 1410
585736422392, 585736426949, 4557
585777314003, 585777336731, 22728
585823583562, 585823590633, 7071
585874303841, 585874311215, 7374
585973338237, 585973423242, 85005
586072179287, 586072192123, 12836
586171012842, 586171029090, 16248
586269853954, 586269866830, 12876
586368701666, 586368712106, 10440
586467536093, 586467548291, 12198
586566445972, 586566458584, 12612
586665424364, 586665441308, 16944
586764068428, 586764081190, 12762
586794892144, 586794917461, 25317
586862787702, 586862798481, 10779
586961775788, 586961787362, 11574
587060608038, 587060636517, 28479
587159459266, 587159474539, 15273
587258245212, 587258256915, 11703
587357483552, 587357514029, 30477
587455988357, 587456000444, 12087
587554833206, 587555035556, 202350
587653482960, 587653497477, 14517
587752490902, 587752504018, 13116
587851298793, 587851312944, 14151
587950278491, 587950295138, 16647
588049025115, 588049042170, 17055
588147854150, 588147868295, 14145
588246663098, 588246675314, 12216
588345533791, 588345546118, 12327
588444378002, 588444389792, 11790
588543226437, 588543239565, 13128
588642061392, 588642073449, 12057
588740932277, 588740944799, 12522
588839741316, 588839753028, 11712
588938576009, 588938589356, 13347
589037535916, 589037564806, 28890
589136062275, 589136067918, 5643
589235119685, 589235130275, 10590
589334033883, 589334044833, 10950
589432633827, 589432647357, 13530
589531656676, 589531668019, 11343
589630354791, 589630366245, 11454
589729342650, 589729352520, 9870
589828147176, 589828160676, 13500
589926971561, 589927037852, 66291
590025869896, 590025880639, 10743
590124671991, 590124690894, 18903
590223617363, 590223628514, 11151
590322392013, 590322407790, 15777
590421243775, 590421256762, 12987
590520018809, 590520031586, 12777
590618951676, 590618965758, 14082
590717793531, 590717807754, 14223
590816562563, 590816577506, 14943
590915404933, 590915607055, 202122
591014274132, 591014277456, 3324
591113076132, 591113086869, 10737
591211752796, 591211765822, 13026
591310767794, 591310780862, 13068
591409638275, 591409649912, 11637
591508479113, 591508492952, 13839
591607420044, 591607449057, 29013
591706168958, 591706182176, 13218
591804984027, 591804996936, 12909
591903831824, 591903858302, 26478
592002803607, 592002817761, 14154
592101585693, 592101601083, 15390
592200351227, 592200363005, 11778
592299208123, 592299220261, 12138
592398062352, 592398074289, 11937
592496867490, 592496879472, 11982
592595716765, 592595728882, 12117
592694592778, 592694609623, 16845
592793436456, 592793447706, 11250
592892319661, 592892331733, 12072
592919036803, 592919062063, 25260
592991076280, 592991088685, 12405
593089737074, 593089748573, 11499
593188826898, 593188843440, 16542
593287626297, 593287638969, 12672
593386476033, 593386488087, 12054
593485316631, 593485329597, 12966
593584127789, 593584139762, 11973
593682770250, 593682774291, 4041
593781866371, 593781896863, 30492
593880619722, 593880634722, 15000
593979529120, 593979567805, 38685
594078245168, 594078257273, 12105
594177180110, 594177202283, 22173
594276014009, 594276035147, 21138
594374890510, 594374903599, 13089
594473809276, 594473822251, 12975
594572536065, 594572548461, 12396
594671467186, 594671478544, 11358
594770046213, 594770057964, 11751
594869092112, 594869112341, 20229
594967972184, 594967983203, 11019
595066887898, 595066912180, 24282
595165551338, 595165562345, 11007
595264574321, 595264586255, 11934
595363368526, 595363381465, 12939
595462122854, 595462145369, 22515
595561070906, 595561083323, 12417
595659809329, 595659821752, 12423
595758738918, 595758752658, 13740
595857482323, 595857493672, 11349
595956185236, 595956196084, 10848
595997290569, 595997320230, 29661
596055199817, 596055212240, 12423
596153985583, 596153999794, 14211
596252857246, 596252869132, 11886
596351785603, 596351819845, 34242
596450339610, 596450353380, 13770
596549338306, 596549351224, 12918
596648249849, 596648268287, 18438
596747045580, 596747060634, 15054
596845871140, 596845883338, 12198
596944716423, 596944728810, 12387
597043584854, 597043596707, 11853
597142474961, 597142507691, 32730
597241279775, 597241292663, 12888
597340110734, 597340121105, 10371
597438959511, 597438971181, 11670
597537765990, 597537775890, 9900
597636548915, 597636558278, 9363
597735456486, 597735467289, 10803
597834232191, 597834242988, 10797
597933160637, 597933176198, 15561
598032018403, 598032029587, 11184
598130669828, 598130685488, 15660
598229688076, 598229699914, 11838
598328508560, 598328518418, 9858
598427368033, 598427384224, 16191
598526115049, 598526126482, 11433
598625016989, 598625027393, 10404
598723847214, 598723856538, 9324
598822769042, 598822781861, 12819
598921585567, 598921595971, 10404
599020449044, 599020488481, 39437
599048781115, 599048806516, 25401
599119223489, 599119236440, 12951
599218160484, 599218220934, 60450
599316923058, 599316943062, 20004
599415788954, 599415802712, 13758
599514758417, 599514784103, 25686
599613423875, 599613437324, 13449
599712349491, 599712375945, 26454
599811279694, 599811326170, 46476
599909786917, 599909799697, 12780
600008765215, 600008778592, 13377
600107671953, 600107684265, 12312
600206504293, 600206516521, 12228
600305313832, 600305330914, 17082
600404129157, 600404140479, 11322
600503034273, 600503063853, 29580
600601643706, 600601651983, 8277
600700726213, 600700740081, 13868
600799499371, 600799511488, 12117
600898354857, 600898366797, 11940
600997251018, 600997273434, 22416
601096229170, 601096260292, 31122
601194935858, 601194955424, 19566
601293637090, 601293658648, 21558
601392614569, 601392626047, 11478
601491414331, 601491426568, 12237
601590269557, 601590283960, 14403
601689069254, 601689081251, 11997
601787937854, 601787949239, 11385
601886841767, 601886853185, 11418
601985594763, 601985606838, 12075
602084463527, 602084475359, 11832
602183180517, 602183183973, 3456
602282134675, 602282147299, 12624
602381031994, 602381062039, 30045
602479834447, 602479848052, 13605
602578703075, 602578715111, 12036
602677710082, 602677734145, 24063
602776349007, 602776364769, 15762
602875176538, 602875198978, 22440
602974025161, 602974038868, 13707
603072715130, 603072728354, 13224
603171920827, 603171943279, 22452
603270547005, 603270560055, 13050
603369440517, 603369454413, 13896
603468517955, 603468533942, 15987
603567148731, 603567165480, 16749
603665981669, 603665997386, 15717
603764760478, 603764773387, 12909
603863632080, 603863646414, 14334
603962438365, 603962450224, 11859
604061313318, 604061327955, 14637
604160128006, 604160142928, 14922
604258977553, 604258989310, 11757
604357829947, 604357851622, 21675
604456583891, 604456619075, 35184
604555510999, 604555524271, 13272
604654340357, 604654351055, 10698
604753197028, 604753208863, 11835
604852158029, 604852187573, 29544
604889038236, 604889070021, 31785
604950905205, 604950917751, 12546
605049722800, 605049736120, 13320
605148496553, 605148600875, 104322
605191177780, 605191208461, 30681
605247466471, 605247479377, 12906
605346253469, 605346267887, 14418
605445109053, 605445121761, 12708
605543954467, 605543967715, 13248
605642821296, 605642840391, 19095
605741611686, 605741626836, 15150
605840476533, 605840493084, 16551
605939355118, 605939372410, 17292
606038159353, 606038171236, 11883
606137024226, 606137034348, 10122
606235841593, 606235853314, 11721
606334702619, 606334713170, 10551
606433477885, 606433481359, 3474
606532368251, 606532379258, 11007
606631218598, 606631247140, 28542
606729979755, 606729997152, 17397
606828842457, 606828852336, 9879
606927515389, 606927526426, 11037
607026562750, 607026574603, 11853
607125416058, 607125426156, 10098
607224222152, 607224239195, 17043
607323191301, 607323204159, 12858
607421912404, 607421926969, 14565
607520750479, 607520764480, 14001
607620406847, 607620417797, 10950
607718470161, 607718490678, 20517
607817372966, 607817390411, 17445
607916025230, 607916043776, 18546
608015086870, 608015099833, 12963
608113801249, 608113821442, 20193
608212726238, 608212779743, 53505
608311696636, 608311723621, 26985
608410317593, 608410329653, 12060
608509138819, 608509164682, 25863
608608032238, 608608045645, 13407
608706857151, 608706884115, 26964
608805730892, 608805751532, 20640
608904575760, 608904613140, 37380
609003367176, 609003388080, 20904
609102255783, 609102272880, 17097
609200899385, 609200919479, 20094
609299889413, 609299902343, 12930
609398765060, 609398964212, 199152
609497545720, 609497556403, 10683
609596419438, 609596441488, 22050
609695475568, 609695543488, 67920
609794140114, 609794166322, 26208
609892980431, 609893005589, 25158
609991787173, 609991811152, 23979
610090599229, 610090610008, 10779
610189745891, 610189825112, 79221
610288331961, 610288344681, 12720
610387005608, 610387015868, 10260
610486048576, 610486068727, 20151
610584818752, 610584833878, 15126
610683773770, 610683788794, 15024
610782531442, 610782543934, 12492
610881249148, 610881260179, 11031
610980226293, 610980241755, 15462
610669710715, 610669720198, 9483
610713436267, 610713459721, 23454
610768281083, 610768295006, 13923
610797699397, 610797721876, 22479
610867400726, 610867423064, 22338
610915818502, 610915842025, 23523
610966260272, 610966269659, 9387
610998136437, 610998163011, 26574
611065082934, 611065104588, 21654
611105142602, 611105165003, 22401
611163904745, 611163928448, 23703
611197625402, 611197649792, 24390
611262775070, 611262789596, 14526
611361612097, 611361640498, 28401
611403406166, 611403432260, 26094
611460431190, 611460457806, 26616
611492487734, 611492521244, 33510
611559278671, 611559305821, 27150
611590806450, 611590829823, 23373
611658148248, 611658175581, 27333
611696499983, 611696522165, 22182
611756669408, 611756702576, 33168
611796274208, 611796295316, 21108
611855817711, 611855846655, 28944
611893610348, 611893635251, 24903
611954482370, 611954507693, 25323
611985200546, 611985222404, 21858
612053504072, 612053535752, 31680
612092880876, 612092945322, 64446
612152366638, 612152381812, 15174
612181811183, 612181831034, 19851
612250927067, 612250973012, 45945
612283605008, 612283634585, 29577
612350031080, 612350059997, 28917
612382575703, 612382598683, 22980
612448790949, 612448819854, 28905
612479552620, 612479573887, 21267
612547707351, 612547734609, 27258
612583212365, 612583233170, 20805
612646550237, 612646578671, 28434
612675648911, 612675669551, 20640
612745396966, 612745478485, 81519
612787313213, 612787335248, 22035
612844062402, 612844084419, 22017
612875999044, 612876021328, 22284
612943059659, 612943086791, 27132
612980573077, 612980599468, 26391
613041909640, 613041936982, 27342
613079456925, 613079493684, 36759
613140739257, 613140764127, 24870
613179418435, 613179451186, 32751
613239579813, 613239605043, 25230
613285790023, 613285823173, 33150
613337794226, 613337797571, 3345
613372828446, 613372852737, 24291
613437298291, 613437322477, 24186
613469159573, 613469181638, 22065
613536107245, 613536133021, 25776
613570380905, 613570403153, 22248
613635082994, 613635096560, 13566
613667375571, 613667400006, 24435
613733771058, 613733779821, 8763
613766889692, 613766911790, 22098
613832632650, 613832640009, 7359
613871038799, 613871069564, 30765
613931492616, 613931500458, 7842
613971731571, 613971754152, 22581
614030309019, 614030318250, 9231
614060522471, 614060542511, 20040
614129106305, 614129137751, 31446
614168610548, 614168644499, 33951
614227892054, 614227917839, 25785
614256510865, 614256532057, 21192
614326772417, 614326787165, 14748
614425704298, 614425713436, 9138
614461940912, 614461967681, 26769
614524464330, 614524494672, 30342
614554938936, 614554962261, 23325
614623378648, 614623387861, 9213
614653375237, 614653399312, 24075
614722213255, 614722222579, 9324
614751869972, 614751892589, 22617
614821072353, 614821081074, 8721
614865403383, 614865424116, 20733
614919912272, 614919920618, 8346
614954581870, 614954629438, 47568
615018818689, 615018834910, 16221
615047568246, 615047588616, 20370
615117582288, 615117589380, 7092
615151072009, 615151096342, 24333
615216431688, 615216438459, 6771
615246113519, 615246135752, 22233
615315282389, 615315293336, 10947
615346265134, 615346286155, 21021
615414107348, 615414135230, 27882
615461942145, 615461963724, 21579
615512936939, 615512964245, 27306
615543940423, 615543963148, 22725
615611800917, 615611828460, 27543
615642891746, 615642913418, 21672
615710923556, 615710961728, 38172
615754196788, 615754229413, 32625
615809452160, 615809489168, 37008
615840381259, 615840403579, 22320
615907675745, 615907679921, 4176
615949849733, 615949872998, 23265
616006931424, 616006959042, 27618
616040055546, 616040078499, 22953
616105991252, 616106018243, 26991
616137506045, 616137526418, 20373
616204825198, 616204854235, 29037
616236257750, 616236295682, 37932
616303669178, 616303700042, 30864
616335484720, 616335505822, 21102
616402516294, 616402547641, 31347
616449091653, 616449114966, 23313
616501321879, 616501353805, 31926
616533986604, 616534008045, 21441
616600197668, 616600206857, 9189
616640664615, 616640686548, 21933
616699052913, 616699059153, 6240
616746474710, 616746495656, 20946
616798088307, 616798096470, 8163
616845295187, 616845327125, 31938
616896708485, 616896717932, 9447
616955342998, 616955368402, 25404
616995286901, 616995291194, 4293
617029432473, 617029461489, 29016
617094278460, 617094288204, 9744
617130258233, 617130281819, 23586
617193283816, 617193292774, 8958
617223506750, 617223545336, 38586
617292283865, 617292292088, 8223
617333595275, 617333615414, 20139
617390941270, 617390947108, 5838
617433996486, 617434019061, 22575
617489984690, 617489992496, 7806
617525498784, 617525519457, 20673
617588599588, 617588605897, 6309
617619058960, 617619080230, 21270
617687288202, 617687296179, 7977
617720386691, 617720410367, 23676
617800300231, 617800314022, 13791
617900400065, 617900479760, 79695
617998018549, 617998122910, 104361
618096772979, 618096854825, 81846
618195533715, 618195545307, 11592
618294440301, 618294452115, 11814
618393090872, 618393101552, 10680
618492079850, 618492091490, 11640
618591000829, 618591013054, 12225
618689869776, 618689879952, 10176
618788649124, 618788659936, 10812
618887503684, 618887517067, 13383
618986401121, 618986432528, 31407
619085236815, 619085249916, 13101
619183990042, 619184001421, 11379
619282859638, 619282872556, 12918
619381513846, 619381524301, 10455
619480555725, 619480567131, 11406
619579460371, 619579471774, 11403
619678340982, 619678352904, 11922
619777080361, 619777093975, 13614
619875966170, 619875978707, 12537
619974832177, 619974843505, 11328
620073610706, 620073624620, 13914
620172468723, 620172471951, 3228
620271406527, 620271426405, 19878
620370183820, 620370195916, 12096
620468989747, 620469001531, 11784
620503026068, 620503050437, 24369
620567900480, 620567914541, 14061
620666470856, 620666484872, 14016
620765442572, 620765453639, 11067
620864322278, 620864332001, 9723
620963191864, 620963204077, 12213
621062033870, 621062045921, 12051
621160885307, 621160898282, 12975
621259718343, 621259729299, 10956
621358524882, 621358536822, 11940
621457365266, 621457377962, 12696
621556236829, 621556248922, 12093
621655076434, 621655088548, 12114
621753892146, 621753904485, 12339
621852730693, 621852742786, 12093
621951552681, 621951565395, 12714
622050419766, 622050431541, 11775
622149266983, 622149280519, 13536
622248097277, 622248109478, 12201
622346757484, 622346770759, 13275
622445572395, 622445580307, 7912
622544704044, 622544717481, 13437
622643509895, 622643527007, 17112
622742333702, 622742352476, 18774
622841085438, 622841097294, 11856
622940012199, 622940037423, 25224
623038877555, 623038883630, 6075
623137786859, 623137820027, 33168
623236617227, 623236649252, 32025
623335431871, 623335445536, 13665
623434274811, 623434298115, 23304
623533057721, 623533070861, 13140
623631671805, 623631683589, 11784
623730708183, 623730722334, 14151
623829584372, 623829599291, 14919
623928428126, 623928443063, 14937
624027234105, 624027248295, 14190
624126105015, 624126118584, 13569
624224768274, 624224782788, 14514
624323758453, 624323770996, 12543
624422613236, 624422616494, 3258
624112046247, 624112069896, 23649
624146994555, 624147016983, 22428
624210979455, 624210987147, 7692
624253425111, 624253452540, 27429
624309838949, 624309845078, 6129
624341390596, 624341419360, 28764
624408664676, 624408672902, 8226
624437983496, 624438002744, 19248
624507526285, 624507533176, 6891
624536066523, 624536086425, 19902
624606352159, 624606358726, 6567
624637748653, 624637811767, 63114
624704820711, 624704829525, 8814
624734172524, 624734217779, 45255
624804048375, 624804054750, 6375
624833205604, 624833238796, 33192
624902720984, 624902746382, 25398
624930736097, 624930755495, 19398
625001702458, 625001727502, 25044
625048839344, 625048862117, 22773
625100550269, 625100586740, 36471
625139547741, 625139572341, 24600
625199471904, 625199509662, 37758
625228114585, 625228136398, 21813
625298228436, 625298258160, 29724
625326785666, 625326806606, 20940
625396850733, 625396881039, 30306
625424866295, 625424887406, 21111
625495728605, 625495740464, 11859
625527696261, 625527724035, 27774
625594761741, 625594792263, 30522
625623143092, 625623166249, 23157
625693592664, 625693623726, 31062
625732783077, 625732806948, 23871
625792423556, 625792453253, 29697
625823377158, 625823399559, 22401
625891107249, 625891134222, 26973
625919239037, 625919260988, 21951
625989888840, 625989922233, 33393
626033733445, 626033760226, 26781
626088968912, 626089028306, 59394
626117460377, 626117501165, 40788
626187945740, 626187975482, 29742
626216722341, 626216744877, 22536
626286554888, 626286570350, 15462
626385170950, 626385198067, 27117
626417070291, 626417098938, 28647
626484556082, 626484586997, 30915
626514093967, 626514117364, 23397
626582949743, 626582972189, 22446
626622196241, 626622221510, 25269
626682276209, 626682309578, 33369
626711493591, 626711512107, 18516
626780708933, 626780743808, 34875
626829116118, 626829140778, 24660
626879442642, 626879453562, 10920
626908031525, 626908051562, 20037
626978563289, 626978597297, 34008
627024834812, 627024858938, 24126
627077376819, 627077411025, 34206
627110192122, 627110214622, 22500
627176215580, 627176250164, 34584
627206607586, 627206630416, 22830
627274926614, 627274955339, 28725
627305892122, 627305931062, 38940
627373866300, 627373892844, 26544
627403282037, 627403301495, 19458
627472912578, 627472940823, 28245
627503255422, 627503290903, 35481
627571529950, 627571557070, 27120
627602489305, 627602525452, 36147
627670515150, 627670544559, 29409
627700400561, 627700422254, 21693
627769267398, 627769293987, 26589
627799228526, 627799264727, 36201
627868131998, 627868162490, 30492
627910551986, 627910574498, 22512
627966958904, 627966976307, 17403
628010054608, 628010078224, 23616
628065812360, 628065821747, 9387
628094329055, 628094349767, 20712
628164713397, 628164723114, 9717
628212842807, 628212871361, 28554
628263483665, 628263490136, 6471
628293387288, 628293409668, 22380
628362322610, 628362328814, 6204
628394209666, 628394232874, 23208
628461136789, 628461144949, 8160
628491164049, 628491186099, 22050
628560012450, 628560016779, 4329
628588904241, 628588926543, 22302
628658823159, 628658831313, 8154
628695223940, 628695247280, 23340
628757650426, 628757658040, 7614
628794155592, 628794189585, 33993
628856501438, 628856511101, 9663
628885957702, 628885980493, 22791
628955450838, 628955466186, 15348
628984379077, 628984417270, 38193
629054295096, 629054307633, 12537
629093916033, 629093960949, 44916
629153014203, 629153022930, 8727
629181663530, 629181684761, 21231
629251590185, 629251596983, 6798
629290293674, 629290317218, 23544
629350717213, 629350724626, 7413
629384120040, 629384140620, 20580
629449557048, 629449565416, 8368
629478605413, 629478626212, 20799
629548457959, 629548471054, 13095
629589122706, 629589147831, 25125
629646912866, 629646916445, 3579
629746089778, 629746120528, 30750
629781588926, 629781611609, 22683
629844929291, 629844959363, 30072
629875766912, 629875790042, 23130
629943621910, 629943632524, 10614
629984831591, 629984853770, 22179
630042616702, 630042646093, 29391
630079172953, 630079196116, 23163
630141497617, 630141528421, 30804
630172455716, 630172477664, 21948
630240168376, 630240196240, 27864
630290186714, 630290218223, 31509
630338527256, 630338531159, 3903
630384588932, 630384610886, 21954
630438025890, 630438054558, 28668
630467855694, 630467877132, 21438
630536692510, 630536717926, 25416
630568354939, 630568462138, 107199
630635939389, 630635965987, 26598
630681538848, 630681574866, 36018
630734642748, 630734693478, 50730
630762641147, 630762663764, 22617
630833607073, 630833632711, 25638
630870206512, 630870229387, 22875
630932203770, 630932212644, 8874
630964746373, 630964768708, 22335
631031031880, 631031040151, 8271
631058485110, 631058505306, 20196
631129870708, 631129879582, 8874
631175703799, 631175726641, 22842
631228707380, 631228715174, 7794
631257481484, 631257501599, 20115
631327577320, 631327583707, 6387
631426241611, 631426271251, 29640
631458769114, 631458795820, 26706
631525224933, 631525253352, 28419
631555489869, 631555533150, 43281
631624060533, 631624089495, 28962
631650955812, 631650973503, 17691
631723293051, 631723325328, 32277
631758366468, 631758387381, 20913
631821758374, 631821776722, 18348
631852036430, 631852059584, 23154
631920616219, 631920648907, 32688
631950583135, 631950604687, 21552
632019611812, 632019744407, 132595
632069255309, 632069280650, 25341
632118283416, 632118312498, 29082
632153947223, 632153967425, 20202
632217185108, 632217213869, 28761
632248940528, 632248974371, 33843
632315960321, 632316273527, 313206
632346229728, 632346251529, 21801
632414800679, 632414828546, 27867
632456754538, 632456777983, 23445
632513644020, 632513672016, 27996
632549517893, 632549541077, 23184
632612516678, 632612546090, 29412
632644899182, 632644934696, 35514
632711549322, 632711579364, 30042
632759456767, 632759476726, 19959
632810188696, 632810217103, 28407
632841949571, 632841985496, 35925
632909044595, 632909086868, 42273
632943533207, 632943555203, 21996
633007864482, 633007953009, 88527
633039754830, 633039777699, 22869
633106731388, 633106758574, 27186
633137926475, 633137949272, 22797
633205528837, 633205556212, 27375
633237493284, 633237516717, 23433
633304366521, 633304375797, 9276
633350872497, 633350906652, 34155
633403118437, 633403123180, 4743
633432787179, 633432805488, 18309
633502061082, 633502086123, 25041
633541793685, 633541817823, 24138
633600911382, 633600938202, 26820
633633467297, 633633488735, 21438
633700177336, 633700212791, 35455
633738662395, 633738688387, 25992
633798565032, 633798585054, 20022
633840965106, 633841006194, 41088
633897652779, 633897678996, 26217
633930750623, 633930774077, 23454
633996167679, 633996192855, 25176
634028287807, 634028309614, 21807
634094824010, 634094851130, 27120
634128162340, 634128185548, 23208
634193897760, 634194045021, 147261
634224870773, 634224892784, 22011
634292585071, 634292609887, 24816
634339323012, 634339346889, 23877
634391638368, 634391663424, 25056
634425788667, 634425813546, 24879
634490498335, 634490516926, 18591
634534595384, 634534657160, 61776
634589313557, 634589339243, 25686
634617898111, 634617918625, 20514
634688460916, 634688488039, 27123
634726919059, 634726943023, 23964
634787053245, 634787062698, 9453
634824075887, 634824121007, 45120
634885848495, 634885872711, 24216
634919897059, 634919919688, 22629
634984706200, 634984716094, 9894
635020481633, 635020506221, 24588
635083572114, 635083578714, 6600
635111732196, 635111752857, 20661
635182374400, 635182382938, 8538
635210868254, 635210887130, 18876
635281480734, 635281506165, 25431
635328235350, 635328263985, 28635
635380037892, 635380063926, 26034
635414632265, 635414659382, 27117
635478883960, 635478909865, 25905
635519639237, 635519668073, 28836
635577711477, 635577735765, 24288
635609826465, 635609864919, 38454
635676593669, 635676603824, 10155
635704668479, 635704688306, 19827
635775406069, 635775431905, 25836
635818400760, 635818427925, 27165
635874226741, 635874250984, 24243
635915867483, 635915887592, 20109
635973077735, 635973103778, 26043
636001281689, 636001301528, 19839
636071766439, 636071793583, 27144
636109810493, 636109837856, 27363
636170803167, 636170837640, 34473
636212751405, 636212771352, 19947
636269603910, 636269612571, 8661
636297901588, 636297936154, 34566
636368448659, 636368455859, 7200
636400164139, 636400185328, 21189
636467293481, 636467302694, 9213
636509959102, 636509982634, 23532
636566139547, 636566147332, 7785
636599760985, 636599782105, 21120
636664991395, 636664997341, 5946
636696730917, 636696766983, 36066
636763743547, 636763750645, 7098
636792360857, 636792382658, 21801
636862378161, 636862387821, 9660
636907092918, 636907112994, 20076
636961670237, 636961679459, 9222
637007971889, 637007998403, 26514
637060373118, 637060379571, 6453
637099624464, 637099647801, 23337
637158961085, 637158969692, 8607
637194547137, 637194567681, 20544
637258036342, 637258044538, 8196
637287246838, 637287278251, 31413
637356866687, 637356874679, 7992
637385967050, 637385990984, 23934
637455706574, 637455715073, 8499
637490662325, 637490686850, 24525
637554559439, 637554568310, 8871
637583209983, 637583228865, 18882
637653411032, 637653418826, 7794
637699567525, 637699604575, 37050
637752243076, 637752251263, 8187
637792219679, 637792243727, 24048
637851092030, 637851099329, 7299
637889919437, 637889940959, 21522
637949835533, 637949844224, 8691
637979539143, 637979558442, 19299
638048807394, 638048814525, 7131
638077547192, 638077572323, 25131
638147593664, 638147601569, 7905
638176030560, 638176051875, 21315
638246291118, 638246300037, 8919
638285136732, 638285160456, 23724
638345285528, 638345292677, 7149
638373845974, 638373867058, 21084
638444031107, 638444043026, 11919
638479335786, 638479370637, 34851
638542864623, 638542873002, 8379
638581613349, 638581637049, 23700
638641805021, 638641813235, 8214
638684517893, 638684551682, 33789
638740914792, 638740926450, 11658
638782942145, 638782969415, 27270
638839582786, 638839598062, 15276
638938407013, 638938453072, 46059
638976646147, 638976673783, 27636
639037208444, 639037242392, 33948
639073216062, 639073241697, 25635
639136030378, 639136063177, 32799
639163902111, 639163921725, 19614
639234907280, 639234917966, 10686
639275726895, 639275752533, 25638
639333708519, 639333736947, 28428
639362125118, 639362147588, 22470
639432572522, 639432582671, 10149
639461510854, 639461540449, 29595
639531002272, 639531010234, 7962
639559797362, 639559820630, 23268
639629903094, 639629908071, 4977
639674653682, 639674674850, 21168
639729117708, 639729123840, 6132
639758103953, 639758127896, 23943
639827908938, 639827917119, 8181
639869848991, 639869876129, 27138
639926766458, 639926774444, 7986
639955425362, 639955445237, 19875
640025604104, 640025612795, 8691
640061281770, 640061306463, 24693
640124456539, 640124464876, 8337
640153597608, 640153621410, 23802
640223270453, 640223277539, 7086
640252046814, 640252069308, 22494
640322314148, 640322320250, 6102
640351023203, 640351069931, 46728
640420805493, 640420813527, 8034
640451069909, 640451091635, 21726
640520016587, 640520022146, 5559
640551095424, 640551118998, 23574
640618433218, 640618440859, 7641
640648159884, 640648217382, 57498
640717650756, 640717655907, 5151
640757390976, 640757414331, 23355
640816482689, 640816506599, 23910
640845769806, 640845859368, 89562
640915140712, 640915161970, 21258
640945142179, 640945235026, 92847
641014197651, 641014219587, 21936
641055592564, 641055618991, 26427
641112396847, 641112483136, 86289
641144778223, 641144803099, 24876
641211725450, 641211750338, 24888
641242361262, 641242383339, 22077
641310554517, 641310576384, 21867
641339453850, 641339490237, 36387
641409381557, 641409389786, 8229
641438091418, 641438113309, 21891
641508232072, 641508238408, 6336
641536514392, 641536535701, 21309
641607016411, 641607023002, 6591
641639280548, 641639309351, 28803
641705841428, 641705848469, 7041
641757118743, 641757144927, 26184
641804953149, 641804960319, 7170
641846649222, 641846688549, 39327
641903467671, 641903474634, 6963
641942953810, 641942974309, 20499
642002435321, 642002444177, 8856
642031613486, 642031635056, 21570
642101067329, 642101091236, 23907
642133394830, 642133420786, 25956
642200384446, 642200399812, 15366
642231778929, 642231800343, 21414
642298508197, 642298517251, 9054
642327186583, 642327221812, 35229
642397781886, 642397790178, 8292
642428556501, 642428588706, 32205
642496785339, 642496803699, 18360
642525388876, 642525430726, 41850
642595714707, 642595723299, 8592
642629874109, 642629899243, 25134
642694319892, 642694326153, 6261
642723699382, 642723718855, 19473
642793275689, 642793283804, 8115
642839659389, 642839683503, 24114
642891996718, 642892004416, 7698
642919672589, 642919693670, 21081
642990646846, 642990655438, 8592
643018386787, 643018408219, 21432
643089426575, 643089431048, 4473
643134612819, 643134635910, 23091
643188531647, 643188538640, 6993
643217530615, 643217568286, 37671
643287281679, 643287290691, 9012
643315822590, 643315843866, 21276
643386173467, 643386181957, 8490
643419284019, 643419309366, 25347
643485017208, 643485025413, 8205
643513243582, 643513262869, 19287
643583854355, 643583862137, 7782
643615424687, 643615450472, 25785
643682683503, 643682691069, 7566
643711640390, 643711669463, 29073
643781392387, 643781401000, 8613
643837634806, 643837664245, 29439
643894388821, 643894403182, 14361
643993205333, 643993216712, 11379
644092217191, 644092304092, 86901
644190902627, 644190914348, 11721
644289721518, 644289732945, 11427
644388493021, 644388506044, 13023
644487344146, 644487355387, 11241
644586218567, 644586232022, 13455
644685125198, 644685142511, 17313
644783935189, 644783950966, 15777
644882935559, 644882949692, 14133
644981626760, 644981653064, 26304
645080422995, 645080434617, 11622
645179268399, 645179281104, 12705
645278162776, 645278176474, 13698
645376949873, 645376968542, 18669
645475820305, 645475832284, 11979
645574668985, 645574680664, 11679
645673506804, 645673526667, 19863
645772320062, 645772333643, 13581
645871154670, 645871165560, 10890
645969929978, 645969952157, 22179
646000937309, 646000967429, 30120
646068834078, 646068854118, 20040
646167677958, 646167688875, 10917
646266524969, 646266541868, 16899
646365392384, 646365404510, 12126
646464232947, 646464249942, 16995
646562985589, 646562996755, 11166
646661862008, 646661890214, 28206
646760798244, 646760826930, 28686
646859380877, 646859391357, 10480
646958417043, 646958428698, 11655
647057277029, 647057290112, 13083
647156164812, 647156185950, 21138
647254953318, 647254968834, 15516
647353783386, 647353797771, 14385
647452613872, 647452625761, 11889
647551759736, 647551770278, 10542
647650326325, 647650337251, 10926
647749151867, 647749163819, 11952
647847993391, 647848006414, 13023
647946833668, 647946838279, 4611
648045689580, 648045708177, 18597
648144650168, 648144677531, 27363
648173251593, 648173289192, 37599
648243303758, 648243318854, 15096
648342175945, 648342185968, 10023
648426761973, 648426786870, 24897
648454978005, 648455000862, 22857
648525809928, 648525872505, 62577
648554215490, 648554237417, 21927
648624475019, 648624501560, 26541
648652976220, 648652992063, 15843
648723595418, 648723625934, 30516
648754429869, 648754456392, 26523
648822344552, 648822372779, 28227
648864113740, 648864139873, 26133
648921306254, 648921333458, 27204
648951268749, 648951303846, 35097
649020289326, 649020321750, 32424
649051838619, 649051863072, 24453
649118989111, 649119020362, 31251
649153813038, 649153839048, 26010
649217820962, 649217853170, 32208
649247561554, 649247582245, 20691
649316688615, 649316694819, 6204
649346547752, 649346568395, 20643
649415271966, 649415282616, 10650
649448399069, 649448422364, 23295
649514323731, 649514332152, 8421
649545007696, 649545028069, 20373
649612992974, 649613011499, 18525
649646894885, 649646918042, 23157
649711683100, 649711716838, 33738
649756865522, 649756923959, 58437
649810917067, 649810946911, 29844
649851643260, 649851670224, 26964
649909543096, 649909569199, 26103
649957201127, 649957229768, 28641
650008649364, 650008673673, 24309
650040588472, 650040612787, 24315
650107131994, 650107151986, 19992
650139759350, 650139780353, 21003
650206034457, 650206043391, 8934
650243820243, 650243842953, 22710
650304826985, 650304852263, 25278
650336321483, 650336343176, 21693
650404194829, 650404208128, 13299
650437445732, 650437470044, 24312
650502911481, 650502920667, 9186
650542152173, 650542175582, 23409
650601616204, 650601638749, 22545
650629848130, 650629888951, 40821
650700468778, 650700493444, 24666
650733461293, 650733485545, 24252
650799391596, 650799407346, 15750
650845680163, 650845721128, 40965
650898059647, 650898083860, 24213
650940185909, 650940209585, 23676
650996980822, 650996990116, 9294
651044963443, 651044987830, 24387
651095331372, 651095337567, 6195
651156096735, 651156117975, 21240
651194567921, 651194592302, 24381
651227404341, 651227424588, 20247
651293441980, 651293467030, 25050
651325666852, 651325696096, 29244
651392686286, 651392739770, 53484
651440982857, 651441005603, 22746
651504980453, 651504990470, 10017
651603957592, 651603968899, 11307
651702667930, 651702675364, 7434
651801633469, 651801727027, 93558
651900484008, 651900497121, 13113
651999316693, 651999328609, 11916
652097952429, 652097958897, 6468
652197026690, 652197038708, 12018
652295677900, 652295692495, 14595
652394486406, 652394491740, 5334
652493529496, 652493532607, 3111
652592357156, 652592368844, 11688
652691218494, 652691231625, 13131
652790090124, 652790103000, 12876
652888949587, 652888984291, 34704
652987778416, 652987794769, 16353
653086586876, 653086602527, 15651
653185429206, 653185451499, 22293
653284266137, 653284278407, 12270
653383077726, 653383091991, 14265
653481928039, 653481949588, 21549
653580793541, 653580806963, 13422
653679624856, 653679638521, 13665
653778480702, 653778496332, 15630
653877320524, 653877333943, 13419
653976554488, 653976614251, 59763
654075000085, 654075012943, 12858
654173673711, 654173689692, 15981
654214676955, 654214705884, 28929
654272696866, 654272712406, 15540
654371512229, 654371524370, 12141
654470396626, 654470412043, 15417
654569229148, 654569242522, 13374
654668032214, 654668044682, 12468
654766780837, 654766790779, 9942
654865720095, 654865731810, 11715
654964656516, 654964668276, 11760
655063492158, 655063506525, 14367
655162278324, 655162289499, 11175
655261134406, 655261146337, 11931
655359932469, 655359942642, 10173
655458789439, 655458800812, 11373
655557514603, 655557528520, 13917
655656619764, 655656651543, 31779
655755555836, 655755589793, 33957
655853979553, 655853989156, 9603
655889481188, 655889510708, 29520
655953003635, 655953014126, 10491
656051817390, 656051828052, 10662
656150502808, 656150510491, 7683
656249608539, 656249621154, 12615
656348371422, 656348386257, 14835
656450239416, 656450243334, 3918
656549388094, 656549414074, 25980
656644856960, 656644867880, 10920
656743709796, 656743720806, 11010
656842578329, 656842589177, 10848
656941394779, 656941407985, 13206
657040304627, 657040314770, 10143
657139047705, 657139058814, 11109
657237911659, 657237922378, 10719
657336782881, 657336803902, 21021
657435626139, 657435638949, 12810
657534604581, 657534634233, 29652
657633277015, 657633288820, 11805
657732152900, 657732165254, 12354
657830953436, 657830964212, 10776
657929760952, 657929773723, 12771
658028654275, 658028665120, 10845
658127515191, 658127525685, 10494
658226332756, 658226344126, 11370
658325176975, 658325188699, 11724
658424020647, 658424033271, 12624
658522897008, 658522907883, 10875
658621689645, 658621700583, 10938
658720543868, 658720554200, 10332
658819173102, 658819185750, 12648
658918255383, 658918267863, 12480
659017133682, 659017144026, 10344
659115914576, 659115925331, 10755
659214756304, 659214768109, 11805
659313481911, 659313492738, 10827
659412406417, 659412417319, 10902
659511798792, 659511817989, 19197
659610089984, 659610106202, 16218
659708942509, 659708955823, 13314
659807907552, 659807919417, 11865
659906420877, 659906429067, 8190
660005605334, 660005619980, 14646
660104302596, 660104316144, 13548
660203139332, 660203150690, 11358
660301938855, 660301949112, 10257
660400867080, 660400878711, 11631
660499674785, 660499686053, 11268
660598524976, 660598535188, 10212
660697348191, 660697360560, 12369
660796200573, 660796222704, 22131
660895004351, 660895017455, 13104
660993920655, 660993930825, 10170
661092746439, 661092759987, 13548
661191625285, 661191638629, 13344
661290381058, 661290390022, 8964
661389086730, 661389102231, 15501
661488125834, 661488137726, 11892
661586996843, 661587025442, 28599
661685795907, 661685807343, 11436
661784597327, 661784608247, 10920
661883471169, 661883489124, 17955
661982313021, 661982323125, 10104
662081147736, 662081162844, 15108
662180000086, 662180011651, 11565
662278790159, 662278800848, 10689
662377693546, 662377711150, 17604
662476529945, 662476544399, 14454
662575345671, 662575369137, 23466
662674180437, 662674193451, 13014
662773081410, 662773097559, 16149
662871866590, 662871880105, 13515
662970681567, 662970696828, 15261
663069531557, 663069542363, 10806
663168354104, 663168371111, 17007
663267331219, 663267365407, 34188
663366168363, 663366182172, 13809
663464738117, 663464750429, 12312
663563785278, 663563796813, 11535
663662627048, 663662652674, 25626
663761432135, 663761444333, 12198
663860316829, 663860331259, 14430
663959121441, 663959133345, 11904
664057997432, 664058009564, 12132
664156873635, 664156885164, 11529
664255678476, 664255690137, 11661
664354481711, 664354494509, 12798
664453462914, 664453469745, 6831
664551967862, 664551977207, 9345
664651043784, 664651057404, 13620
664749885611, 664749897308, 11697
664848484099, 664848492046, 7947
664950458681, 664950500624, 41943
665046364904, 665046377732, 12828
665145203527, 665145215650, 12123
665243892398, 665243906498, 14100
665342861875, 665342875552, 13677
665441768427, 665441782248, 13821
664968284910, 664968308379, 23469
665032434914, 665032444022, 9108
665062709414, 665062744610, 35196
665131247234, 665131255433, 8199
665160922138, 665160942022, 19884
665229960555, 665229964917, 4362
665268658133, 665268690872, 32739
665328940802, 665328948857, 8055
665359023463, 665359046122, 22659
665427781118, 665427790403, 9285
665458021967, 665458054928, 32961
665529676974, 665529683682, 6708
665558998900, 665559027655, 28755
665625773746, 665625795604, 21858
665655343443, 665655364590, 21147
665724330002, 665724338654, 8652
665753899786, 665753933521, 33735
665823134052, 665823142641, 8589
665852000897, 665852023481, 22584
665921405582, 665921422928, 17346
665951674809, 665951704191, 29382
666020818099, 666020845150, 27051
666046309357, 666046378432, 69075
666119481819, 666119508561, 26742
666151762913, 666151790810, 27897
666218163749, 666218173175, 9426
666251703321, 666251729058, 25737
666317870587, 666317883976, 13389
666346545852, 666346568883, 23031
666416513932, 666416520826, 6894
666515184631, 666515194009, 9378
666557713243, 666557755495, 42252
666613852048, 666613861000, 8952
666642583006, 666642613975, 30969
666712691804, 666712698182, 6378
666745912670, 666745935893, 23223
666811560620, 666811567616, 6996
666840539934, 666840574497, 34563
666910411642, 666910420252, 8610
666948402363, 666948427827, 25464
667009248612, 667009257456, 8844
667038472624, 667038495682, 23058
667108097689, 667108107661, 9972
667139973022, 667139995444, 22422
667206925397, 667206933479, 8082
667237706712, 667237729026, 22314
667305724434, 667305733674, 9240
667363682152, 667363706695, 24543
667404599629, 667404608353, 8724
667432596776, 667432617347, 20571
667503495780, 667503502524, 6744
667546364475, 667546388049, 23574
667602198720, 667602205428, 6708
667630719461, 667630740734, 21273
667701176921, 667701183323, 6402
667730839981, 667730864950, 24969
667799763014, 667799766989, 3975
667836046401, 667836078387, 31986
667898842517, 667898850443, 7926
667927891603, 667927913677, 22074
667997673008, 667997682749, 9741
668039039592, 668039058909, 19317
668096498151, 668096506677, 8526
668126077142, 668126106653, 29511
668195526272, 668195557127, 30855
668240588002, 668240612683, 24681
668294193107, 668294215115, 22008
668337269298, 668337302580, 33282
668393233784, 668393255615, 21831
668424691995, 668424713277, 21282
668491886381, 668491895321, 8940
668523207552, 668523229188, 21636
668590733818, 668590742281, 8463
668619591198, 668619638796, 47598
668689571615, 668689590884, 19269
668718871516, 668718892576, 21060
668788576696, 668788583518, 6822
668830510775, 668830532771, 21996
668887251288, 668887257528, 6240
668918812347, 668918839989, 27642
668986285970, 668986292240, 6270
669017577727, 669017607376, 29649
669084891302, 669084899405, 8103
669114735259, 669114756421, 21162
669183933037, 669183941053, 8016
669223357249, 669223381621, 24372
669282479242, 669282488887, 9645
669327917600, 669327949559, 31959
669381450250, 669381460150, 9900
669411871057, 669411905731, 34674
669480579498, 669480588726, 9228
669524544156, 669524564000, 19844
669579104635, 669579112759, 8124
669605843434, 669605869264, 25830
669677980590, 669677988999, 8409
669709465923, 669709487229, 21306
669777001714, 669777009757, 8043
669806709773, 669806742791, 33018
669875669534, 669875678342, 8808
669905176899, 669905281845, 104946
669974863563, 669974881608, 18045
670020782418, 670020803661, 21243
670073401556, 670073405879, 4323
670124444750, 670124468582, 23832
670171944772, 670171954840, 10068
670202012864, 670202034572, 21708
670270736811, 670270745514, 8703
670323574334, 670323615620, 41286
670369431244, 670369437268, 6024
670403225506, 670403247544, 22038
670468666005, 670468675803, 9798
670505105454, 670505128737, 23283
670567995211, 670568009623, 14412
670616590497, 670616616132, 25635
670666378937, 670666388771, 9834
670706871270, 670706896788, 25518
670765269396, 670765290324, 20928
670803878772, 670803899466, 20694
670864080245, 670864106846, 26601
670916086060, 670916109598, 23538
670962895182, 670962921060, 25878
670993119083, 670993139177, 20094
671061754938, 671061778578, 23640
671093720070, 671093741892, 21822
671160475359, 671160489348, 13989
671194950202, 671194973911, 23709
671259347550, 671259356854, 9304
671295552297, 671295574107, 21810
671358255356, 671358264860, 9504
671400500186, 671400524915, 24729
671457111079, 671457120127, 9048
671490355031, 671490375818, 20787
671555584722, 671555588331, 3609
671587517871, 671587538871, 21000
671654664979, 671654675383, 10404
671691206111, 671691228365, 22254
671753675621, 671753681153, 5532
671784710865, 671784731727, 20862
671852502699, 671852512485, 9786
671887585270, 671887607788, 22518
671951336475, 671951342073, 5598
671990180456, 671990204297, 23841
672050166951, 672050175201, 8250
672084351053, 672084372683, 21630
672149028091, 672149037178, 9087
672179489993, 672179513414, 23421
672247853709, 672247862955, 9246
672276586736, 672276608738, 22002
672346720519, 672346729042, 8523
672376801289, 672376824863, 23574
672445500787, 672445509943, 9156
672481678690, 672481709689, 30999
672544353142, 672544362115, 8973
672587897601, 672587920764, 23163
672643069517, 672643075157, 5640
672676419102, 672676447752, 28650
672742289872, 672742394872, 105000
672781913386, 672781938979, 25593
672841012965, 672841028871, 15906
672882486990, 672882507993, 21003
672939423382, 672939428539, 5157
672975314804, 672975336017, 21213
673038245550, 673038255480, 9930
673079297283, 673079321301, 24018
673137490271, 673137498770, 8499
673169079079, 673169100265, 21186
673236272437, 673236279232, 6795
673267337972, 673267358651, 20679
673335110666, 673335117659, 6993
673371534910, 673371560077, 25167
673433942490, 673433951487, 8997
673468060574, 673468096316, 35742
673532841429, 673532848260, 6831
673561430282, 673561451588, 21306
673631608089, 673631617812, 9723
673664585227, 673664606785, 21558
673730489476, 673730496577, 7101
673762415721, 673762440039, 24318
673829352241, 673829361787, 9546
673872169269, 673872190740, 21471
673928267884, 673928273773, 5889
673972282871, 673972315544, 32673
674026969499, 674026980299, 10800
674058167076, 674058187653, 20577
674125849519, 674125858849, 9330
674157575301, 674157597123, 21822
674224670778, 674224680045, 9267
674256190695, 674256213957, 23262
674323408422, 674323416780, 8358
674363526424, 674363564479, 38055
674422057184, 674422066388, 9204
674460910943, 674460938231, 27288
674521182097, 674521190230, 8133
674549486936, 674549506733, 19797
674620021125, 674620031097, 9972
674648924373, 674648945721, 21348
674718891008, 674718898727, 7719
674754572999, 674754594062, 21063
674817730286, 674817738536, 8250
674847954928, 674847976303, 21375
674916670988, 674916685181, 14193
674961688879, 674961713314, 24435
675015390621, 675015399312, 8691
675056028528, 675056056923, 28395
675114229619, 675114238427, 8808
675148031858, 675148053425, 21567
675213094786, 675213100879, 6093
675244922658, 675244944012, 21354
675311922746, 675311928521, 5775
675347894250, 675347919543, 25293
675410700106, 675410708494, 8388
675443050413, 675443070699, 20286
675509596200, 675509604264, 8064
675540600978, 675540623652, 22674
675608256108, 675608265339, 9231
675707274513, 675707302545, 28032
675738096726, 675738121356, 24630
675806116027, 675806145148, 29121
675839474200, 675839496991, 22791
675904968920, 675904999265, 30345
675935802142, 675935834110, 31968
676003793843, 676003823051, 29208
676047496576, 676047519034, 22458
676102632939, 676102659996, 27057
676136790747, 676136813589, 22842
676201497219, 676201525527, 28308
676240049603, 676240083917, 34314
676300556453, 676300584239, 27786
676335631303, 676335650812, 19509
676399386173, 676399412336, 26163
676429092461, 676429131758, 39297
676498016684, 676498042592, 25908
676540319726, 676540343060, 23334
676597140544, 676597179949, 39405
676639981216, 676640004778, 23562
676695709889, 676695734603, 24714
676725212344, 676725232345, 20001
676794517467, 676794541590, 24123
676824944160, 676824964413, 20253
676893409758, 676893434475, 24717
676921373908, 676921394818, 20910
676992224298, 676992247494, 23196
677019419264, 677019437726, 18462
677091061113, 677091089160, 28047
677126623459, 677126651176, 27717
677189887571, 677189914163, 26592
677218574361, 677218595604, 21243
677288761192, 677288787055, 25863
677317116930, 677317152201, 35271
677387567348, 677387593898, 26550
677415594969, 677415613503, 18534
677486537610, 677486554644, 17034
677531043280, 677531066242, 22962
677585499783, 677585543850, 44067
677615663321, 677615685371, 22050
677683602023, 677683608146, 6123
677716965244, 677716986811, 21567
677782603706, 677782612337, 8631
677813360812, 677813385790, 24978
677881765695, 677881774917, 9222
677924132087, 677924157020, 24933
677980668660, 677980674489, 5829
678011741631, 678011762004, 20373
678079309242, 678079315842, 6600
678122469377, 678122490725, 21348
678178336528, 678178345612, 9084
678207742524, 678207773310, 30786
678276993897, 678277001529, 7632
678319906322, 678319930355, 24033
678376103272, 678376137694, 34422
678428597139, 678428630169, 33030
678474570549, 678474575505, 4956
678504431502, 678504453285, 21783
678573744846, 678573753174, 8328
678618776777, 678618800714, 23937
678672224276, 678672227690, 3414
678771375744, 678771404832, 29088
678801408089, 678801432596, 24507
678870242313, 678870261348, 19035
678915536348, 678915561071, 24723
678969234653, 678969263684, 29031
678999386494, 678999407359, 20865
679067872807, 679067900290, 27483
679105848658, 679105870726, 22068
679166769886, 679166797417, 27531
679199082087, 679199111388, 29301
679265403930, 679265429715, 25785
679294376962, 679294397941, 20979
679364448152, 679364456060, 7908
679405889254, 679405913641, 24387
679463460654, 679463469705, 9051
679507562747, 679507584164, 21417
679561759998, 679561767447, 7449
679597618265, 679597642349, 24084
679660966148, 679660974119, 7971
679690830807, 679690855833, 25026
679759815836, 679759824023, 8187
679790305248, 679790348622, 43374
679858475558, 679858483871, 8313
679897667416, 679897693600, 26184
679957802559, 679957808595, 6036
679996643527, 679996665337, 21810
680056695453, 680056703469, 8016
680086471272, 680086492323, 21051
680155173134, 680155179197, 6063
680189929819, 680189968297, 38478
680253991811, 680254002761, 10950
680294432079, 680294465283, 33204
680352822471, 680352831663, 9192
680383374589, 680383395826, 21237
680451522334, 680451531472, 9138
680484129381, 680484150147, 20766
680550521490, 680550529620, 8130
680580111687, 680580132582, 20895
680649253420, 680649261844, 8424
680679959372, 680680010003, 50631
680748441727, 680748448354, 6627
680778941077, 680778980242, 39165
680847294112, 680847300679, 6567
680876767685, 680876787584, 19899
680946482529, 680946486285, 3756
680976246861, 680976283734, 36873
681044559880, 681044567791, 7911
681075609435, 681075634470, 25035
681143540438, 681143549813, 9375
681174576577, 681174610630, 34053
681242743469, 681242755643, 12174
681289437271, 681289461775, 24504
681341236555, 681341245372, 8817
681378605074, 681378626794, 21720
681439785205, 681439794661, 9456
681481863710, 681481886774, 23064
681538911529, 681538918699, 7170
681569665766, 681569691155, 25389
681637804827, 681637810443, 5616
681668216570, 681668239901, 23331
681736636582, 681736645981, 9399
681782627758, 681782664466, 36708
681835486605, 681835496319, 9714
681864311963, 681864345497, 33534
681934335167, 681934342166, 6999
681962882108, 681962912837, 30729
682033762017, 682033768767, 6750
682062666159, 682062686688, 20529
682131909771, 682131916641, 6870
682161789463, 682161822325, 32862
682230772162, 682230781561, 9399
682268688490, 682268711281, 22791
682329569897, 682329575645, 5748
682359259919, 682359279755, 19836
682428601088, 682428610793, 9705
682463990594, 682464012476, 21882
682527583769, 682527596606, 12837
682570063356, 682570086759, 23403
682626286039, 682626292939, 6900
682655250473, 682655288105, 37632
682724623231, 682724631235, 8004
682755291846, 682755328752, 36906
682824256508, 682824264434, 7926
682865178196, 682865198560, 20364
682922726897, 682922734646, 7749
682961560331, 682961584304, 23973
683021551155, 683021559663, 8508
683048915628, 683048934513, 18885
683120346588, 683120371287, 24699
683152519560, 683152545087, 25527
683219443248, 683219467014, 23766
683248537565, 683248556600, 19035
683318087647, 683318112529, 24882
683355122942, 683355147332, 24390
683416926008, 683416934984, 8976
683445979920, 683446019322, 39402
683515778858, 683515785419, 6561
683544465335, 683544488531, 23196
683614816216, 683614822804, 6588
683657231281, 683657253238, 21957
683713647125, 683713654109, 6984
683743243959, 683743266048, 22089
683812299310, 683812306450, 7140
683842251473, 683842272065, 20592
683911152467, 683911159451, 6984
683954572743, 683954594709, 21966
684009882099, 684009888252, 6153
684047080505, 684047105015, 24510
684108819459, 684108826095, 6636
684137972975, 684137995679, 22704
684207647780, 684207657530, 9750
684236620488, 684236655882, 35394
684306743799, 684306750894, 7095
684405012801, 684405021792, 8991
684434431842, 684434459778, 27936
684504529906, 684504542065, 12159
684549219486, 684549244008, 24522
684602723804, 684602728421, 4617
684634260372, 684634282575, 22203
684701875657, 684701881828, 6171
684732165040, 684732187747, 22707
684800397109, 684800405722, 8613
684856154345, 684856180763, 26418
684899389332, 684899403897, 14565
684944467091, 684944491775, 24684
684998393311, 684998401594, 8283
685026427655, 685026447554, 19899
685097230165, 685097237092, 6927
685133735223, 685133787711, 52488
685196082992, 685196089115, 6123
685224442772, 685224465002, 22230
685294915627, 685294922455, 6828
685323004191, 685323026394, 22203
685393747906, 685393757233, 9327
685424525212, 685424547715, 22503
685492587914, 685492611932, 24018
685521254203, 685521275170, 20967
685591432427, 685591457465, 25038
685623347659, 685623371275, 23616
685690286525, 685690295861, 9336
685721785526, 685721809115, 23589
685789114386, 685789136910, 22524
685818033416, 685818053987, 20571
685887963535, 685887987691, 24156
685919305305, 685919332551, 27246
685986811480, 685986821836, 10356
686015620648, 686015640946, 20298
686085147355, 686085165805, 18450
686117785678, 686117807818, 22140
686184465227, 686184489059, 23832
686215116389, 686215141256, 24867
686283142065, 686283167553, 25488
686313507315, 686313527523, 20208
686382079274, 686382103319, 24045
686480839983, 686480867304, 27321
686510920942, 686510948311, 27369
686579833866, 686579843334, 9468
686613179103, 686613202401, 23298
686678666110, 686678673670, 7560
686706040508, 686706061652, 21144
686777580430, 686777590537, 10107
686807323347, 686807348490, 25143
686876365698, 686876398713, 33015
686906947283, 686906972000, 24717
686975207964, 686975243121, 35157
687016509069, 687016531641, 22572
687074043022, 687074077639, 34617
687115468425, 687115488804, 20379
687172873025, 687172907684, 34659
687204512739, 687204552852, 40113
687271703084, 687271737746, 34662
687301981230, 687302002599, 21369
687370552682, 687370583843, 31161
687403331023, 687403354504, 23481
687469405783, 687469436254, 30471
687500476327, 687500496100, 19773
687568250041, 687568280014, 29973
687598607576, 687598629866, 22290
687667093126, 687667120627, 27501
687706805087, 687706835342, 30255
687765936400, 687765962248, 25848
687797410503, 687797433534, 23031
687864795227, 687864825524, 30297
687963613102, 687963640636, 27534
688009750487, 688009777508, 27021
688062472529, 688062518357, 45828
688101144499, 688101163927, 19428
688161295164, 688161321510, 26346
688260167203, 688260177382, 10179
688296820299, 688296848340, 28041
688358971132, 688359000394, 29262
688394805733, 688394828647, 22914
688457815510, 688457832724, 17214
688490437071, 688490460357, 23286
688556456422, 688556479747, 23325
688596217203, 688596240333, 23130
688655304856, 688655332219, 27363
688702865052, 688702886586, 21534
688754374670, 688754413610, 38940
688788296552, 688788318179, 21627
688853484712, 688853531137, 46425
688892384448, 688892406969, 22521
688952096632, 688952105662, 9030
688991904820, 688991930563, 25743
689050868591, 689050953857, 85266
689086997644, 689087021524, 23880
689149751112, 689149775562, 24450
689184200961, 689184223620, 22659
689248278900, 689248306131, 27231
689286906430, 689286926479, 20049
689347433382, 689347458714, 25332
689380385365, 689380407934, 22569
689446195700, 689446219622, 23922
689481256479, 689481284775, 28296
689545086768, 689545109658, 22890
689583900036, 689583936729, 36693
689643926517, 689643951027, 24510
689683674059, 689683797014, 122955
689742745930, 689742770650, 24720
689777025077, 689777049263, 24186
689841634375, 689841658888, 24513
689872159074, 689872180029, 20955
689940453244, 689940477997, 24753
689972660098, 689972707882, 47784
690039316730, 690039326501, 9771
690070915498, 690070952080, 36582
690138132601, 690138141838, 9237
690173289836, 690173312519, 22683
690236914306, 690236920498, 6192
690280964880, 690281001414, 36534
690335681470, 690335690272, 8802
690365965248, 690365987649, 22401
690434529382, 690434539021, 9639
690480385312, 690480413521, 28209
690533512916, 690533530781, 17865
690579067488, 690579126792, 59304
690632049000, 690632057370, 8370
690680148952, 690680174410, 25458
690731173459, 690731182660, 9201
690781029260, 690781054025, 24765
690830051561, 690830066012, 14451
690871503935, 690871525163, 21228
690928840687, 690928849195, 8508
691027426385, 691027452071, 25686
691072088693, 691072116431, 27738
691126784357, 691126840490, 56133
691164560988, 691164583593, 22605
691225365383, 691225385195, 19812
691260831551, 691260856322, 24771
691338213998, 691338295241, 81243
691436997542, 691437083219, 85677
691535626213, 691535631604, 5391
691634757422, 691634770562, 13140
691733602231, 691733616088, 13857
691832386116, 691832398284, 12168
691931176003, 691931188102, 12099
692030026448, 692030038016, 11568
692128981975, 692128998679, 16704
692227791134, 692227801763, 10629
692326683289, 692326694284, 10995
692425208666, 692425218305, 9639
692510016568, 692510022919, 6351
692543839062, 692543865567, 26505
692609165442, 692609196675, 31233
692636629673, 692636649194, 19521
692707966894, 692707998682, 31788
692747752265, 692747775341, 23076
692806817789, 692806849199, 31410
692837037013, 692837063281, 26268
692905677584, 692905687684, 10100
692938990477, 692939014750, 24273
693004522512, 693004553400, 30888
693034863905, 693034884521, 20616
693103437283, 693103453933, 16650
693146885029, 693146919742, 34713
693202146826, 693202179040, 32214
693232578263, 693232599230, 20967
693301013368, 693301039114, 25746
693330237011, 693330258071, 21060
693399863390, 693399891914, 28524
693432761277, 693432784152, 22875
693498741766, 693498770848, 29082
693527366953, 693527388703, 21750
693597577329, 693597604839, 27510
693642922035, 693642947274, 25239
693696423418, 693696431695, 8277
693725284885, 693725307001, 22116
693794654561, 693794659730, 5169
693835863707, 693835886600, 22893
693894072959, 693894097217, 24258
693936088041, 693936110544, 22503
693992936054, 693992963600, 27546
694033602603, 694033626144, 23541
694091492724, 694091540361, 47637
694126632648, 694126654365, 21717
694190638517, 694190667680, 29163
694220936988, 694220975307, 38319
694289177074, 694289271305, 94231
694332394032, 694332435552, 41520
694388040388, 694388053459, 13071
694420769973, 694420792152, 22179
694487156936, 694487196671, 39735
694515504157, 694515523726, 19569
694585610726, 694585623167, 12441
694623773063, 694623798386, 25323
694684877145, 694684902087, 24942
694713944341, 694713966940, 22599
694783656112, 694783663804, 7692
694816724862, 694816747689, 22827
694882256696, 694882268057, 11361
694928507634, 694928541483, 33849
694981182647, 694981191653, 9006
695010175009, 695010195655, 20646
695080187969, 695080195826, 7857
695112561700, 695112582751, 21051
695178990128, 695178998570, 8442
695210680577, 695210708477, 27900
695277857618, 695277866579, 8961
695309414658, 695309447001, 32343
695376699259, 695376707722, 8463
695414576559, 695414599236, 22677
695475543604, 695475553171, 9567
695504336973, 695504358624, 21651
695574377764, 695574400153, 22389
695621380479, 695621403864, 23385
695673211561, 695673233341, 21780
695701229852, 695701248425, 18573
695771800423, 695771846968, 46545
695811435732, 695811458754, 23022
695870905282, 695870913940, 8658
695904024136, 695904059647, 35511
695969807609, 695969816249, 8640
695998665795, 695998693428, 27633
696068594573, 696068616662, 22089
696097602826, 696097624570, 21744
696167591049, 696167606880, 15831
696196637786, 696196668161, 30375
696266262672, 696266270248, 7576
696305983308, 696306008763, 25455
696364779504, 696364785372, 5868
696396587727, 696396616968, 29241
696463973380, 696463981876, 8496
696494820187, 696494853592, 33405
696562798025, 696562807232, 9207
696592181491, 696592201042, 19551
696661667534, 696661674677, 7143
696695756621, 696695780198, 23577
696760427218, 696760435501, 8283
696791219192, 696791253701, 34509
696859346351, 696859357715, 11364
696887341474, 696887360104, 18630
696958179860, 696958187924, 8064
696996179365, 696996202528, 23163
697057008551, 697057017986, 9435
697099389250, 697099410034, 20784
697155853380, 697155860589, 7209
697197729475, 697197752803, 23328
697254836215, 697254847333, 11118
697285035837, 697285055589, 19752
697353637199, 697353646046, 8847
697399116638, 697399140344, 23706
697452284310, 697452290961, 6651
697483896972, 697483920912, 23940
697551208039, 697551217663, 9624
697581932494, 697581954703, 22209
697650051858, 697650079668, 27810
697682925075, 697682951262, 26187
697748900670, 697748929134, 28464
697781060732, 697781095610, 34878
697847796303, 697847805453, 9150
697878208728, 697878231252, 22524
697946523020, 697946542412, 19392
697980254853, 697980276429, 21576
698045429159, 698045457875, 28716
698074249990, 698074285129, 35139
698144291428, 698144318551, 27123
698184345159, 698184369366, 24207
698242887773, 698242924409, 36636
698279621644, 698279642998, 21354
698341868555, 698341907906, 39351
698373651763, 698373672622, 20859
698440910062, 698440944268, 34206
698473353644, 698473375868, 22224
698540057916, 698540068146, 10230
698575297388, 698575321073, 23685
698638508332, 698638515382, 7050
698669011521, 698669034756, 23235
698737546903, 698737554115, 7212
698778437232, 698778464076, 26844
698836163751, 698836170075, 6324
698869407120, 698869428864, 21744
698934941205, 698934950451, 9246
698966408231, 698966431556, 23325
699033812363, 699033819179, 6816
699073200218, 699073224107, 23889
699132681328, 699132690256, 8928
699173588798, 699173611133, 22335
699231511469, 699231520853, 9384
699261114949, 699261141127, 26178
699330319155, 699330327894, 8739
699361564447, 699361600711, 36264
699429426372, 699429434961, 8589
699458325030, 699458346894, 21864
699528198563, 699528206279, 7716
699565717512, 699565740957, 23445
699627433409, 699627441954, 8545
699658986256, 699659008675, 22419
699725697457, 699725707144, 9687
699767712660, 699767735361, 22701
699824871144, 699824875200, 4056
699857490847, 699857511187, 20340
699923625680, 699923632613, 6933
699963862154, 699963902969, 40815
700022419442, 700022426042, 6600
700069174200, 700069204158, 29958
700121284114, 700121293159, 9045
700176088780, 700176131944, 43164
700233873994, 700233888970, 14976
700332724463, 700332735065, 10602
700431348862, 700431354913, 6051
700530196093, 700530204019, 7926
700629265627, 700629277474, 11847
700728131147, 700728141839, 10692
700826924092, 700826935630, 11538
700925963096, 700925977072, 13976
701024723323, 701024733529, 10206
701123395700, 701123407511, 11811
701222287424, 701222298710, 11286
701321133175, 701321144266, 11091
701419783658, 701419794818, 11160
701518861302, 701518892718, 31416
701617651479, 701617664721, 13242
701716515221, 701716529141, 13920
701815394153, 701815405700, 11547
701914209756, 701914222434, 12678
702012993047, 702013004732, 11685
702111920932, 702111955972, 35040
702210732161, 702210744659, 12498
702309546524, 702309558473, 11949
702408204119, 702408211871, 7752
702507254984, 702507266555, 11571
702606064994, 702606077177, 12183
702704879236, 702704891584, 12348
702803805888, 702803819637, 13749
702902602909, 702902616043, 13134
703001430266, 703001442260, 11994
703100113336, 703100128462, 15126
703199161316, 703199177318, 16002
703231698158, 703231724852, 26694
703297924915, 703297937497, 12582
703396781280, 703396800714, 19434
703495628247, 703495641822, 13575
703594496178, 703594508367, 12189
703693418180, 703693436339, 18159
703792151375, 703792163225, 11850
703891911244, 703891914628, 3384
703989842116, 703989855382, 13266
704088646457, 704088657851, 11394
704187395310, 704187406542, 11232
704286314387, 704286327401, 13014
704385225936, 704385237990, 12054
704484036616, 704484050464, 13848
704582950216, 704582966020, 15804
704683064548, 704683079044, 14496
704780381342, 704780392385, 11043
704879434815, 704879446977, 12162
704978365602, 704978421453, 55851
705077140917, 705077153985, 13068
705175967710, 705175982110, 14400
705274811606, 705274822697, 11091
705373597790, 705373608140, 10350
705472494620, 705472505387, 10767
705571331325, 705571341465, 10140
705670123911, 705670134624, 10713
705769017461, 705769029665, 12204
705867799700, 705867809648, 9948
705966647804, 705966658508, 10704
706065615812, 706065629285, 13473
706164335412, 706164364704, 29292
706263181876, 706263193030, 11154
706291352329, 706291376464, 24135
706362061202, 706362073124, 11922
706460705963, 706460717372, 11409
706559745148, 706559759206, 14058
706658548022, 706658559830, 11808
706757425125, 706757436216, 11091
706856441888, 706856468933, 27045
706955105573, 706955115509, 9936
707053911751, 707053925038, 13287
707152825213, 707152834744, 9531
707251599789, 707251613025, 13236
707350374269, 707350404434, 30165
707449335739, 707449352110, 16371
707548093053, 707548113750, 20697
707647005831, 707647022067, 16236
707745838673, 707745853106, 14433
707844727154, 707844751610, 24456
707943708388, 707943721510, 13122
708042361142, 708042374843, 13701
708141207473, 708141220796, 13323
708240061064, 708240075965, 14901
708338853719, 708338867108, 13389
708437522477, 708437531627, 9150
708536562074, 708536574704, 12630
708635409663, 708635421891, 12228
708734130746, 708734140586, 9840
708833066488, 708833078770, 12282
708932087911, 708932143984, 56073
709030764113, 709030780889, 16776
709129625574, 709129638438, 12864
709228453852, 709228465534, 11682
709327331673, 709327343757, 12084
709366161520, 709366194823, 33303
709426126697, 709426140836, 14139
709524999623, 709525012439, 12816
709623838009, 709623841357, 3348
709722431426, 709722441668, 10242
709754936084, 709754966393, 30309
709821513005, 709821525026, 12021
709920335417, 709920393785, 58368
710019200658, 710019212559, 11901
710118048584, 710118060479, 11895
710216940426, 710216956350, 15924
710315830414, 710315858905, 28491
710414506776, 710414543223, 36447
710513162950, 710513173348, 10398
710612228830, 710612239321, 10491
710711053214, 710711062463, 9249
710809734550, 710809749451, 14901
710908675525, 710908686202, 10677
711007598797, 711007614313, 15516
711106454930, 711106470821, 15891
711205259881, 711205275511, 15630
711304458957, 711304477950, 18993
711402973741, 711402986281, 12540
711501901528, 711501917473, 15945
711600584248, 711600595489, 11241
711699494679, 711699510888, 16209
711798396217, 711798407692, 11475
711897175767, 711897187560, 11793
711996004552, 711996017170, 12618
712094873746, 712094885797, 12051
712193512621, 712193528749, 16128
712292583883, 712292598736, 14853
712391398815, 712391410533, 11718
712419082686, 712419106725, 24039
712489976378, 712489981196, 4818
712589038249, 712589050618, 12369
712687711755, 712687719621, 7866
712786762079, 712786775888, 13809
712885726456, 712885740328, 13872
712984423037, 712984435736, 12699
713083299718, 713083313227, 13509
713182075615, 713182087171, 11556
713280762189, 713280777015, 14826
713379764493, 713379776487, 11994
713478610119, 713478670494, 60375
713577462924, 713577466065, 3141
713676279563, 713676294470, 14907
713775282856, 713775329914, 47058
713873995115, 713874011243, 16128
713972815745, 713972829812, 14067
714071711260, 714071727997, 16737
714170468327, 714170481932, 13605
714269345582, 714269359619, 14037
714368198143, 714368211571, 13428
714467067339, 714467079906, 12567
714565870881, 714565884108, 13227
714664547083, 714664561246, 14163
714763533136, 714763545118, 11982
714862369254, 714862392039, 22785
714961264977, 714961276650, 11673
715060087820, 715060099688, 11868
715158858160, 715158872596, 14436
715257718662, 715257730278, 11616
715356637099, 715356649810, 12711
715456313778, 715456331427, 17649
715554301402, 715554313165, 11763
715653173374, 715653186886, 13512
715752045409, 715752058495, 13086
715836537628, 715836565006, 27378
715863252545, 715863274910, 22365
715935657732, 715935690471, 32739
715970872808, 715970907988, 35180
716034212404, 716034244627, 32223
716072666783, 716072692964, 26181
716133373027, 716133402895, 29868
716177690652, 716177709891, 19239
716232233844, 716232243651, 9807
716264447203, 716264478433, 31230
716331111032, 716331150515, 39483
716376098889, 716376124551, 25662
716429634194, 716429637338, 3144
716465356375, 716465377576, 21201
716528735454, 716528772990, 37536
716574208274, 716574231170, 22896
716627568998, 716627605946, 36948
716666679835, 716666704270, 24435
716726156452, 716726203711, 47259
716771620483, 716771647387, 26904
716825211166, 716825263630, 52464
716873213967, 716873236170, 22203
716924070619, 716924101480, 30861
716963829999, 716963852532, 22533
717022881344, 717022913054, 31710
717057646276, 717057669538, 23262
717121795744, 717121825864, 30120
717152920394, 717152942054, 21660
717220456252, 717220462804, 6552
717262722887, 717262762841, 39954
717319467563, 717319474913, 7350
717360503447, 717360535415, 31968
717418238128, 717418253071, 14943
717452316634, 717452339242, 22608
717517164679, 717517172962, 8283
717557311520, 717557345132, 33612
717615977671, 717615986884, 9213
717651172234, 717651194800, 22566
717714844078, 717714853132, 9054
717750174531, 717750194835, 20304
717813666553, 717813674080, 7527
717848400002, 717848423852, 23850
717912575963, 717912604844, 28881
717943594723, 717943614898, 20175
718011363943, 718011392131, 28188
718047112272, 718047133374, 21102
718110278868, 718110292698, 13830
718153496732, 718153523690, 26958
718208890758, 718208910786, 20028
718252453712, 718252477115, 23403
718307732683, 718307743279, 10596
718347924857, 718347948137, 23280
718406531944, 718406549188, 17244
718444196009, 718444220783, 24774
718505495682, 718505509581, 13899
718604450065, 718604479993, 29928
718649754377, 718649783588, 29211
718703400053, 718703437856, 37803
718751122113, 718751147640, 25527
718802363809, 718802368840, 5031
718834494531, 718834532001, 37470
718900749499, 718900768678, 19179
718942450158, 718942470327, 20169
719000072652, 719000118075, 45423
719050739276, 719050760582, 21306
719098735146, 719098796856, 61710
719132072484, 719132118573, 46089
719197703335, 719197761289, 57954
719245603823, 719245628663, 24840
719296306096, 719296320736, 14640
719347206322, 719347230625, 24303
719395124487, 719395155744, 31257
719434386204, 719434407813, 21609
719493979844, 719494015292, 35448
719528143968, 719528169687, 25719
719592828120, 719592862356, 34236
719634453512, 719634481643, 28131
719691645581, 719691683159, 37578
719725073298, 719725110420, 37122
719790696406, 719790730606, 34200
719835504726, 719835532590, 27864
719889365633, 719889371804, 6171
719922410084, 719922431219, 21135
719987846375, 719987882027, 35652
720029291058, 720029345766, 54708
720087011148, 720087041562, 30414
720122104377, 720122128602, 24225
720185870227, 720185902633, 32406
720218377186, 720218398636, 21450
720284663780, 720284697815, 34035
720316512093, 720316598829, 86736
720383273405, 720383316201, 42796
720420776570, 720420798224, 21654
720482315820, 720482345829, 30009
720525240650, 720525262295, 21645
720581215784, 720581227460, 11676
720610240243, 720610258912, 18669
720680286522, 720680314494, 27972
720722787266, 720722825090, 37824
720778911797, 720778940570, 28773
720811443874, 720811465141, 21267
720877761212, 720877832771, 71559
720909603968, 720909627236, 23268
720976679136, 720976709103, 29967
721009200977, 721009222154, 21177
721075419054, 721075447278, 28224
721106824305, 721106856612, 32307
721174279702, 721174308100, 28398
721204361101, 721204381642, 20541
721273128387, 721273155147, 26760
721304969581, 721305013255, 43674
721372240696, 721372279060, 38364
721403997827, 721404021137, 23310
721470935330, 721470943358, 8028
721503162362, 721503194867, 32505
721569789231, 721569817275, 28044
721669005171, 721669031457, 26286
721722652687, 721722681004, 28317
721767595751, 721767624602, 28851
721812058449, 721812087705, 29256
721866171772, 721866180586, 8814
721906623440, 721906648781, 25341
721964808063, 721964811681, 3618
722001278905, 722001301981, 23076
722063853080, 722063862203, 9123
722094554433, 722094593697, 39264
722162443728, 722162455089, 11361
722212180132, 722212203634, 23502
722261521361, 722261530583, 9222
722294198439, 722294221803, 23364
722360210660, 722360239556, 28896
722408197303, 722408233906, 36603
722459203331, 722459225771, 22440
722496083023, 722496105793, 22770
722558189218, 722558230417, 41199
722608373705, 722608394183, 20478
722656714063, 722656744183, 30120
722707161566, 722707180871, 19305
722755491337, 722755513423, 22086
722810678504, 722810708128, 29624
722868342571, 722868353533, 10962
722967367708, 722967378859, 11151
723066193900, 723066205336, 11436
723164877167, 723164892275, 15108
723264032509, 723264047809, 15300
723362757234, 723362769267, 12033
723462416299, 723462429358, 13059
723560447072, 723560457197, 10125
723659284158, 723659297550, 13392
723758155756, 723758191135, 35379
723856919769, 723856929984, 10215
723955806462, 723955818579, 12117
724054638817, 724054650946, 12129
724153484800, 724153497502, 12702
724252324499, 724252336892, 12393
724351169099, 724351179503, 10404
724450026236, 724450039304, 13068
724548843023, 724548853103, 10080
724647510200, 724647526349, 16149
724681919507, 724681944638, 25131
724746537856, 724746549211, 11355
724845432423, 724845450513, 18090
724944044484, 724944056742, 12258
725043039237, 725043049932, 10695
725141905255, 725141917378, 12123
725240747727, 725240758800, 11073
725339494513, 725339530642, 36129
725438371569, 725438384985, 13416
725537266544, 725537279735, 13191
725636129924, 725636145242, 15318
725734955200, 725734970965, 15765
725833814646, 725833826802, 12156
725932585959, 725932598097, 12138
726031584412, 726031599523, 15111
726130142663, 726130156586, 13923
726228976078, 726228991987, 15909
726327982643, 726327994631, 11988
726426838918, 726426851428, 12510
726525602760, 726525613845, 11085
726624486839, 726624512384, 25545
726723358634, 726723370466, 11832
726822261388, 726822274903, 13515
726920957837, 726920980442, 22605
727019881313, 727019893136, 11823
727118681641, 727118692888, 11247
727217554932, 727217569005, 14073
727316362109, 727316373521, 11412
727415355861, 727415374941, 19080
727514112755, 727514126135, 13380
727612844208, 727612857447, 13239
727711595443, 727711610032, 14589
727744472859, 727744502517, 29658
727810541067, 727810554783, 13716
727909486503, 727909501044, 14541
728008262742, 728008274322, 11580
728107129433, 728107140665, 11232
728206032031, 728206044451, 12420
728304813377, 728304827180, 13803
728403661857, 728403672333, 10476
728502331801, 728502341377, 9576
728601337746, 728601351039, 13293
728700305381, 728700327299, 21918
728798976523, 728798989864, 13341
728897822683, 728897836021, 13338
728996726930, 728996739194, 12264
729095538823, 729095551738, 12915
729194354928, 729194366685, 11757
729293055953, 729293072717, 16764
729392030102, 729392042951, 12849
729490841402, 729490873109, 31707
729589755302, 729589766540, 11238
729688567654, 729688579522, 11868
729787468852, 729787482304, 13452
729886278204, 729886289451, 11247
729985169389, 729985195954, 26565
730083925668, 730083938682, 13014
730182794518, 730182806590, 12072
730281612443, 730281622607, 10164
730380582117, 730380591807, 9690
730479410796, 730479430785, 19989
730578194541, 730578208863, 14322
730676985118, 730676996188, 11070
730775868681, 730775879613, 10932
730807171635, 730807203663, 32028
730874469936, 730874478783, 8847
730973357026, 730973372827, 15801
731072439910, 731072450851, 10941
731171272749, 731171285187, 12438
731270058112, 731270079448, 21336
731368894408, 731368906669, 12261
731467982249, 731467992221, 9972
731566563178, 731566575349, 12171
731665538000, 731665558463, 20463
731764402205, 731764448156, 45951
731863087559, 731863103240, 15681
731964233421, 731964267312, 33891
732060799385, 732060813245, 13860
732159633096, 732159694512, 61416
732258421359, 732258434745, 13386
732357292515, 732357305076, 12561
732456125564, 732456136958, 11394
732554968191, 732554979762, 11571
732653786840, 732653816123, 29283
732684202005, 732684228732, 26727
732752643745, 732752655940, 12195
732851525010, 732851549634, 24624
732950346253, 732950426944, 80691
733049172842, 733049185034, 12192
733148055461, 733148067209, 11748
733246894151, 733246905956, 11805
733345756119, 733345765167, 9048
733444527182, 733444538120, 10938
733543498816, 733543513768, 14952
733642260205, 733642277974, 17769
733741062501, 733741074441, 11940
733840359056, 733840444300, 85244
733876331643, 733876355712, 24069
733938764414, 733938776078, 11664
734037623678, 734037635792, 12114
734136539944, 734136561661, 21717
734188934535, 734188962582, 28047
734235123245, 734235140183, 16938
734289451940, 734289458789, 6849
734289479648, 734289480998, 1350
734319598369, 734319613834, 15465
734325649635, 734325656310, 6675
734330321655, 734330323776, 2121
734375002258, 734375033059, 30801
734419053494, 734419115552, 62058
734463395076, 734463421272, 26196
734517869727, 734517904968, 35241
734549846031, 734549870421, 24390
734616407655, 734616439389, 31734
734648241192, 734648261835, 20643
734715176780, 734715211841, 35061
734750889784, 734750914444, 24660
734814407919, 734814444930, 37011
734853728139, 734853750321, 22182
734913494000, 734913526679, 32679
734947606974, 734947630365, 23391
735012010655, 735012027002, 16347
735047014002, 735047046102, 32100
735110935776, 735110949027, 13251
735140758706, 735140781572, 22866
735209773486, 735209780323, 6837
735258158036, 735258181505, 23469
735308545954, 735308551645, 5691
735343240525, 735343278049, 37524
735406916630, 735406925402, 8772
735450138815, 735450160835, 22020
735506279170, 735506285566, 6396
735550189551, 735550221276, 31725
735605102845, 735605109277, 6432
735637615634, 735637636094, 20460
735703722017, 735703729244, 7227
735746814431, 735746837633, 23202
735802781967, 735802791948, 9981
735834403591, 735834432856, 29265
735901618522, 735901627039, 8517
736000135575, 736000139673, 4098
736030356087, 736030382013, 25926
736099307765, 736099315745, 7980
736133169615, 736133192757, 23142
736198151803, 736198162423, 10620
736228533507, 736228555806, 22299
736296921769, 736296930574, 8805
736337142020, 736337173226, 31206
736395866045, 736395875018, 8973
736425074370, 736425106362, 31992
736494550250, 736494558704, 8454
736535232941, 736535257280, 24339
736593517846, 736593526828, 8982
736623291365, 736623311609, 20244
736692189783, 736692195246, 5463
736725098360, 736725134498, 36138
736791248742, 736791257313, 8571
736825562473, 736825586512, 24039
736890064541, 736890075541, 11000
736988729381, 736988761967, 32586
737021083970, 737021112404, 28434
737087740574, 737087768636, 28062
737117915550, 737117936718, 21168
737186556037, 737186582878, 26841
737220716229, 737220739341, 23112
737285180066, 737285211236, 31170
737329187785, 737329228171, 40386
737384257096, 737384288125, 31029
737413454735, 737413477310, 22575
737483102953, 737483133397, 30444
737518448458, 737518469380, 20922
737582058953, 737582100572, 41619
737628421462, 737628446797, 25335
737680787984, 737680818380, 30396
737716759034, 737716783424, 24390
737779824795, 737779842966, 18171
737810500733, 737810521952, 21219
737878471069, 737878500955, 29886
737911029421, 737911051336, 21915
737977112654, 737977139513, 26859
738017024573, 738017058020, 33447
738075921733, 738075952297, 30564
738125941456, 738125976829, 35373
738175029667, 738175043203, 13536
738223104279, 738223126572, 22293
738273813144, 738273839760, 26616
738312362039, 738312386120, 24081
738372596939, 738372626213, 29274
738407765978, 738407792315, 26337
738471560508, 738471594813, 34305
738503087342, 738503110091, 22749
738570375302, 738570385727, 10425
738603251866, 738603274120, 22254
738669194901, 738669220497, 25596
738709731179, 738709754966, 23787
738768052012, 738768076804, 24792
738807406212, 738807428352, 22140
738866596068, 738866622750, 26682
738899306011, 738899330446, 24435
738965738346, 738965763900, 25554
739064003287, 739064006761, 3474
739078324051, 739078338325, 14274
739177475509, 739177572643, 97134
739276176291, 739276188027, 11736
739375083689, 739375097300, 13611
739473903109, 739473915817, 12708
739572730230, 739572742230, 12000
739671644064, 739671661635, 17571
739770457072, 739770469300, 12228
739869213255, 739869226026, 12771
739968130474, 739968143524, 13050
740000095034, 740000121278, 26244
740066895653, 740066907737, 12084
740165586594, 740165602899, 16305
740200097973, 740200142271, 44298
740264690202, 740264702835, 12633
740349171723, 740349184923, 13200
740389971106, 740390000500, 29394
740448195099, 740448216201, 21102
740501844163, 740501866735, 22572
740547144531, 740547174885, 30354
740577468705, 740577491067, 22362
740646386329, 740646414085, 27756
740685910442, 740685937322, 26880
740744846644, 740744867884, 21240
740789432062, 740789473591, 41529
740843703885, 740843736372, 32487
740897552399, 740897574869, 22470
740942511686, 740942540669, 28983
740982408195, 740982431817, 23622
741041375094, 741041403336, 28242
741091732658, 741091755236, 22578
741140284060, 741140311705, 27645
741171980386, 741172004098, 23712
741239413640, 741239448539, 34899
741289467718, 741289490287, 22569
741337890783, 741337918053, 27270
741382801771, 741382839361, 37590
741436657382, 741436687274, 29892
741469190994, 741469212039, 21045
741535460266, 741535467763, 7497
741567646292, 741567668030, 21738
741634549405, 741634578211, 28806
741669200354, 741669239984, 39630
741733513218, 741733541397, 28179
741765461631, 741765488910, 27279
741832102969, 741832130731, 27762
741864229723, 741864271696, 41973
741930918640, 741930946870, 28230
741959703140, 741959720858, 17718
742029783087, 742029799530, 16443
742061674310, 742061695181, 20871
742128489637, 742128496528, 6891
742171299225, 742171322865, 23640
742227503363, 742227507209, 3846
742259937693, 742259956458, 18765
742325935477, 742325947375, 11898
742359066889, 742359087286, 20397
742424836925, 742424844539, 7614
742458191621, 742458226211, 34590
742524052704, 742524061188, 8484
742555068342, 742555090320, 21978
742622875812, 742622886009, 10197
742669206467, 742669228958, 22491
742721863539, 742721877927, 14388
742765348572, 742765371945, 23373
742820533017, 742820541450, 8433
742857164281, 742857188335, 24054
742919364652, 742919373472, 8820
742950816782, 742950837980, 21198
743018232469, 743018241211, 8742
743116998690, 743117028891, 30201
743149141419, 743149169235, 27816
743215918921, 743215927954, 9033
743248047893, 743248069703, 21810
743314748947, 743314764826, 15879
743356827755, 743356850816, 23061
743413634792, 743413666448, 31656
743447423713, 743447445586, 21873
743512445564, 743512480493, 34929
743545554651, 743545575957, 21306
743611263890, 743611298402, 34512
743644410436, 743644432879, 22443
743710128633, 743710173258, 44625
743742828797, 743742850232, 21435
743809021936, 743809070995, 49059
743841017020, 743841038956, 21936
743907797711, 743907836228, 38517
743953351715, 743953375712, 23997
744006507432, 744006540498, 33066
744038815839, 744038837967, 22128
744105292278, 744105316434, 24156
744142234922, 744142260044, 25122
744204351804, 744204361536, 9732
744237214434, 744237252984, 38550
744303390653, 744303425396, 34743
744332336216, 744332353199, 16983
744402165861, 744402195432, 29571
744435096886, 744435136717, 39831
744500814727, 744500845837, 31110
744532760679, 744532782108, 21429
744599718168, 744599722545, 4377
744634194238, 744634217794, 23556
744698471267, 744698479757, 8490
744734052279, 744734075190, 22911
744797400959, 744797409314, 8355
744829671318, 744829690431, 19113
744896190996, 744896200551, 9555
744927628774, 744927660265, 31491
744995310450, 744995321295, 10845
745026706803, 745026728286, 21483
745093866180, 745093876281, 10101
745127628377, 745127677112, 48735
745192685539, 745192693687, 8148
745234144017, 745234181145, 37128
745291569348, 745291579152, 9804
745322736702, 745322757795, 21093
745389981947, 745389991271, 9324
745436812131, 745436843598, 31467
745489502475, 745489509753, 7278
745518226383, 745518245064, 18681
745588077798, 745588087389, 9591
745621082933, 745621103357, 20424
745686967948, 745686978982, 11034
745718019106, 745718039440, 20334
745785790954, 745785798967, 8013
745820235405, 745820258577, 23172
745885501195, 745885503919, 2724
745917125044, 745917153484, 28440
745983443291, 745983453149, 9858
746018333872, 746018367499, 33627
746082476952, 746082482394, 5442
746181117993, 746181145089, 27096
746212779900, 746212834587, 54687
746280326396, 746280362498, 36102
746311374557, 746311395461, 20904
746378818289, 746378902586, 84297
746428205986, 746428238245, 32259
746493357883, 746493380290, 22407
746590367589, 746590452414, 84825
746689192727, 746689272926, 80199
746788006662, 746788094469, 87807
746886659916, 746886673917, 14001
746985568868, 746985583205, 14337
747084381934, 747084394336, 12402
747183135757, 747183148600, 12843
747281946210, 747281960019, 13809
747380783799, 747380799834, 16035
747479580481, 747479593681, 13200
747578450447, 747578478485, 28038
747677013548, 747677025329, 11781
747775868357, 747775881095, 12738
747874688064, 747874702092, 14028
747973265566, 747973276780, 11214
748072243459, 748072255312, 11853
748171095677, 748171112003, 16326
748269894883, 748269906592, 11709
748368685864, 748368715447, 29583
748467396745, 748467408949, 12204
748566001627, 748566007475, 5848
748664978333, 748664989706, 11373
748763813839, 748763828245, 14406
748848256883, 748848273254, 16371
748880917256, 748880940377, 23121
748947456497, 748947485900, 29403
748998100972, 748998127138, 26166
749046436005, 749046468093, 32088
749074596244, 749074614748, 18504
749145015231, 749145046245, 31014
749243834714, 749243867396, 32682
749273153433, 749273187174, 33741
749342619629, 749342625845, 6216
749372431708, 749372452345, 20637
749441741656, 749441760337, 18681
749471620353, 749471643888, 23535
749540064249, 749540120097, 55848
749573950725, 749573972445, 21720
749638718871, 749638746975, 28104
749687223927, 749687246655, 22728
749737780535, 749737813181, 32646
749768315681, 749768338439, 22758
749836874624, 749836881020, 6396
749872249129, 749872269850, 20721
749935561214, 749935591610, 30396
749979257615, 749979280877, 23262
750034243490, 750034274900, 31410
750062952937, 750062974795, 21858
750132928513, 750132960139, 31626
750163236504, 750163269057, 32553
750231744480, 750231772632, 28152
750260855509, 750260875498, 19989
750330420946, 750330448741, 27795
750361475811, 750361515621, 39810
750429299204, 750429329123, 29919
750458759557, 750458778610, 19053
750528084815, 750528091973, 7158
750583429993, 750583456771, 26778
750626923243, 750626933161, 9918
750659834036, 750659860262, 26226
750725978891, 750725986031, 7140
750763751719, 750763778353, 26634
750824332077, 750824341926, 9849
750866358668, 750866393711, 35043
750923254810, 750923263237, 8427
750957387000, 750957409680, 22680
751022300081, 751022308433, 8352
751068223645, 751068246553, 22908
751121067198, 751121073432, 6234
751155977182, 751156004950, 27768
751219651200, 751219678389, 27189
751256580804, 751256614605, 33801
751318461275, 751318486202, 24927
751357736995, 751357761088, 24093
751417232136, 751417258068, 25932
751447501848, 751447526199, 24351
751515852627, 751515868005, 15378
751550139245, 751550163056, 23811
751615076277, 751615105491, 29214
751660457011, 751660480261, 23250
751713286286, 751713291440, 5154
751745363959, 751745390191, 26232
751811890026, 751811895521, 5495
751857182033, 751857209774, 27741
751910656528, 751910661383, 4855
751940880729, 751940902281, 21552
752009952673, 752009963329, 10656
752062153032, 752062178190, 25158
752108136341, 752108139083, 2742
752155360240, 752155386034, 25794
752207283017, 752207294435, 11418
752306055176, 752306080385, 25209
752357222916, 752357276379, 53463
752404597973, 752404668932, 70959
752437585400, 752437607876, 22476
752503715215, 752503725382, 10167
752543359920, 752543384310, 24390
752616649671, 752616662805, 13134
752715597959, 752715677096, 79137
752814046178, 752814051149, 4971
752913117753, 752913130143, 12390
753011812257, 753011823141, 10884
753110609489, 753110621882, 12393
753209410456, 753209472799, 62343
753308228743, 753308244598, 15855
753406951334, 753406962278, 10944
753505762432, 753505775785, 13353
753604591268, 753604604036, 12768
753703203002, 753703215911, 12909
753802183287, 753802193994, 10707
753900976212, 753901003428, 27216
753999731962, 753999744628, 12666
754098489560, 754098502025, 12465
754197393552, 754197406743, 13191
754296153014, 754296164642, 11628
754395028138, 754395040144, 12006
754493737127, 754493749712, 12585
754592506554, 754592519319, 12765
754691303741, 754691316170, 12429
754790114937, 754790131035, 16098
754888907668, 754888923481, 15813
754987703848, 754987732528, 28680
755086501577, 755086516088, 14511
755185415457, 755185444740, 29283
755284207060, 755284220152, 13092
755315914420, 755315941474, 27054
755383188134, 755383251947, 63813
755481451188, 755481461706, 10518
755580449572, 755580465634, 16062
755679236916, 755679251808, 14892
755778028509, 755778042264, 13755
755876984818, 755877050809, 65991
755975601617, 755975614220, 12603
756074405251, 756074417893, 12642
756173154369, 756173169882, 15513
756271985307, 756271999227, 13920
756370812624, 756370841403, 28779
756469575400, 756469609258, 33858
756568357232, 756568369826, 12594
756667166701, 756667178146, 11445
756765949254, 756765962838, 13584
756864739904, 756864752111, 12207
756963499503, 756963511914, 12411
757062323087, 757062334991, 11904
757160971757, 757160995400, 23643
757259944130, 757259957900, 13770
757358783105, 757358803703, 20598
757400014847, 757400050328, 35481
757457268877, 757457273188, 4311
757556252486, 757556264417, 11931
757655053238, 757655065694, 12456
757753834602, 757753859670, 25068
757852867553, 757852907423, 39870
757951436081, 757951449692, 13611
758050204909, 758050218340, 13431
758163356586, 758163363888, 7302
758247854525, 758247869525, 15000
758346594095, 758346606782, 12687
758445422511, 758445436566, 14055
758544412315, 758544427282, 14967
758642968564, 758642984146, 15582
758741778158, 758741789813, 11655
758840529510, 758840533215, 3705
758939241593, 758939267117, 25524
758985436833, 758985461004, 24171
759038321842, 759038342029, 20187
759137028651, 759137042250, 13599
759235860227, 759235877663, 17436
759334550797, 759334564102, 13305
759433299783, 759433311624, 11841
759532098306, 759532110153, 11847
759630923255, 759630934961, 11706
759729758649, 759729786273, 27624
759828503362, 759828515194, 11832
759927300609, 759927315729, 15120
760026092150, 760026103580, 11430
760124852874, 760124865729, 12855
760223674372, 760223687005, 12633
760322470075, 760322487397, 17322
760421256431, 760421269157, 12726
760520170502, 760520240945, 70443
760618887624, 760618901652, 14028
760717426172, 760717441784, 15612
760816435004, 760816446686, 11682
760915227712, 760915239511, 11799
761014010046, 761014026120, 16074
761112778873, 761112790684, 11811
761211544096, 761211555361, 11265
761310369267, 761310392541, 23274
761409112759, 761409122329, 9570
761507925922, 761507939659, 13737
761606736456, 761606751114, 14658
761705542649, 761705560067, 17418
761804315250, 761804330997, 15747
761903137958, 761903154284, 16326
762001924649, 762001942259, 17610
762100685247, 762100701987, 16740
762199417359, 762199453563, 36204
762298374418, 762298390165, 15747
762397098538, 762397112281, 13743
762495899704, 762495914887, 15183
762594483156, 762594498495, 15339
762693377222, 762693391688, 14466
762792257834, 762792270248, 12414
762891027528, 762891039255, 11727
762989688799, 762989703055, 14256
763088789617, 763088803324, 13707
763187415370, 763187426404, 11034
763286934966, 763287004839, 69873
763385014108, 763385026420, 12312
763483823901, 763483835487, 11586
763582597492, 763582609711, 12219
763681354439, 763681366706, 12267
763780062919, 763780094785, 31866
763878763632, 763878776415, 12783
763977704998, 763977717541, 12543
764076532574, 764076544328, 11754
764175351475, 764175365074, 13599
764274115205, 764274128168, 12963
764373107472, 764373166902, 59430
764471629926, 764471640945, 11019
764570468774, 764570481152, 12378
764669284658, 764669298020, 13362
764768092862, 764768105531, 12669
764866881637, 764866893706, 12069
764965662259, 764965675543, 13284
765064503627, 765064518990, 15363
765163362762, 765163376733, 13971
765261865124, 765261879233, 14109
765360812425, 765360825379, 12954
765459647854, 765459659992, 12138
765558438817, 765558450418, 11601
765657237889, 765657250375, 12486
765755996777, 765756008537, 11760
765854789055, 765854801586, 12531
765953603188, 765953616271, 13083
766052361333, 766052376903, 15570
766151099434, 766151112286, 12852
766249950606, 766249964094, 13488
766348749230, 766348760828, 11598
766447535747, 766447547405, 11658
766546316654, 766546328612, 11958
766645265143, 766645297933, 32790
766743878153, 766743894044, 15891
766842543283, 766842553330, 10047
766941524543, 766941536582, 12039
767040320769, 767040332736, 11967
767139206056, 767139221197, 15141
767237991334, 767238009691, 18357
767336694187, 767336705989, 11802
767435546261, 767435572007, 25746
767534330335, 767534350852, 20517
767567898845, 767567928251, 29406
767633050719, 767633081439, 30720
767732118290, 767732249420, 131130
767830604522, 767830618682, 14160
767859420467, 767859450818, 30351
767929412715, 767929443360, 30645
768028265118, 768028282614, 17496
768126850935, 768126858885, 7950
768225780211, 768225793594, 13383
768324428479, 768324441343, 12864
768423370091, 768423381275, 11184
768521960026, 768521969521, 9495
768620972237, 768620982431, 10194
768719740214, 768719750843, 10629
768818531069, 768818541869, 10800
768917359856, 768917371130, 11274
769016115557, 769016126033, 10476
769119954134, 769119961178, 7044
769213675833, 769213697640, 21807
769312688950, 769312717156, 28206
769411224343, 769411237123, 12780
769510000150, 769510013815, 13665
769608922973, 769608937028, 14055
769707726000, 769707739323, 13323
769806490838, 769806502286, 11448
769905267649, 769905279463, 11814
770003883625, 770003899633, 16008
770102874649, 770102888770, 14121
770201653130, 770201680652, 27522
770300494534, 770300526373, 31839
770399190832, 770399202253, 11421
770498097873, 770498116467, 18594
770596916673, 770596929309, 12636
770638071866, 770638114529, 42663
770695574756, 770695611899, 37143
770794394274, 770794406706, 12432
770893326291, 770893340727, 14436
770991924866, 770991996446, 71580
771090704502, 771090716610, 12108
771189560328, 771189573534, 13206
771288373638, 771288386781, 13143
771386939045, 771386948774, 9729
771485888078, 771485898518, 10440
771584778746, 771584789198, 10452
771683508592, 771683520136, 11544
771782298712, 771782309638, 10926
771881181105, 771881193027, 11922
771979898887, 771979911382, 12495
772078668131, 772078683443, 15312
772177290885, 772177299165, 8280
772276241605, 772276253977, 12372
772374878417, 772374886211, 7794
772473847570, 772473859426, 11856
772572663351, 772572679533, 16182
772671463400, 772671474467, 11067
772770049455, 772770064260, 14805
772868977156, 772868990707, 13551
772967770993, 772967783875, 12882
773066673846, 773066687736, 13890
773165401317, 773165413953, 12636
773264187265, 773264199637, 12372
773363005720, 773363023885, 18165
773461782997, 773461797604, 14607
773560600528, 773560613617, 13089
773659137200, 773659147832, 10632
773693968554, 773693996602, 28048
773758150864, 773758165918, 15054
773856972682, 773856989659, 16977
773955666551, 773955683714, 17163
774054528182, 774054542561, 14379
774153109183, 774153119908, 10725
774252098320, 774252128665, 30345
774350857897, 774350871832, 13935
774449679084, 774449694060, 14976
774548608543, 774548625988, 17445
774647261747, 774647273660, 11913
774746262760, 774746280085, 17325
774844796004, 774844819815, 23811
774943805462, 774943836008, 30546
775042443956, 775042457219, 13263
775141208674, 775141219696, 11022
775240057428, 775240068570, 11142
775338828209, 775338859556, 31347
775437427306, 775437441502, 14196
775536406832, 775536418334, 11502
775636085273, 775636096541, 11268
775733947996, 775733961886, 13890
775832873645, 775832884664, 11019
775931531745, 775931546967, 15222
776030356409, 776030367869, 11460
776132592615, 776132623083, 30468
776227713026, 776227720511, 7485
776326688512, 776326701532, 13020
776425505738, 776425520012, 14274
776524279578, 776524293375, 13797
776633959756, 776634028552, 68796
776721867445, 776721879427, 11982
776749295067, 776749320228, 25161
776820659604, 776820671289, 11685
776919285492, 776919297855, 12363
777018268595, 777018279794, 11199
777117072753, 777117084399, 11646
777215844312, 777215847894, 3582
777314620485, 777314632188, 11703
777413414200, 777413427841, 13641
777512258236, 777512269783, 11547
777611125640, 777611140992, 15352
777709831661, 777709844300, 12639
777808567831, 777808579465, 11634
777907482169, 777907494487, 12318
778006178172, 778006189791, 11619
778105106083, 778105119946, 13863
778203825586, 778203839878, 14292
778302395323, 778302411358, 16035
778386982495, 778387052626, 70131
778431544858, 778431572134, 27276
778486010576, 778486013753, 3177
778516573138, 778516593763, 20625
778584835751, 778584854801, 19050
778625659967, 778625682158, 22191
778683809024, 778683823475, 14451
778712164927, 778712191489, 26562
778782577185, 778782609297, 32112
778822729177, 778822751431, 22254
778881560409, 778881590538, 30129
778922371367, 778922395688, 24321
778980192760, 778980202543, 9783
779008001548, 779008023367, 21819
779079154855, 779079182131, 27276
779114862691, 779114881789, 19098
779178041558, 779178069863, 28305
779216173893, 779216194074, 20181
779276770759, 779276796538, 25779
779316182601, 779316206559, 23958
779375367102, 779375373117, 6015
779416634223, 779416656378, 22155
779474109324, 779474140788, 31464
779509188498, 779509214208, 25710
779572640558, 779572681475, 40917
779617737325, 779617762129, 24804
779672170134, 779672200536, 30402
779705145963, 779705168931, 22968
779770660648, 779770693396, 32748
779814137240, 779814161489, 24249
779869613038, 779869648414, 35376
779904865875, 779904893256, 27381
779967808455, 779967836562, 28107
779998422955, 779998442755, 19800
780067055392, 780067083052, 27660
780096000917, 780096041123, 40206
780165665023, 780165690817, 25794
780194707289, 780194739209, 31920
780264426056, 780264450674, 24618
780292836571, 780292858069, 21498
780363249510, 780363273993, 24483
780392825437, 780392845831, 20394
780462024007, 780462109594, 85587
780501924615, 780501947583, 22968
780560851281, 780560876793, 25512
780590444673, 780590473452, 28779
780659621459, 780659646827, 25368
780688382455, 780688402240, 19785
780758621774, 780758630342, 8568
780790752961, 780790774831, 21870
780856843670, 780856865759, 22089
780885836863, 780885859243, 22380
780955883514, 780955892073, 8559
780986837535, 780986859411, 21876
781054822931, 781054847300, 24369
781093379454, 781093403043, 23589
781153558488, 781153569177, 10689
781185164206, 781185204532, 40326
781252468906, 781252501031, 32125
781283041222, 781283062927, 21705
781351208330, 781351229207, 20877
781382675039, 781382725925, 50886
781449953669, 781449978893, 25224
781478768633, 781478790452, 21819
781548709572, 781548735039, 25467
781578363455, 781578383060, 19605
781647787164, 781647811458, 24294
781677704052, 781677741270, 37218
781746693224, 781746721001, 27777
781776919167, 781776941604, 22437
781845047767, 781845068404, 20637
781881622927, 781881643927, 21000
781943915391, 781943940975, 25584
781975631965, 781975666540, 34575
782042698403, 782042723816, 25413
782084152564, 782084172241, 19677
782141494687, 782141518462, 23775
782171475248, 782171496362, 21114
782240082518, 782240102036, 19518
782268583210, 782268601807, 18597
782339126813, 782339157584, 30771
782385371865, 782385395859, 23994
782437859968, 782437886485, 26517
782477946220, 782477971879, 25659
782536662885, 782536688430, 25545
782565793234, 782565815230, 21996
782635381717, 782635402069, 20352
782668885299, 782668909917, 24618
782734280257, 782734305949, 25692
782772904253, 782772927311, 23058
782833049860, 782833077538, 27678
782878611723, 782878635030, 23307
782931827924, 782931855572, 27648
782964607616, 782964627959, 20343
783030612344, 783030640400, 28056
783060012200, 783060033230, 21030
783129414251, 783129441968, 27717
783160378085, 783160402442, 24357
783228130012, 783228139486, 9474
783257247163, 783257268691, 21528
783326992422, 783327020433, 28011
783356630944, 783356651821, 20877
783425787482, 783425813654, 26172
783456578161, 783456602470, 24309
783524546771, 783524567819, 21048
783560237425, 783560257846, 20421
783623407188, 783623432382, 25194
783655086868, 783655107559, 20691
783722280227, 783722325926, 45699
783765485266, 783765509746, 24480
783821037953, 783821072582, 34629
783849746860, 783849768652, 21792
783919740354, 783919768398, 28044
783953845176, 783953869062, 23886
784018518522, 784018543896, 25374
784048994263, 784049017933, 23670
784117313821, 784117340801, 26980
784147921837, 784147943701, 21864
784216124463, 784216147467, 23004
784257489097, 784257513646, 24549
784314527855, 784314541913, 14058
784356591315, 784356613335, 22020
784413344026, 784413375004, 30978
784511910368, 784511915291, 4923
784513566032, 784513571861, 5829
784513591823, 784513593404, 1581
784559901758, 784559957510, 55752
784611076278, 784611091479, 15201
784640237045, 784640257181, 20136
784709712178, 784709742295, 30117
784741530195, 784741562964, 32769
784808863180, 784808885740, 22560
784839380252, 784839402155, 21903
784907421847, 784907477350, 55503
784957634237, 784957665635, 31398
785005889486, 785005893740, 4254
785034953536, 785034983224, 29688
785104995887, 785105009297, 13410
785145573697, 785145605146, 31449
785203763361, 785203772118, 8757
785250778016, 785250804845, 26829
785302503812, 785302509187, 5375
785352375888, 785352402879, 26991
785401367889, 785401373535, 5646
785454195152, 785454221603, 26451
785500144861, 785500148614, 3753
785539521869, 785539549313, 27444
785613955559, 785613980180, 24621
785697394564, 785697403426, 8862
785712381038, 785712516212, 135174
785796408963, 785796437850, 28887
785810753189, 785810764427, 11238
785853378095, 785853404477, 26382
785909646529, 785909748418, 101889
785938237268, 785938260647, 23379
786008302352, 786008315051, 12699
786106905709, 786106915483, 9774
786205903700, 786205916378, 12678
786290420180, 786290429102, 8922
786319735645, 786319762243, 26598
786389555089, 786389582155, 27066
786420845074, 786420868096, 23022
786488336782, 786488356231, 19449
786520776514, 786520821508, 44994
786586901727, 786586932651, 30924
786615263269, 786615285853, 22584
786685804175, 786685836575, 32400
786723319636, 786723344275, 24639
786784519693, 786784549495, 29802
786813837972, 786813859749, 21777
786883523960, 786883553528, 29568
786920140633, 786920162626, 21993
786982301187, 786982332192, 31005
787018587035, 787018619105, 32070
787081145090, 787081174601, 29511
787121017852, 787121045587, 27735
787179903442, 787179928879, 25437
787217005936, 787217041267, 35331
787278632905, 787278657259, 24354
787307753551, 787307775550, 21999
787377502675, 787377513328, 10653
787411678577, 787411706231, 27654
787476262730, 787476345086, 82356
787505550331, 787505569465, 19134
787575053795, 787575077144, 23349
787620184513, 787620207226, 22713
787673864830, 787673874454, 9624
787704442725, 787704465648, 22923
787772626977, 787772653281, 26304
787805333493, 787805377041, 43548
787871317898, 787871327063, 9165
787916148747, 787916178066, 29319
787969881670, 787969906546, 24876
787999244242, 787999265845, 21603
788069057907, 788069094417, 36510
788112064716, 788112088845, 24129
788167935711, 788167945104, 9393
788202614007, 788202635967, 21960
788266582977, 788266592862, 9885
788303227965, 788303251119, 23154
788365083140, 788365088690, 5550
788405637022, 788405659255, 22233
788464125019, 788464132381, 7362
788512168786, 788512210300, 41514
788562482083, 788562491716, 9633
788603980606, 788604005713, 25107
788661456714, 788661469047, 12333
788694435190, 788694459721, 24531
788760418540, 788760424675, 6135
788792238252, 788792268069, 29817
788859228434, 788859235934, 7500
788888209305, 788888232384, 23079
788957855835, 788957862040, 6205
789056936674, 789056966053, 29379
789086695607, 789086727446, 31839
789155715438, 789155764158, 48720
789186136865, 789186160979, 24114
789254228586, 789254262187, 33601
789305322519, 789305351325, 28806
789352654228, 789352657336, 3108
789381861327, 789381879672, 18345
789452099135, 789452130257, 31122
789499790288, 789499811582, 21294
789550877197, 789550909183, 31986
789589802339, 789589825574, 23235
789649686736, 789649717894, 31158
789690291073, 789690313804, 22731
789748468062, 789748498722, 30660
789781640297, 789781670948, 30651
789847302525, 789847334409, 31884
789876462998, 789876484667, 21669
789946092367, 789946098793, 6426
789979899814, 789979923010, 23196
790044852709, 790044861301, 8592
790075419671, 790075453643, 33972
790143703247, 790143719543, 16296
790185007405, 790185030250, 22845
790242239765, 790242245654, 5889
790273200419, 790273222430, 22011
790341210567, 790341219210, 8643
790381741947, 790381765314, 23367
790440019056, 790440026016, 6960
790478031780, 790478053638, 21858
790538805256, 790538813638, 8382
790578222581, 790578244151, 21570
790637586367, 790637594770, 8403
790668476702, 790668496778, 20076
790736281651, 790736287747, 6096
790771150943, 790771183904, 32961
790835181297, 790835191053, 9756
790865788887, 790865811390, 22503
790933963646, 790933973666, 10020
790962333844, 790962353419, 19575
791032777842, 791032786197, 8355
791065345611, 791065366026, 20415
791131548583, 791131556128, 7545
791160042841, 791160063340, 20499
791229931437, 791229940230, 8793
791266720829, 791266755614, 34785
791328926584, 791328931987, 5403
791358303712, 791358330298, 26586
791427927629, 791427936815, 9186
791482802663, 791482830323, 27660
791526713082, 791526721539, 8457
791557226055, 791557245999, 19944
791625261053, 791625268588, 7535
791661070278, 791661096927, 26649
791724291263, 791724301235, 9972
791752925719, 791752945081, 19362
791823103883, 791823113147, 9264
791854593609, 791854638936, 45327
791921974584, 791921992284, 17700
791950961414, 791950982738, 21324
792020716115, 792020720162, 4047
792066121202, 792066143747, 22545
792119461856, 792119471891, 10035
792148669114, 792148692787, 23673
792218350662, 792218360295, 9633
792246461712, 792246489624, 27912
792316682713, 792316689724, 7011
792346526067, 792346546968, 20901
792415833740, 792415842323, 8583
792446770137, 792446792694, 22557
792514515403, 792514521883, 6480
792545918068, 792545940691, 22623
792613412595, 792613424931, 12336
792642154071, 792642176367, 22296
792711932247, 792711939939, 7692
792744596961, 792744623616, 26655
792810693275, 792810704072, 10797
792854142236, 792854185961, 43725
792909819736, 792909827116, 7380
792938502542, 792938522297, 19755
793008427347, 793008434145, 6798
793052463920, 793052490497, 26577
793107448583, 793107458960, 10377
793143360834, 793143391008, 30174
793206186523, 793206195853, 9330
793245284534, 793245307496, 22962
793304992204, 793304998672, 6468
793337475722, 793337496650, 20928
793403759769, 793403768664, 8895
793444786029, 793444813737, 27708
793502570772, 793502577621, 6849
793532524218, 793532545899, 21681
793601352270, 793601361372, 9102
793634260073, 793634281898, 21825
793700151980, 793700160791, 8811
793739150119, 793739172154, 22035
793798962670, 793798969018, 6348
793829409239, 793829430173, 20934
793897733440, 793897740382, 6942
793930218634, 793930244371, 25737
793996524692, 793996532291, 7599
794025709866, 794025731865, 21999
794095349299, 794095356964, 7665
794134230257, 794134264418, 34161
794194154452, 794194163155, 8703
794226952314, 794226974136, 21822
794292854256, 794292862221, 7965
794321312860, 794321334028, 21168
794391697320, 794391703563, 6243
794425674447, 794425698861, 24414
794490434314, 794490444442, 10128
794519321008, 794519341753, 20745
794589278190, 794589287610, 9420
794629348979, 794629371344, 22365
794688080784, 794688089625, 8841
794716695541, 794716716730, 21189
794786858409, 794786867196, 8787
794817263448, 794817287079, 23631
794885432188, 794885437627, 5439
794915190799, 794915215162, 24363
794984241789, 794984246424, 4635
795020019839, 795020043254, 23415
795083239304, 795083247569, 8265
795124585284, 795124606470, 21186
795182036270, 795182042552, 6282
795224369408, 795224393423, 24015
795280700967, 795280710534, 9567
795319782113, 795319826219, 44106
795379655805, 795379663518, 7713
795412190944, 795412214620, 23676
795478416980, 795478423322, 6342
795509430040, 795509451361, 21321
795577203183, 795577211250, 8067
795620785061, 795620812808, 27747
795675739535, 795675746273, 6738
795703979764, 795703999729, 19965
795774798406, 795774804844, 6438
795803325183, 795803345844, 20661
795873354212, 795873360962, 6750
795920021625, 795920053260, 31635
795972369159, 795972375822, 6663
796001250942, 796001271273, 20331
796071177436, 796071186496, 9060
796100813625, 796100838087, 24462
796169984478, 796169993505, 9027
796203359241, 796203393462, 34221
796268428899, 796268468474, 39575
796300427470, 796300450891, 23421
796367361729, 796367372187, 10458
796399646266, 796399671301, 25035
796466243530, 796466267266, 23736
796503629640, 796503652605, 22965
796565128345, 796565137315, 8970
796596671129, 796596702845, 31716
796663562635, 796663572361, 9726
796708273054, 796708294684, 21630
796762670041, 796762678699, 8658
796792473110, 796792500158, 27048
796861467483, 796861476462, 8979
796890879113, 796890900302, 21189
796960586639, 796960594433, 7794
796999645270, 796999669942, 24672
797059042889, 797059050770, 7881
797097986909, 797098010927, 24018
797157835558, 797157844813, 9255
797190189299, 797190210926, 21627
797256636812, 797256645341, 8529
797290328827, 797290382212, 53385
797355390377, 797355407390, 17013
797402091087, 797402117253, 26166
797454186930, 797454196878, 9948
797489567240, 797489589665, 22425
797553024599, 797553032600, 8001
797595523642, 797595546142, 22500
797651473616, 797651480366, 6750
797680034840, 797680053617, 18777
797750594578, 797750603614, 9036
797796479320, 797796502402, 23082
797849400599, 797849407256, 6657
797880068636, 797880090290, 21654
797948211279, 797948217198, 5919
798046993617, 798047000388, 6771
798076733342, 798076760039, 26697
798145913569, 798145922140, 8571
798244311676, 798244326610, 14934
798292710397, 798292740610, 30213
798343356678, 798343384848, 28170
798383405501, 798383429225, 23724
798441784906, 798441801716, 16810
798477245813, 798477273935, 28122
798540681391, 798540691180, 9789
798580654800, 798580681734, 26934
798639735173, 798639744797, 9624
798680777268, 798680799534, 22266
798738611584, 798738625804, 14220
798787685556, 798787713744, 28188
798837306463, 798837335377, 28914
798870489062, 798870511958, 22896
798936089010, 798936115842, 26832
798972476623, 798972514027, 37404
799034881857, 799034909085, 27228
799063266472, 799063288456, 21984
799133693756, 799133722403, 28647
799163059816, 799163079283, 19467
799232546408, 799232583374, 36966
799261563086, 799261596920, 33834
799331003725, 799331073330, 69605
799363632366, 799363654032, 21666
799430021106, 799430102400, 81294
799461857113, 799461888268, 31155
799528838570, 799528871387, 32817
799573144061, 799573163222, 19161
799627695128, 799627720010, 24882
799662058425, 799662084402, 25977
799726441316, 799726465349, 24033
799755510883, 799755534862, 23979
799824967474, 799824988402, 20928
799856825340, 799856848947, 23607
799923933339, 799923957843, 24504
799956228462, 799956252015, 23553
800022787507, 800022813931, 26424
800051352362, 800051371514, 19152
800121426355, 800121446032, 19677
800165487800, 800165518097, 30297
800220271425, 800220342942, 71517
800248600347, 800248622052, 21705
800319020095, 800319029374, 9279
800367026213, 800367051035, 24822
800418085727, 800418107579, 21852
800452209115, 800452236769, 27654
800516790839, 800516813507, 22668
800558993048, 800559017684, 24636
800615611131, 800615643603, 32472
800647117475, 800647139114, 21639
800714347026, 800714367351, 20325
800743411284, 800743433688, 22404
800813044977, 800813071725, 26748
800853022744, 800853046309, 23565
800911948560, 800911971474, 22914
800949257967, 800949284103, 26136
801010747159, 801010755889, 8730
801039956056, 801039985948, 29892
801109537499, 801109547582, 10083
801142362502, 801142386217, 23715
801208316909, 801208326215, 9306
801260312551, 801260337355, 24804
801307118046, 801307127658, 9612
801343310372, 801343332605, 22233
801405572000, 801405596081, 24081
801441082466, 801441114716, 32250
801504690674, 801504716621, 25947
801540874316, 801540897419, 23103
801603495092, 801603520730, 25638
801632896901, 801632916311, 19410
801702008309, 801702025594, 17285
801744098217, 801744121539, 23322
801801081982, 801801106828, 24846
801830146584, 801830169174, 22590
801899995695, 801900037914, 42219
801937730877, 801937764369, 33492
801998745919, 801998776255, 30336
802041982351, 802042005310, 22959
802097451507, 802097473863, 22356
802135336960, 802135360435, 23475
802196309475, 802196332632, 23157
802232988897, 802233011064, 22167
802295120101, 802295129491, 9390
802330995029, 802331020454, 25425
802393841992, 802393851073, 9081
802428796708, 802428819553, 22845
802492617977, 802492643954, 25977
802540175142, 802540197915, 22773
802591424538, 802591449636, 25098
802627264107, 802627288767, 24660
802689875921, 802689891286, 15365
802729904790, 802729948167, 43377
802788959139, 802788982620, 23481
802824483507, 802824504909, 21402
802887785163, 802887809463, 24300
802923441179, 802923465839, 24660
802986586785, 802986612258, 25473
803027429750, 803027452751, 23001
803085371996, 803085404596, 32600
803125871388, 803125895805, 24417
803184201286, 803184227731, 26445
803213660296, 803213686525, 26229
803282985581, 803283010769, 25188
803311221882, 803311250412, 28530
803381752644, 803381778039, 25395
803414036624, 803414057660, 21036
803480498829, 803480526813, 27984
803512941030, 803512962483, 21453
803579343929, 803579375102, 31173
803614422522, 803614442523, 20001
803678153484, 803678162370, 8886
803722501001, 803722529341, 28340
803776910236, 803776938586, 28350
803811786276, 803811809370, 23094
803876043976, 803876067283, 23307
803911630616, 803911654610, 23994
803974402473, 803974426293, 23820
804009173122, 804009199363, 26241
804073296340, 804073334074, 37734
804109958421, 804109981575, 23154
804171985858, 804172018255, 32397
804218634157, 804218657602, 23445
804270944935, 804270967048, 22113
804322252260, 804322278153, 25893
804369698342, 804369729194, 30852
804398565100, 804398585224, 20124
804468531880, 804468577852, 45972
804524166667, 804524203039, 36372
804567263648, 804567290726, 27078
804597002245, 804597023710, 21465
804666071085, 804666097473, 26388
804697772255, 804697794905, 22650
804764853390, 804764878644, 25254
804800794044, 804800818038, 23994
804863630207, 804863651915, 21708
804902526951, 804902551263, 24312
804962461821, 804962483775, 21954
805003177134, 805003201455, 24321
805061231424, 805061240481, 9057
805101384933, 805101431361, 46428
805160008538, 805160031986, 23448
805197140872, 805197163846, 22974
805258598002, 805258604167, 6165
805289537024, 805289561870, 24846
805357408158, 805357429557, 21399
805402873582, 805402898212, 24630
805456368457, 805456394437, 25980
805486089844, 805486110778, 20934
805555081252, 805555109029, 27777
805595912993, 805595936822, 23829
805653967303, 805653991045, 23742
805685249538, 805685271597, 22059
805752744836, 805752770183, 25347
805799701190, 805799725475, 24285
805851150498, 805851155169, 4671
805881616678, 805881637273, 20595
805950348884, 805950358973, 10089
805978879796, 805978898915, 19119
806049102722, 806049127667, 24945
806086631123, 806086652927, 21804
806147902250, 806147929661, 27411
806177879717, 806177900714, 20997
806246467182, 806246510862, 43680
806303018691, 806303043678, 24987
806344861875, 806344866813, 4938
806387778523, 806387804041, 25518
806444310739, 806444338840, 28101
806487217935, 806487240639, 22704
806543060395, 806543086624, 26229
806575642603, 806575667062, 24459
806641856978, 806641887458, 30480
806674823833, 806674851910, 28077
806740663768, 806740694119, 30351
806771436777, 806771457729, 20952
806839456598, 806839488131, 31533
806873246132, 806873268887, 22755
806937925194, 806937963321, 38127
806979799257, 806979821241, 21984
807037051812, 807037082055, 30243
807075249470, 807075303041, 53571
807135568191, 807135589851, 21660
807178174569, 807178196283, 21714
807234864245, 807234897323, 33078
807267385405, 807267408415, 23010
807333481904, 807333516974, 35070
807432259828, 807432290899, 31071
807462540357, 807462571731, 31374
807531053882, 807531083825, 29943
807564145233, 807564167169, 21936
807629806603, 807629838733, 32130
807662248259, 807662268722, 20463
807728594111, 807728624438, 30327
807762257220, 807762280134, 22914
807827504070, 807827539104, 35034
807866094753, 807866130288, 35535
807926028019, 807926114809, 86790
807955253411, 807955284689, 31278
808024947233, 808024975928, 28695
808061011845, 808061036676, 24831
808123410785, 808123433351, 22566
808158370603, 808158394768, 24165
808222260815, 808222298147, 37332
808267090670, 808267115261, 24591
808321086418, 808321114753, 28335
808353171932, 808353193079, 21147
808420142040, 808420153089, 11049
808456580103, 808456604421, 24318
808518933628, 808518962362, 28734
808546648969, 808546670134, 21165
808617715795, 808617739726, 23931
808649890248, 808649918484, 28236
808716527240, 808716540071, 12831
808744716883, 808744737661, 20778
808814848044, 808814872503, 24459
808858235992, 808858258747, 22755
808914166398, 808914180282, 13884
808943165919, 808943203011, 37092
809012917319, 809012926946, 9627
809041921467, 809041944450, 22983
809111693130, 809111702799, 9669
809145440584, 809145462985, 22401
809210510982, 809210520702, 9720
809238440465, 809238461945, 21480
809309226511, 809309255518, 29007
809352295664, 809352321989, 26325
809408071964, 809408081564, 9600
809445844794, 809445868578, 23784
809506828652, 809506837865, 9213
809545189479, 809545212603, 23124
809605636634, 809605645799, 9165
809653043528, 809653065044, 21516
809704154529, 809704159332, 4803
809751732624, 809751758766, 26142
809817110053, 809817122953, 12900
809915999479, 809916013882, 14403
810014526749, 810014533508, 6759
810113553301, 810113642605, 89304
810212310934, 810212331055, 20121
810311135394, 810311145756, 10362
810409887081, 810409897623, 10542
810508694980, 810508711666, 16686
810607478784, 810607495179, 16395
810706272079, 810706298410, 26331
810805099432, 810805112881, 13449
810903862348, 810903882316, 19968
811002685656, 811002699063, 13407
811101471082, 811101482782, 11700
811200308488, 811200341047, 32559
811299028474, 811299043318, 14844
811397718193, 811397746231, 28038
811496644856, 811496660471, 15615
811595256875, 811595272370, 15495
811694230940, 811694243267, 12327
811793019370, 811793030767, 11397
811891790695, 811891869547, 78852
811990686214, 811990697410, 11196
812089400764, 812089417096, 16332
812188177720, 812188194577, 16857
812286956059, 812286967777, 11718
812385793180, 812385805648, 12468
812484524387, 812484537167, 12780
812583353706, 812583367574, 13868
812681931190, 812681942158, 10968
812780929053, 812780958543, 29490
812879678735, 812879692643, 13908
812981313065, 812981334080, 21015
813077307966, 813077321001, 13035
813176107366, 813176120884, 13518
813274897368, 813274910388, 13020
813373659622, 813373671304, 11682
813472484122, 813472497088, 12966
813571076118, 813571090842, 14724
813670171008, 813670182027, 11019
813768828296, 813768843815, 15519
813867627190, 813867644869, 17679
813966419044, 813966430165, 11121
814065201133, 814065214756, 13623
814164006927, 814164021971, 15044
814262633920, 814262642788, 8868
814361607714, 814361619663, 11949
814460392739, 814460404868, 12129
814559156901, 814559175165, 18264
814657975035, 814657996071, 21036
814757857633, 814757924428, 66795
814855538547, 814855555287, 16740
814954361219, 814954378604, 17385
815053145458, 815053158373, 12915
815151920168, 815151943328, 23160
815250884531, 815250916088, 31557
815349704929, 815349741388, 36459
815448333282, 815448350046, 16764
815546927772, 815546943192, 15420
815645796531, 815645809293, 12762
815744726090, 815744742413, 16323
815843422084, 815843437627, 15543
815942246933, 815942261030, 14097
816041335710, 816041397063, 61353
816140019718, 816140035378, 15660
816238624939, 816238641085, 16146
816337395208, 816337410088, 14880
816436219084, 816436232815, 13731
816535015501, 816535029154, 13653
816561355724, 816561382748, 27024
816633769793, 816633780617, 10824
816732640459, 816732652444, 11985
816831333880, 816831353962, 20082
816930189481, 816930205936, 16455
817028811195, 817028819619, 8424
817127808595, 817127824837, 16242
817226599190, 817226612633, 13443
817325359869, 817325372508, 12639
817424151000, 817424162604, 11604
817522723490, 817522733825, 10335
817621700222, 817621720676, 20454
817720515723, 817720526886, 11163
817819317257, 817819328771, 11514
817918984271, 817919042699, 58428
818016909709, 818016922261, 12552
818115844400, 818115855236, 10836
818214459369, 818214471066, 11697
818313245634, 818313257409, 11775
818412066082, 818412078268, 12186
818510822603, 818510833619, 11016
818609659649, 818609676662, 17013
818708449255, 818708464372, 15117
818807237950, 818807253676, 15726
818905979592, 818905992258, 12666
819004788081, 819004800723, 12642
819103572889, 819103586374, 13485
819202394457, 819202417722, 23265
819308549580, 819308564712, 15132
819399790247, 819399800465, 10218
819498761934, 819498774087, 12153
819597537442, 819597550636, 13194
819696303404, 819696313142, 9738
819795208057, 819795219481, 11424
819893940031, 819893952862, 12831
819992786605, 819992800294, 13689
820091531025, 820091543892, 12867
820190277668, 820190291663, 13995
820289163630, 820289182113, 18483
820387903628, 820387918115, 14487
820486773111, 820486800240, 27129
820585558415, 820585582472, 24057
820684251309, 820684263900, 12591
820783109159, 820783122182, 13023
820881976250, 820882002425, 26175
820981512511, 820981521094, 8583
821079446311, 821079461611, 15300
821178308384, 821178329207, 20823
821277042471, 821277112875, 70404
821375639159, 821375652437, 13278
821474615978, 821474630850, 14872
821573408654, 821573426669, 18015
821672218039, 821672231287, 13248
821770940216, 821770946120, 5904
821869746056, 821869759526, 13470
821968577968, 821968603570, 25602
822067362975, 822067378584, 15609
822166112558, 822166126331, 13773
822264945880, 822264961027, 15147
822363736423, 822363756472, 20049
822462526505, 822462538373, 11868
822561321791, 822561341162, 19371
822660111969, 822660125127, 13158
822690446080, 822690472960, 26880
822758864547, 822758875503, 10956
822857791502, 822857819714, 28212
822956462951, 822956474828, 11877
823055234889, 823055244036, 9147
823154071080, 823154087460, 16380
823252782128, 823252793405, 11277
823351469834, 823351481618, 11784
823450451385, 823450466307, 14922
823549238090, 823549249826, 11736
823648018557, 823648037133, 18576
823746815541, 823746827562, 12021
823845778661, 823845806981, 28320
823944454439, 823944465830, 11391
824043143888, 824043155600, 11712
824141968651, 824141989120, 20469
824240746485, 824240756403, 9918
824339683106, 824339704517, 21411
824438329433, 824438347721, 18288
824537024514, 824537034546, 10032
824635930897, 824635962091, 31194
824734737070, 824734748704, 11634
824833852380, 824833865427, 13047
824932285504, 824932298242, 12738
825031027509, 825031037142, 9633
825129931485, 825129941631, 10146
825228701597, 825228715169, 13572
825327320150, 825327337979, 17829
825426334264, 825426345796, 11532
825525020344, 825525030877, 10533
825623821273, 825623831590, 10317
825722657355, 825722667822, 10467
825821433726, 825821445906, 12180
825920207149, 825920218297, 11148
826019038346, 826019049017, 10671
826117798600, 826117810234, 11634
826216608967, 826216618882, 9915
826315418048, 826315429724, 11676
826414152886, 826414165147, 12261
826512953045, 826512963446, 10401
826611739449, 826611748386, 8937
826710579954, 826710591744, 11790
826809392056, 826809402289, 10233
826908131310, 826908141705, 10395
827006744954, 827006754638, 9684
827105771196, 827105783372, 12176
827204486863, 827204497369, 10506
827314323226, 827314327792, 4566
827402144475, 827402159646, 15171
827501181240, 827501194131, 12891
827599696311, 827599710384, 14073
827698532498, 827698545191, 12693
827797296118, 827797309672, 13554
827896051620, 827896063788, 12168
827994645608, 827994651749, 6141
828093484442, 828093493541, 9099
828192232225, 828192239698, 7473
828291591278, 828291612701, 21423
828389994163, 828390007747, 13584
828488661722, 828488664662, 2940
828587452371, 828587467167, 14796
828686386678, 828686400292, 13614
828785213874, 828785225346, 11472
828884009271, 828884021499, 12228
828982828729, 828982844788, 16059
829081766600, 829081784483, 17883
829180331796, 829180342836, 11040
829279169403, 829279180794, 11391
829377935339, 829377948905, 13566
829476729615, 829476743238, 13623
829575556016, 829575569396, 13380
829674369443, 829674381995, 12552
829773299954, 829773353606, 53652
829871917358, 829871930831, 13473
829970550693, 829970564166, 13473
830069553736, 830069568625, 14889
830168279457, 830168291130, 11673
830267044083, 830267056719, 12636
830365691019, 830365704243, 13224
830464641025, 830464653592, 12567
830563491511, 830563503901, 12390
830662270936, 830662282582, 11646
830761042366, 830761059124, 16758
830859813390, 830859828123, 14733
830958637744, 830958650410, 12666
831057447189, 831057458478, 11289
831156192288, 831156203859, 11571
831254986775, 831254999009, 12234
831353799788, 831353810012, 10224
831452544592, 831452559169, 14577
831551373844, 831551392408, 18564
831650186616, 831650218731, 32115
831748758997, 831748768684, 9687
831847568238, 831847582230, 13992
831875741172, 831875771283, 30111
831946588761, 831946600494, 11733
832045276477, 832045287463, 10986
832144209981, 832144221741, 11760
832243015943, 832243033532, 17589
832341724486, 832341736066, 11580
832440513726, 832440525033, 11307
832539356325, 832539369768, 13443
832638123267, 832638138237, 14970
832736863992, 832736874072, 10080
832835680891, 832835693332, 12441
832934457424, 832934466856, 9432
833033212183, 833033222299, 10116
833132051784, 833132062407, 10623
833230661752, 833230677313, 15561
833329616124, 833329647606, 31482
833428388621, 833428399847, 11226
833527232937, 833527236123, 3186
833626009889, 833626022888, 12999
833724799447, 833724811933, 12486
833823559673, 833823572297, 12624
833922382215, 833922395730, 13515
834021142427, 834021154319, 11892
834119983028, 834119995025, 11997
834218750037, 834218763303, 13266
834317560120, 834317573197, 13077
834416350083, 834416362980, 12897
834514954877, 834514968785, 13908
834613945748, 834613961513, 15765
834712722466, 834712735918, 13452
834811529013, 834811542375, 13362
834910326159, 834910337121, 10962
834950125290, 834950150736, 25446
835009196947, 835009211596, 14649
835107896411, 835107908777, 12366
835206624918, 835206637752, 12834
835305440473, 835305452686, 12213
835404293273, 835404304952, 11679
835502954044, 835502965351, 11307
835601821895, 835601833040, 11145
835700646406, 835700658097, 11691
835799450046, 835799460675, 10629
835898029000, 835898045989, 16989
835997012630, 835997022821, 10191
836095669726, 836095679107, 9381
836194559799, 836194571892, 12093
836293357268, 836293368512, 11244
836392169885, 836392181840, 11955
836490931735, 836490943612, 11877
836589771063, 836589785139, 14076
836688513512, 836688525581, 12069
836787352017, 836787363513, 11496
836886132557, 836886143555, 10998
836984933629, 836984943931, 10302
837083697164, 837083716202, 19038
837182438293, 837182448358, 10065
837281317053, 837281327529, 10476
837379912025, 837379926665, 14640
837478891908, 837478903479, 11571
837577689540, 837577700226, 10686
837676466724, 837676479300, 12576
837775188880, 837775196821, 7941
837873992741, 837874002782, 10041
837972862351, 837972873646, 11295
838071667091, 838071677600, 10509
838170589908, 838170631212, 41304
838268980206, 838268984541, 4335
838368018227, 838368028040, 9813
838466873390, 838466886056, 12666
838565425626, 838565441202, 15576
838664425377, 838664438793, 13416
838763176270, 838763192287, 16017
838862011805, 838862027642, 15837
838960765943, 838960776845, 10902
839059564145, 839059576757, 12612
839158382913, 839158396683, 13770
839257188625, 839257215547, 26922
839355999847, 839356016071, 16224
839454732360, 839454745635, 13275
839553684653, 839553726932, 42279
839652282391, 839652294586, 12195
839751166934, 839751182003, 15069
839849857808, 839849870417, 12609
839948649617, 839948663594, 13977
840047361500, 840047372072, 10572
840146229188, 840146240012, 10824
840245069749, 840245082616, 12867
840343662847, 840343676293, 13446
840442631534, 840442644362, 12828
840541462147, 840541477630, 15483
840640237065, 840640248915, 11850
840739028196, 840739041633, 13437
840837820889, 840837832553, 11664
840936630903, 840936642087, 11184
841035402480, 841035415587, 13107
841069761898, 841069788622, 26724
841134413312, 841134487466, 74154
841232802223, 841232810662, 8439
841331758609, 841331770162, 11553
841430528965, 841430541034, 12069
841529362463, 841529375660, 13197
841628117598, 841628130939, 13341
841726919162, 841726934387, 15225
841825701446, 841825713893, 12447
841924741078, 841924766581, 25503
842023319103, 842023329372, 10269
842122119033, 842122128672, 9639
842220982903, 842221009864, 26961
842319644750, 842319709322, 64572
842418545770, 842418560140, 14370
842517100171, 842517116236, 16065
842616052418, 842616063899, 11481
842714988747, 842715101763, 113016
842813664968, 842813685303, 20335
842912436957, 842912448177, 11220
843011233152, 843011247306, 14154
843109991184, 843110002980, 11796
843208919700, 843208953558, 33858
843307616862, 843307629741, 12879
843407121328, 843407125750, 4422
843505144626, 843505159863, 15237
843603993436, 843604006711, 13275
843702828572, 843702858320, 29748
843801522751, 843801536581, 13830
843900369517, 843900382015, 12498
843999211602, 843999225750, 14148
844097899823, 844097915858, 16035
844196749618, 844196763259, 13641
844295515159, 844295526748, 11589
844394330418, 844394343360, 12942
844493208424, 844493221051, 12627
844591871561, 844591875083, 3522
844690661158, 844690672792, 11634
844789430124, 844789465734, 35610
844888283356, 844888295791, 12435
844987078221, 844987090503, 12282
845085871658, 845085884135, 12477
845184632108, 845184645407, 13299
845283421090, 845283438202, 17112
845382292747, 845382306124, 13377
845481005688, 845481019791, 14103
845579898411, 845579937600, 39189
845678629021, 845678657392, 28371
845777416281, 845777430564, 14283
845876246497, 845876264140, 17643
845975002107, 845975019789, 17682
846073798394, 846073829285, 30891
845895449851, 845895471544, 21693
845961037379, 845961063590, 26211
845989784025, 845989804524, 20499
846059634938, 846059656139, 21201
846091557344, 846091577717, 20373
846158619037, 846158626915, 7878
846187573264, 846187595527, 22263
846256942037, 846256951505, 9468
846285859687, 846285878860, 19173
846356002535, 846356012561, 10026
846401292018, 846401313546, 21528
846454965480, 846454972803, 7323
846483499106, 846483521348, 22242
846553821875, 846553832366, 10491
846587047018, 846587069386, 22368
846652846378, 846652853302, 6924
846689663664, 846689688333, 24669
846751377846, 846751399608, 21762
846779239336, 846779259889, 20553
846850156438, 846850178410, 21972
846889315012, 846889337200, 22188
846948950048, 846948971102, 21054
846980944233, 846980974464, 30231
847047375768, 847047401169, 25401
847075458418, 847075478842, 20424
847146535310, 847146562463, 27153
847245320712, 847245352803, 32091
847276376573, 847276403108, 26535
847344110473, 847344141682, 31209
847372413244, 847372436053, 22809
847442921949, 847442953248, 31299
847484306228, 847484328365, 22137
847541690934, 847541721477, 30543
847572175101, 847572199752, 24651
847640496929, 847640527655, 30726
847669361296, 847669382677, 21381
847739286285, 847739316927, 30642
847778609802, 847778634189, 24387
847838073462, 847838104575, 31113
847865854072, 847865873743, 19671
847936862275, 847936893793, 31518
847965478268, 847965499949, 21681
848035669437, 848035700310, 30873
848063824723, 848063848111, 23388
848134448909, 848134480637, 31728
848165956795, 848165985181, 28386
848233624626, 848233639140, 14514
848272892386, 848272915519, 23133
848332053232, 848332062679, 9447
848360631617, 848360653385, 21768
848430819280, 848430847132, 27852
848466879560, 848466903008, 23448
848529765265, 848529801892, 36627
848558799609, 848558836902, 37293
848628425529, 848628435363, 9834
848656183023, 848656201722, 18699
848727192833, 848727220406, 27573
848762532476, 848762559149, 26673
848826009003, 848826037164, 28161
848855703015, 848855724330, 21315
848924774691, 848924799840, 25149
848958493132, 848958515719, 22587
849023577756, 849023604516, 26760
849068488116, 849068511447, 23331
849122197478, 849122224386, 26908
849154915835, 849154935830, 19995
849220745142, 849220770597, 25455
849261653212, 849261697225, 44013
849319957362, 849319965870, 8508
849359178027, 849359211552, 33525
849418750932, 849418777566, 26634
849450552199, 849450573814, 21615
849517632621, 849517677156, 44535
849555560882, 849555603650, 42768
849616398488, 849616436306, 37818
849648103583, 849648125264, 21681
849715099158, 849715124049, 24891
849746566583, 849746587502, 20919
849813954375, 849813979725, 25350
849842306203, 849842335567, 29364
849912711018, 849912792645, 81627
849944386610, 849944410988, 24378
850011314882, 850011327077, 12195
850041892839, 850041918402, 25563
850110273800, 850110311519, 37719
850142975717, 850142996585, 20868
850209012408, 850209038175, 25767
850251706170, 850251754692, 48522
850307523087, 850307589589, 66502
850338243660, 850338277965, 34305
850406652704, 850406676170, 23466
850436459892, 850436500905, 41013
850505075141, 850505121032, 45891
850550206636, 850550232700, 26064
850618208031, 850618221726, 13695
850716777806, 850716788981, 11175
850815987321, 850816079775, 92454
850914468539, 850914556715, 88176
851013347027, 851013361286, 14259
851112192105, 851112203205, 11100
851210959666, 851210972068, 12402
851309525256, 851309534772, 9516
851408737303, 851408751268, 13965
851507130290, 851507133365, 3075
851606075107, 851606088064, 12957
851704879977, 851704894719, 14742
851804717852, 851804735027, 17175
851902456013, 851902468820, 12807
852001351062, 852001364169, 13107
852100047020, 852100060235, 13215
852206467067, 852206472212, 5145
852297483651, 852297496377, 12726
852396424340, 852396437678, 13338
852495236505, 852495326982, 90477
852593975742, 852593986296, 10554
852692870550, 852692885542, 14992
852791583937, 852791597401, 13464
852891726562, 852891740782, 14220
852989144915, 852989160518, 15603
853087976432, 853087988999, 12567
853187160960, 853187172939, 11979
853286416958, 853286480069, 63111
853384560725, 853384574945, 14220
853483034224, 853483047403, 13179
853581862298, 853581894026, 31728
853666465256, 853666489172, 23916
853694442593, 853694466647, 24054
853765354608, 853765377342, 22734
853795842009, 853795864902, 22893
853864227813, 853864253743, 25930
853909173757, 853909196401, 22644
853963197283, 853963230550, 33267
853991059854, 853991081889, 22035
854061776350, 854061785992, 9642
854092547059, 854092569832, 22773
854160544128, 854160571257, 27129
854194090970, 854194111010, 20040
854259351439, 854259364756, 13317
854294245571, 854294271029, 25458
854358075018, 854358083019, 8001
854390778249, 854390800473, 22224
854456836894, 854456844400, 7506
854489578808, 854489599682, 20874
854556198067, 854556234565, 36498
854587618270, 854587641661, 23391
854654803540, 854654833924, 30384
854686658941, 854686693480, 34539
854753313072, 854753337756, 24684
854797036619, 854797068209, 31590
854852308838, 854852336510, 27672
854879856952, 854879880637, 23685
854951283341, 854951305559, 22218
854981394221, 854981416811, 22590
855049893603, 855049918170, 24567
855085366277, 855085389257, 22980
855148668761, 855148676162, 7401
855184563004, 855184586983, 23979
855247693057, 855247699591, 6534
855287182993, 855287208058, 25065
855346407646, 855346415416, 7770
855387377227, 855387414256, 37029
855445037908, 855445045354, 7446
855473800679, 855473824004, 23325
855543832108, 855543840109, 8001
855594819694, 855594844663, 24969
855642644699, 855642652430, 7731
855670573278, 855670594899, 21621
855741768140, 855741777485, 9345
855779512236, 855779535750, 23514
855839786240, 855839832629, 46389
855881318075, 855881346767, 28692
855939011064, 855939018188, 7124
855980177872, 855980202202, 24330
856038118617, 856038185239, 66622
856066777762, 856066801060, 23298
856136421402, 856136427666, 6264
856174079680, 856174103875, 24195
856235484124, 856235490259, 6135
856264209072, 856264230987, 21915
856334220127, 856334237851, 17724
856374993791, 856375014782, 20991
856433069886, 856433080101, 10215
856477589660, 856477614755, 25095
856531330613, 856531340804, 10191
856585260485, 856585284656, 24171
856630557075, 856630574826, 17751
856660747437, 856660768926, 21489
856729108136, 856729112762, 4626
856774034506, 856774062754, 28248
856827716114, 856827725708, 9594
856859514424, 856859537926, 23502
856926923641, 856926930322, 6681
856954152024, 856954170219, 18195
857025673784, 857025680288, 6504
857063004163, 857063033242, 29079
857124527959, 857124540427, 12468
857153879710, 857153904373, 24663
857222955850, 857222960977, 5127
857255689219, 857255710141, 20922
857321820820, 857321824375, 3555
857363054657, 857363139896, 85239
857420596547, 857420605784, 9237
857462861227, 857462886961, 25734
857519542263, 857519551803, 9540
857570977647, 857571006747, 29100
857618321861, 857618337152, 15291
857648678843, 857648699438, 20595
857717002788, 857717033589, 30801
857760916191, 857760938901, 22710
857815761844, 857815784551, 22707
857858453426, 857858490182, 36756
857914891961, 857914901897, 9936
857942925351, 857942946684, 21333
858013540358, 858013554497, 14139
858059739832, 858059764117, 24285
858112511625, 858112530756, 19131
858142818510, 858142850433, 31923
858211587946, 858211608616, 20670
858255799803, 858255840369, 40566
858310009276, 858310018198, 8922
858349453495, 858349476793, 23298
858408804329, 858408811751, 7422
858436728633, 858436750299, 21666
858507601017, 858507609174, 8157
858549944548, 858549967597, 23049
858606396886, 858606405346, 8460
858634525340, 858634546637, 21297
858705185780, 858705193844, 8064
858733187915, 858733211147, 23232
858803920579, 858803928898, 8319
858834720461, 858834744239, 23778
858902485671, 858902494176, 8505
858930110352, 858930131088, 20736
859001609632, 859001625253, 15621
859032511738, 859032534019, 22281
859100342365, 859100350639, 8274
859131332404, 859131354016, 21612
859199082212, 859199089292, 7080
859230699570, 859230723144, 23574
859297985176, 859297990891, 5715
859327849450, 859327871650, 22200
859396735386, 859396744182, 8796
859495676137, 859495722826, 46689
859539100365, 859539129843, 29478
859594304926, 859594325389, 20463
859627767478, 859627800148, 32670
859693109548, 859693140550, 31002
859732680481, 859732704202, 23721
859791935655, 859791966372, 30717
859822892987, 859822913579, 20592
859890689557, 859890721111, 31554
859925427989, 859925457608, 29619
859988825964, 859988829225, 3261
860023509770, 860023530599, 20829
860087976456, 860087995621, 19165
860128971157, 860128993414, 22257
860186793670, 860186817050, 23380
860222163004, 860222197087, 34083
860285890882, 860285899264, 8382
860316310951, 860316334264, 23313
860384178142, 860384183263, 5121
860418635605, 860418661114, 25509
860483451552, 860483482626, 31074
860511756385, 860511833638, 77253
860582266635, 860582280552, 13917
860614344494, 860614364027, 19533
860681003761, 860681033041, 29280
860716443370, 860716469404, 26034
860779823705, 860779853120, 29415
860810854027, 860810875369, 21342
860878601063, 860878629272, 28209
860909694601, 860909715196, 20595
860977408319, 860977432715, 24396
861020803617, 861020831286, 27669
861076223031, 861076231485, 8454
861107774863, 861107797285, 22422
861175046694, 861175314158, 267464
861207972613, 861207994699, 22086
861273866078, 861273877256, 11178
861305018258, 861305038946, 20688
861372667939, 861372679879, 11940
861416971213, 861416992987, 21774
861471403946, 861471410093, 6147
861502725085, 861502746547, 21462
861570194726, 861570201851, 7125
861600554780, 861600574817, 20037
861668932196, 861668941343, 9147
861710679645, 861710701863, 22218
861767417656, 861767426890, 9234
861820511555, 861820544723, 33168
861866398273, 861866407045, 8772
861895201138, 861895221997, 20859
861965502993, 861965515104, 12111
861996448635, 861996469719, 21084
862064101154, 862064109428, 8274
862101627223, 862101650125, 22902
862162906809, 862162913379, 6570
862204488404, 862204526177, 37773
862261755256, 862261761925, 6669
862303643703, 862303665657, 21954
862360479167, 862360486472, 7305
862397669183, 862397706296, 37113
862459270144, 862459278544, 8400
862557871947, 862557896751, 24804
862588169992, 862588194910, 24918
862656853565, 862656879239, 25674
862701389995, 862701412441, 22446
862755929087, 862755957443, 28356
862786443273, 862786466316, 23043
862854448263, 862854473916, 25653
862888676037, 862888709211, 33174
862953232786, 862953256399, 23613
862984529208, 862984550940, 21732
863052030408, 863052037683, 7275
863088459704, 863088483257, 23553
863150172068, 863150175839, 3771
863193595447, 863193631771, 36324
863249613721, 863249641930, 28209
863279201745, 863279223093, 21348
863348239072, 863348245207, 6135
863388991296, 863389023585, 32289
863447343855, 863447350155, 6300
863478732290, 863478777665, 45375
863545946820, 863545955337, 8517
863577917458, 863577942208, 24750
863644546192, 863644554994, 8802
863694546584, 863694572690, 26106
863743593373, 863743604080, 10707
863785132647, 863785153269, 20622
863842539246, 863842566663, 27417
863884617721, 863884641634, 23913
863941197146, 863941224899, 27753
863973183311, 863973205931, 22620
864040024110, 864040054773, 30663
864068388177, 864068407617, 19440
864138714552, 864138743019, 28467
864174354844, 864174382258, 27414
864237829776, 864237839924, 10148
864269911454, 864269930978, 19524
864336333883, 864336341821, 7938
864373359901, 864373391578, 31677
864435253693, 864435261685, 7992
864467289782, 864467311487, 21705
864534083764, 864534090736, 6972
864572068346, 864572091344, 22998
864632956672, 864632973946, 17274
864675228252, 864675253485, 25233
864731485039, 864731491081, 6042
864770907490, 864770929042, 21552
864830292674, 864830298422, 5748
864860708264, 864860729237, 20973
864929057368, 864929064043, 6675
864965552038, 864965595766, 43728
865027869777, 865027877415, 7638
865061444241, 865061468049, 23808
865126647841, 865126656682, 8841
865169046355, 865169075497, 29142
865225755902, 865225763969, 8067
865256419222, 865256450401, 31179
865324228946, 865324236689, 7743
865356629947, 865356650113, 20166
865423059767, 865423067507, 7740
865457298783, 865457324883, 26100
865521820903, 865521829459, 8556
865567459713, 865567481559, 21846
865621095946, 865621101271, 5325
865667920048, 865667941309, 21261
865719153743, 865719159998, 6255
865751389821, 865751411967, 22146
865817822041, 865817832193, 10152
865864987513, 865865011855, 24342
865916759485, 865916762716, 3231
865951576664, 865951600514, 23850
866015774233, 866015781052, 6819
866046462213, 866046481881, 19668
866114520575, 866114527505, 6930
866160907831, 866160932701, 24870
866213390065, 866213397718, 7653
866266759545, 866266786377, 26832
866312181329, 866312188226, 6897
866341479671, 866341498892, 19221
866410914239, 866410919492, 5253
866443153966, 866443200481, 46515
866509741794, 866509748973, 7179
866540551636, 866540572246, 20610
866608734603, 866608740213, 5610
866649505263, 866649530670, 25407
866707492310, 866707498517, 6207
866753322357, 866753367765, 45408
866805922021, 866805925315, 3294
866835022089, 866835042837, 20748
866905129960, 866905136995, 7035
866935156114, 866935177462, 21348
867003929127, 867003937095, 7968
867043865480, 867043895426, 29946
867102102862, 867102115977, 13115
867140010114, 867140032542, 22428
867201291670, 867201317524, 25854
867241238292, 867241260867, 22575
867300069052, 867300094591, 25539
867340071736, 867340095061, 23325
867398872971, 867398894136, 21165
867441379446, 867441412800, 33354
867497385699, 867497401339, 15640
867554659418, 867554685713, 26295
867595934109, 867595940533, 6424
867626940890, 867626962310, 21420
867695220920, 867695226932, 6012
867742180863, 867742205004, 24141
867794055635, 867794063333, 7698
867824508207, 867824534616, 26409
867892826146, 867892834429, 8283
867937581250, 867937604956, 23706
867991509753, 867991517358, 7605
868027512065, 868027535858, 23793
868090224537, 868090230477, 5940
868132400449, 868132423255, 22806
868189214920, 868189226635, 11715
868220924714, 868220949677, 24963
868287981766, 868288003618, 21852
868317164099, 868317202742, 38643
868386812487, 868386835470, 22983
868420553914, 868420584622, 30708
868485589816, 868485611494, 21678
868528399911, 868528422828, 22917
868584385314, 868584395283, 9969
868683181708, 868683215776, 34068
868726073101, 868726106380, 33279
868781957875, 868781987956, 30081
868822599093, 868822622316, 23223
868880745985, 868880775715, 29730
868912447927, 868912469341, 21414
868979640543, 868979686143, 45600
869022078578, 869022110765, 32187
869078488395, 869078531334, 42939
869111040808, 869111062969, 22161
869176601117, 869176603379, 2262
869204752818, 869204773476, 20658
869275925764, 869275955734, 29970
869307243647, 869307268979, 25332
869374703573, 869374732454, 28881
869412417014, 869412443711, 26697
869473498252, 869473530430, 32178
869506772471, 869506793732, 21261
869572125722, 869572157552, 31830
869603663092, 869603688424, 25332
869671105355, 869671125959, 20604
869700601138, 869700687598, 86460
869769868612, 869769897118, 28506
869802072647, 869802105572, 32925
869868497616, 869868504222, 6606
869905461942, 869905489944, 28002
869967341323, 869967347272, 5949
870012070864, 870012096142, 25278
870066194523, 870066199002, 4479
870104516343, 870104537469, 21126
870165147678, 870165180231, 32553
870200814016, 870200836471, 22455
870263741878, 870263771923, 30045
870299294665, 870299317672, 23007
870362864294, 870362890103, 25809
870394490236, 870394512913, 22677
870461396285, 870461423618, 27333
870490390896, 870490413330, 22434
870560287504, 870560329207, 41703
870588721765, 870588743737, 21972
870659167687, 870659208190, 40503
870688670851, 870688693009, 22158
870757784734, 870757812238, 27504
870799462120, 870799486327, 24207
870856570587, 870856598526, 27939
870899828873, 870899853866, 24993
870955400531, 870955408376, 7845
870984482694, 870984505119, 22425
871054164935, 871054191215, 26280
871095278997, 871095315804, 36807
871152965191, 871152996111, 30920
871183159768, 871183179742, 19974
871251637379, 871251658994, 21615
871295162407, 871295189521, 27114
871350975031, 871351012852, 37821
871382387369, 871382414054, 26685
871449382945, 871449421642, 38697
871491252039, 871491275973, 23934
871548061938, 871548084732, 22794
871580724924, 871580748480, 23556
871646905009, 871646930158, 25149
871686613847, 871686638630, 24783
871745704615, 871745730268, 25653
871776489484, 871776512467, 22983
871844508398, 871844518124, 9726
871876019314, 871876043677, 24363
871943309878, 871943319370, 9492
871971083022, 871971102462, 19440
872042079113, 872042161772, 82659
872085102333, 872085126396, 24063
872140869565, 872140891396, 21831
872170159996, 872170178611, 18615
872239486210, 872239511821, 25611
872270908159, 872270931436, 23277
872338445639, 872338471166, 25527
872371667588, 872371689974, 22386
872437235774, 872437261178, 25404
872467955435, 872467978331, 22896
872536043499, 872536052610, 9111
872567120132, 872567146412, 26280
872634827330, 872634852842, 25512
872677006674, 872677040751, 34077
872733640000, 872733649798, 9798
872761705323, 872761727826, 22503
872832457764, 872832483615, 25851
872862715983, 872862739806, 23823
872931217203, 872931242064, 24861
872961660083, 872961713909, 53826
873030093213, 873030134190, 40977
873073048421, 873073070834, 22413
873128506297, 873128531770, 25473
873161295314, 873161316857, 21543
873227306689, 873227331298, 24609
873282631724, 873282673178, 41454
873326007495, 873326010897, 3402
873356421582, 873356443923, 22341
873424972553, 873424980803, 8250
873466796870, 873466820972, 24102
873523673584, 873523680564, 6980
873556451625, 873556473189, 21564
873622696121, 873622704476, 8355
873658830867, 873658853556, 22689
873721547565, 873721556376, 8811
873766739898, 873766762296, 22398
873820448433, 873820459194, 10761
873859504937, 873859528094, 23157
873919143097, 873919150435, 7338
873950444893, 873950468011, 23118
874017919527, 874017926142, 6615
874045841742, 874045873026, 31284
874116706889, 874116714137, 7248
874151567781, 874151592741, 24960
874215327679, 874215334228, 6549
874247845253, 874247871230, 25977
874314266877, 874314274611, 7734
874343005749, 874343024415, 18666
874413084685, 874413090811, 6126
874445975802, 874446000996, 25194
874511492926, 874511500141, 7215
874552957788, 874552982322, 24534
874610735043, 874610744892, 9849
874645216914, 874645244898, 27984
874709453619, 874709462511, 8892
874753005226, 874753031860, 26634
874808264954, 874808270810, 5856
874839233687, 874839254804, 21117
874907058344, 874907066504, 8160
874950631237, 874950663121, 31884
875005839020, 875005845806, 6786
875047204907, 875047225829, 20922
875104607841, 875104616214, 8373
875139026380, 875139049612, 23232
875203438468, 875203447117, 8649
875245245658, 875245279396, 33738
875302211953, 875302220248, 8295
875335295205, 875335318743, 23538
875400976731, 875400984000, 7269
875437550811, 875437582956, 32145
875499779613, 875499788760, 9147
875533857472, 875533882342, 24870
875598577562, 875598586421, 8859
875626934363, 875626955264, 20901
875697372794, 875697396773, 23979
875732539146, 875732579985, 40839
875796197948, 875796207374, 9426
875825894119, 875825914735, 20616
875895013038, 875895023397, 10359
875923359605, 875923377671, 18066
875993759404, 875993775661, 16257
876031500425, 876031532078, 31653
876092543567, 876092552453, 8886
876120910773, 876120930837, 20064
876191272808, 876191284607, 11799
876238092315, 876238116996, 24681
876290121595, 876290131183, 9588
876318671703, 876318694215, 22512
876388936379, 876388942691, 6312
876417215326, 876417235216, 19890
876487720991, 876487729820, 8829
876518594840, 876518638919, 44079
876586482610, 876586501741, 19131
876615892201, 876615917245, 25044
876685290761, 876685314821, 24060
876713784294, 876713803479, 19185
876784085836, 876784111834, 25998
876817152414, 876817175937, 23523
876882876778, 876882901753, 24975
876911499197, 876911523611, 24414
876981397355, 876981420569, 23214
877027319086, 877027351933, 32847
877080156306, 877080172051, 15745
877112028129, 877112056968, 28839
877179015400, 877179028650, 13250
877210188687, 877210211937, 23250
877277725289, 877277744735, 19446
877318441305, 877318468662, 27357
877376861705, 877376882474, 20769
877406686260, 877406710506, 24246
877475617761, 877475642895, 25134
877505281345, 877505304127, 22782
877574719954, 877574756497, 36543
877610422151, 877610447000, 24849
877673260660, 877673299177, 38517
877701378560, 877701399434, 20874
877771914041, 877771947539, 33498
877870714038, 877870747152, 33114
877901002481, 877901028035, 25554
877969609809, 877969641258, 31449
877998316534, 877998339079, 22545
878068233007, 878068246987, 13980
878106022246, 878106047422, 25176
878167154676, 878167179864, 25188
878195852422, 878195874826, 22404
878266003704, 878266037094, 33390
878296888957, 878296913344, 24387
878364761560, 878364793213, 31653
878395311187, 878395332898, 21711
878463368565, 878463474333, 105768
878497094069, 878497117688, 23619
878562352842, 878562390952, 38110
878596059833, 878596085987, 26154
878661123057, 878661154215, 31158
878689100222, 878689125221, 24999
878760201073, 878760246085, 45012
878795019588, 878795042043, 22455
878858727453, 878858758257, 30804
878893224735, 878893248348, 23613
878957520890, 878957541713, 20823
878985349085, 878985371630, 22545
879056290730, 879056315063, 24333
879087830407, 879087852331, 21924
879155100892, 879155126203, 25311
879187954972, 879187979167, 24195
879253877491, 879253901863, 24372
879285868354, 879285897028, 28674
879352679244, 879352705779, 26535
879400253316, 879400301088, 47772
879451604636, 879451645094, 40458
879494237567, 879494262746, 25179
879549899829, 879549921147, 21318
879592603268, 879592626461, 23193
879649112233, 879649137616, 25383
879680413133, 879680445401, 32268
879747515354, 879747544319, 28965
879790154632, 879790177621, 22989
879846639487, 879846665665, 26178
879881153836, 879881189851, 36015
879944843386, 879944868490, 25104
879978233043, 879978255480, 22437
880044291341, 880044314546, 23205
880088490893, 880088511053, 20160
880143015026, 880143039089, 24063
880171698180, 880171737126, 38946
880241795433, 880241820222, 24789
880270547567, 880270576916, 29349
880340302528, 880340328250, 25722
880384307445, 880384346055, 38610
880439144697, 880439154399, 9702
880476644824, 880476668353, 23529
880538182204, 880538207368, 25164
880570943001, 880570964949, 21948
880637242601, 880637269982, 27381
880673068093, 880673090449, 22356
880735860760, 880735888798, 28038
880773228686, 880773253634, 24948
880834579263, 880834602411, 23148
880884674300, 880884701399, 27099
880933203482, 880933225817, 22335
880965945018, 880965967488, 22470
881032033163, 881032055108, 21945
881069296968, 881069320800, 23832
881130794807, 881130825572, 30765
881170068891, 881170108581, 39690
881229757848, 881229781785, 23937
881264301693, 881264332593, 30900
881328382951, 881328407584, 24633
881361500723, 881361522980, 22257
881427373643, 881427525586, 151943
881461197754, 881461234138, 36384
881526098363, 881526106049, 7686
881575703094, 881575729995, 26901
881624883299, 881624890682, 7383
881665715348, 881665738256, 22908
881723772217, 881723782786, 10569
881761968796, 881761990948, 22152
881822496662, 881822505641, 8979
881855390631, 881855411715, 21084
881921166278, 881921190362, 24084
881956392741, 881956416381, 23640
882020065059, 882020080104, 15045
882063860531, 882063889742, 29211
882118918168, 882118955023, 36855
882149923474, 882149946526, 23052
882217685329, 882217707505, 22176
882250040235, 882250069209, 28974
882316416249, 882316423911, 7662
882344646771, 882344683914, 37143
882415206917, 882415214549, 7632
882445757265, 882445778238, 20973
882514011444, 882514020657, 9213
882552327257, 882552346808, 19551
882612803686, 882612812370, 8684
882642637776, 882642678624, 40848
882711388322, 882711397691, 9369
882755998127, 882756017603, 19476
882810374663, 882810382544, 7881
882846775344, 882846799473, 24129
882909025441, 882909033475, 8034
882952629425, 882952653332, 23907
883007961376, 883007971270, 9894
883037939350, 883037961409, 22059
883106753021, 883106761178, 8157
883142196679, 883142222071, 25392
883205554600, 883205562751, 8151
883238264945, 883238295593, 30648
883304360198, 883304367818, 7620
883341941594, 883341966905, 25311
883403128985, 883403135699, 6714
883431317068, 883431341074, 24006
883501970738, 883501978151, 7413
883532249471, 883532270198, 20727
883600728431, 883600734566, 6135
883654244603, 883654266899, 22296
883699506626, 883699515563, 8937
883730310208, 883730333488, 23280
883798262373, 883798271829, 9456
883826904134, 883826922482, 18348
883897075797, 883897083630, 7833
883935195734, 883935221897, 26163
883996240359, 883996250739, 10380
884029931611, 884029960453, 28842
884094661988, 884094670394, 8406
884127503673, 884127537969, 34296
884193450718, 884193458056, 7338
884221672523, 884221691774, 19251
884292260984, 884292269279, 8295
884326181186, 884326202411, 21225
884391048222, 884391056772, 8550
884431196433, 884431231959, 35526
884489838162, 884489845335, 7173
884518288573, 884518311721, 23148
884588687739, 884588697846, 10107
884620699651, 884620734784, 35133
884687465548, 884687472790, 7242
884717155272, 884717175252, 19980
884786041467, 884786047194, 5727
884816663671, 884816685298, 21627
884884858976, 884884866380, 7404
884915450889, 884915472042, 21153
884983710874, 884983717579, 6705
885012927257, 885012959444, 32187
885082595621, 885082603433, 7812
885112885061, 885112944296, 59235
885181395817, 885181403029, 7212
885219736039, 885219759121, 23082
885279972384, 885279982464, 10080
885312158791, 885312182635, 23844
885378988718, 885378996605, 7887
885409359226, 885409379860, 20634
885477796714, 885477803626, 6912
885508575493, 885508595833, 20340
885576632806, 885576638902, 6096
885610073720, 885610103276, 29556
885675375217, 885675381778, 6561
885713516620, 885713546116, 29496
885774148381, 885774155926, 7545
885804537528, 885804558495, 20967
885873002666, 885873016076, 13410
885902595062, 885902614529, 19467
885971816243, 885971827160, 10917
886014090981, 886014116220, 25239
886070638999, 886070649022, 10023
886114351663, 886114376884, 25221
886169351612, 886169362148, 10536
886198081091, 886198103129, 22038
886268146549, 886268172853, 26304
886296186652, 886296208363, 21711
886366741068, 886366759206, 18138
886398911962, 886398944794, 32832
886465417736, 886465439069, 21333
886499947072, 886499969569, 22497
886564531891, 886564548799, 16908
886601173991, 886601197031, 23040
886663278678, 886663296654, 17976
886697831499, 886697858628, 27129
886762052250, 886762071123, 18873
886790289807, 886790311371, 21564
886860847584, 886860855804, 8220
886902606737, 886902629729, 22992
886959648014, 886959655334, 7320
886998707442, 886998731466, 24024
887058424459, 887058432379, 7920
887096302604, 887096325851, 23247
887157282153, 887157287835, 5682
887186600608, 887186624164, 23556
887256031389, 887256038079, 6690
887284137463, 887284158775, 21312
887354824677, 887354832147, 7470
887385040940, 887385062321, 21381
887453376568, 887453384953, 8385
887491326977, 887491349717, 22740
887552390641, 887552399872, 9231
887580121802, 887580148013, 26211
887651118360, 887651127459, 9099
887679799936, 887679822388, 22452
887749973129, 887749979252, 6123
887777878152, 887777897676, 19524
887848768496, 887848776503, 8007
887886620364, 887886647580, 27216
887947572932, 887947582430, 9498
887993384991, 887993411895, 26904
888046370346, 888046378914, 8568
888074371284, 888074394891, 23607
888145146493, 888145153600, 7107
888177079414, 888177101551, 22137
888243930814, 888243937948, 7134
888271673428, 888271693081, 19653
888342519361, 888342528361, 9000
888373060806, 888373091853, 31047
888441529072, 888441537361, 8289
888469221943, 888469241938, 19995
888540265542, 888540273990, 8448
888568184483, 888568203656, 19173
888638825547, 888638834817, 9270
888671131530, 888671168364, 36834
888737798371, 888737805118, 6747
888765628754, 888765651932, 23178
888836749056, 888836757024, 7968
888866345080, 888866376826, 31746
888935473432, 888935482072, 8640
888977075117, 888977103422, 28305
889034318575, 889034327059, 8484
889065486615, 889065513783, 27168
889133074318, 889133082271, 7953
889163091895, 889163122036, 30141
889231802496, 889231810173, 7677
889260178645, 889260200896, 22251
889330641934, 889330649590, 7656
889361169885, 889361200878, 30993
889429469368, 889429475305, 5937
889458035277, 889458068016, 32739
889528159876, 889528166884, 7008
889556287705, 889556310244, 22539
889627043891, 889627052168, 8277
889661483992, 889661518141, 34149
889725810608, 889725817796, 7188
889754385981, 889754405475, 19494
889824646626, 889824653325, 6699
889854748943, 889854771986, 23043
889923247065, 889923253053, 5988
889966145562, 889966172712, 27150
890022196837, 890022202828, 5991
890059191425, 890059214882, 23457
890120584932, 890120593965, 9033
890154820848, 890154847662, 26814
890219788459, 890219811349, 22890
890253605487, 890253629508, 24021
890318535647, 890318558171, 22524
890356216756, 890356243906, 27150
890417450969, 890417479865, 28896
890451611262, 890451653850, 42588
890516154174, 890516176428, 22254
890550527942, 890550550796, 22854
890615145294, 890615166369, 21075
890643280477, 890643303964, 23487
890713879077, 890713902858, 23781
890748160533, 890748197214, 36681
890812832602, 890812853980, 21378
890840924854, 890840952151, 27297
890911356848, 890911366295, 9447
890942437953, 890942461914, 23961
891010132410, 891010155195, 22785
891038313191, 891038335661, 22470
891108931810, 891108952453, 20643
891136582551, 891136616652, 34101
891207423974, 891207453257, 29283
891235690043, 891235721525, 31482
891306328683, 891306336807, 8124
891331299825, 891331306794, 6969
891405265583, 891405273515, 7932
891435846294, 891435889827, 43533
891504007420, 891504014971, 7551
891530139979, 891530183269, 43290
891603067483, 891603076378, 8895
891630398327, 891630421586, 23259
891701649439, 891701657353, 7914
891732171711, 891732195687, 23976
891800706480, 891800716230, 9750
891834906797, 891834930356, 23559
891899491558, 891899499085, 7527
891926649907, 891926670310, 20403
891998035351, 891998042830, 7479
892028634525, 892028664747, 30222
892096823148, 892096831632, 8484
892125655902, 892125676101, 20199
892195860266, 892195868120, 7854
892232522844, 892232544492, 21648
892294410443, 892294418726, 8283
892321800623, 892321821395, 20772
892393342546, 892393348492, 5946
892435998973, 892436033815, 34842
892492203701, 892492213064, 9363
892521537042, 892521557484, 20442
892590838025, 892590845693, 7668
892635811228, 892635835843, 24615
892689298286, 892689304270, 5984
892728158962, 892728182032, 23070
892788620324, 892788634421, 14097
892818204860, 892818410543, 205683
892887336617, 892887342290, 5673
892933530918, 892933553838, 22920
892985938313, 892985945651, 7338
893014685468, 893014708049, 22581
893084723683, 893084730610, 6927
893122742978, 893122765979, 23001
893183530176, 893183537916, 7740
893228930086, 893228954743, 24657
893282313892, 893282323426, 9534
893310779294, 893310820736, 41442
893381077401, 893381086233, 8832
893419230386, 893419255652, 25266
893479904483, 893479913753, 9270
893515350223, 893515369477, 19254
893578687489, 893578695424, 7935
893613970289, 893613990044, 19755
893677501128, 893677508580, 7452
893707773862, 893707795669, 21807
893776275632, 893776283888, 8256
893818822265, 893818846214, 23949
893875070646, 893875079175, 8529
893903241661, 893903263075, 21414
893973881495, 893973897218, 15723
894003388231, 894003408271, 20040
894072668495, 894072677675, 9180
894100942319, 894100964681, 22362
894171436837, 894171445912, 9075
894203238204, 894203270721, 32517
894270507184, 894270524824, 17640
894300158596, 894300180859, 22263
894369031339, 894369038830, 7491
894411043133, 894411068171, 25038
894467814032, 894467823212, 9180
894496245389, 894496267421, 22032
894566604163, 894566612626, 8463
894606771458, 894606804452, 32994
894665156365, 894665165698, 9333
894699898448, 894699926945, 28497
894764209100, 894764216210, 7110
894792956475, 894792976989, 20514
894862963454, 894862969319, 5865
894900973841, 894901000436, 26595
894961789480, 894961797172, 7692
894998377214, 894998407550, 30336
895060578294, 895060586229, 7935
895091954603, 895091977076, 22473
895159373089, 895159381195, 8106
895191451809, 895191475890, 24081
895258171364, 895258192499, 21135
895295480668, 895295510329, 29661
895356988512, 895357022913, 34401
895393832843, 895393857644, 24801
895455399121, 895455406378, 7257
895501782331, 895501809976, 27645
895554530516, 895554548027, 17511
895590685119, 895590708687, 23568
895653326120, 895653344075, 17955
895683835863, 895683861219, 25356
895752149474, 895752167354, 17880
895783391700, 895783421394, 29694
895850983024, 895850991178, 8154
895880706181, 895880729179, 22998
895949717998, 895949726563, 8565
895980552291, 895980574581, 22290
896048487004, 896048495950, 8946
896080162004, 896080193324, 31320
896147297035, 896147303500, 6465
896246080320, 896246150637, 70317
896278835699, 896278860725, 25026
896344871034, 896344900275, 29241
896386589971, 896386611913, 21942
896443511586, 896443538772, 27186
896473350418, 896473371547, 21129
896542210321, 896542243681, 33360
896592059181, 896592092211, 33030
896640603429, 896640606621, 3192
896671851781, 896671872988, 21207
896739823418, 896739849935, 26517
896791038783, 896791079844, 41061
896838598858, 896838605851, 6993
896879206261, 896879231881, 25620
896937902610, 896937931221, 28611
896989015728, 896989044432, 28704
897036362365, 897036388975, 26610
897079096107, 897079121793, 25686
897134983643, 897135030367, 46724
897170724664, 897170748313, 23649
897234025852, 897234035704, 9852
897264180848, 897264199898, 19050
897332866811, 897333130334, 263523
897378277916, 897378305333, 27417
897431401408, 897431410198, 8790
897471968353, 897471993118, 24765
897530368046, 897530375471, 7425
897576384234, 897576407169, 22935
897629163020, 897629172572, 9552
897662312041, 897662335798, 23757
897727463918, 897727471718, 7800
897764883438, 897764909118, 25680
897826751095, 897826760053, 8958
897861580560, 897861605931, 25371
897925539656, 897925547417, 7761
897956932288, 897956953033, 20745
898024249987, 898024256521, 6534
898059169966, 898059193810, 23844
898123108896, 898123116897, 8001
898159948454, 898159971767, 23313
898221913438, 898221919279, 5841
898254777829, 898254799807, 21978
898320709108, 898320737230, 28122
898367584496, 898367606891, 22395
898419500502, 898419530703, 30201
898441780847, 898441827161, 46314
898539821576, 898539834017, 12441
898638712322, 898638815273, 102951
872056130619, 872056161249, 30630
872154778804, 872154791143, 12339
872253630922, 872253643552, 12630
872352425651, 872352436004, 10353
872451214397, 872451226040, 11643
872550010496, 872550038180, 27684
872648698564, 872648708314, 9750
872747590017, 872747604360, 14343
872846382102, 872846394720, 12618
872945134424, 872945146919, 12495
873043931858, 873043942433, 10575
873142731904, 873142744882, 12978
873241321853, 873241332128, 10275
873340292694, 873340319382, 26688
873439327052, 873439353812, 26760
873537979335, 873538009368, 30033
873636761511, 873636775674, 14163
873735488940, 873735500223, 11283
873834319865, 873834345800, 25935
873933029806, 873933046996, 17190
874031879104, 874031891248, 12144
874130657548, 874130676277, 18729
874230090392, 874230111122, 20730
874328275662, 874328288595, 12933
874427423841, 874427563647, 139806
874525807152, 874525824387, 17235
874624748280, 874624762044, 13764
874723456244, 874723467569, 11325
874822214613, 874822227333, 12720
874920994924, 874921013236, 18312
875019720506, 875019749450, 28944
875118586648, 875118600775, 14127
875217203770, 875217220468, 16698
875316168980, 875316182846, 13866
875414930320, 875414945698, 15378
875513793475, 875513808436, 14961
875612548070, 875612562593, 14523
875711381383, 875711397376, 15993
875810120066, 875810133497, 13431
875909178152, 875909196920, 18768
876007874112, 876007902360, 28248
876106511121, 876106527162, 16041
876205301217, 876205332387, 31170
876304062831, 876304073178, 10347
876402894649, 876402912664, 18015
876501643622, 876501654992, 11370
876600441703, 876600454642, 12939
876699268743, 876699287430, 18687
876798251700, 876798305175, 53475
876896817728, 876896836217, 18489
876995600597, 876995611535, 10938
877094546070, 877094559951, 13881
877193119080, 877193133750, 14670
877291833435, 877291849551, 16116
877390740981, 877390745430, 4449
877489591033, 877489601500, 10467
877588361492, 877588372172, 10680
877687164650, 877687183418, 18768
877785977791, 877785989806, 12015
877818082336, 877818116488, 34152
877884748238, 877884763277, 15039
877983528973, 877983542500, 13527
878082550349, 878082575678, 25329
878181127699, 878181148750, 21051
878280152044, 878280225508, 73464
878378739526, 878378751166, 11640
878477395805, 878477410724, 14919
878576292760, 878576306332, 13572
878675107293, 878675120094, 12801
878773866339, 878773878711, 12372
878872693038, 878872710108, 17070
878971484333, 878971500938, 16605
879070273430, 879070298156, 24726
879169041163, 879169063726, 22563
879267830818, 879267862045, 31227
879366455429, 879366471569, 16140
879465442508, 879465454448, 11940
879564216746, 879564228398, 11652
879663037376, 879663056510, 19134
879761820469, 879761832529, 12060
879860562820, 879860574199, 11379
879959401899, 879959413758, 11859
880058196579, 880058226459, 29880
880156928048, 880156937924, 9876
880255773117, 880255784250, 11133
880354512579, 880354523673, 11094
880453429975, 880453450114, 20139
880552116168, 880552126686, 10518
880650919506, 880650929643, 10137
880749731063, 880749745985, 14922
880848480266, 880848506447, 26181
880947297654, 880947307818, 10164
881046141832, 881046155700, 13868
881144860503, 881144870583, 10080
881243702929, 881243731621, 28692
881342447126, 881342464031, 16905
881441099446, 881441109412, 9966
881539878780, 881539895364, 16584
881638841669, 881638856825, 15156
881737615594, 881737621027, 5433
881836438113, 881836455234, 17121
881935515351, 881935593171, 77820
882034052347, 882034072497, 20150
882132840487, 882132857482, 16995
882231577269, 882231596196, 18927
882330430701, 882330446658, 15957
882429330983, 882429360818, 29835
882527968448, 882527999102, 30654
882626742522, 882626761581, 19059
882725615268, 882725626878, 11610
882824329113, 882824340387, 11274
882923011016, 882923039426, 28410
883021943531, 883021955135, 11604
883120735759, 883120749784, 14025
883219482643, 883219503766, 21123
883318223303, 883318234415, 11112
883417109237, 883417121741, 12504
883515924734, 883515942365, 17631
883614540404, 883614564083, 23679
883713436576, 883713449308, 12732
883812234137, 883812245984, 11847
883911063823, 883911078541, 14718
884009843257, 884009856610, 13353
884108591991, 884108603283, 11292
884207439110, 884207454218, 15108
884306333801, 884306363303, 29502
884405004423, 884405017008, 12585
884503811374, 884503824952, 13578
884602513534, 884602524532, 10998
884701352196, 884701365042, 12846
884800189828, 884800222126, 32298
884898988113, 884899016124, 28011
884997746882, 884997762932, 16050
885096547790, 885096558299, 10509
885195342532, 885195355387, 12855
885294204931, 885294220558, 15627
885392841754, 885392853925, 12171
885491734948, 885491748289, 13341
885590513087, 885590530586, 17499
885689105371, 885689117620, 12249
885788099217, 885788113611, 14394
885886863335, 885886883855, 20520
885985694130, 885985706535, 12405
886084981897, 886084996105, 14208
886183288463, 886183299107, 10644
886282068535, 886282081282, 12747
886380826858, 886380850609, 23751
886479747864, 886479778218, 30354
886578418794, 886578441576, 22782
886677240256, 886677253003, 12747
886776005139, 886776024846, 19707
886874824475, 886874853053, 28578
886973616542, 886973628614, 12072
887072348447, 887072362175, 13728
887171199008, 887171220098, 21090
887269987798, 887270003824, 16026
887368913033, 887368934936, 21903
887467691636, 887467727567, 35931
887566363355, 887566380737, 17382
887665121608, 887665134727, 13119
887763976665, 887764003149, 26484
887862711303, 887862726429, 15126
887961331089, 887961342018, 10929
888060239577, 888060252054, 12477
888159281863, 888159322480, 40617
888257932528, 888257944879, 12351
888356678946, 888356693406, 14460
888455494879, 888455517643, 22764
888554112446, 888554122202, 9756
888653062725, 888653080371, 17646
888751866692, 888751880093, 13401
888850670581, 888850682527, 11946
888949420574, 888949438616, 18042
889048245543, 889048261248, 15705
889147084555, 889147096072, 11517
889245826537, 889245845428, 18891
889344396627, 889344405510, 8883
889443406935, 889443419715, 12780
889542200029, 889542215656, 15627
889640961219, 889640978307, 17088
889739788074, 889739802762, 14688
889838370101, 889838382230, 12129
889937401002, 889937433099, 32097
890036140939, 890036159908, 18969
890134993269, 890135083584, 90315
890233726597, 890233738873, 12276
890332361004, 890332378173, 17169
890439683237, 890439690356, 7119
890530114620, 890530126200, 11580
890628881395, 890628903814, 22419
890727713748, 890727744402, 30654
890826443802, 890826455331, 11529
890925255591, 890925276204, 20613
891024052325, 891024078371, 26046
891122782719, 891122793396, 10677
891221634992, 891221657519, 22527
891331130196, 891331136232, 6036
891419261988, 891419282559, 20571
891524765527, 891524773051, 7524
891616720745, 891616742774, 22029
891716258192, 891716271329, 13137
891814392452, 891814409784, 17332
891913213213, 891913236883, 23670
892018959978, 892018978968, 18990
892110761421, 892110778833, 17412
892209749247, 892209778995, 29748
892308348101, 892308373625, 25524
892407108040, 892407119383, 11343
892505971152, 892505983443, 12291
892604882596, 892604914804, 32208
892703294353, 892703300044, 5691
892802274434, 892802286206, 11772
892901133042, 892901144940, 11898
893000009429, 893000036681, 27252
893098724966, 893098751336, 26370
893197451605, 893197465243, 13638
893296292795, 893296304630, 11835
893395019012, 893395032575, 13563
893493839933, 893493856004, 16071
893592659119, 893592675097, 15978
893691405052, 893691418558, 13506
893790404891, 893790430328, 25437
893889163783, 893889251509, 87726
893987818705, 893987830558, 11853
894086584265, 894086603711, 19446
894185351702, 894185363666, 11964
894284203860, 894284222706, 18846
894383033587, 894383067664, 34077
894481789046, 894481812563, 23517
894580588850, 894580605131, 16281
894679350857, 894679364858, 14001
894778183821, 894778199409, 15588
894876768629, 894876782585, 13956
894975749186, 894975761351, 12165
895074528986, 895074542582, 13596
895173309138, 895173320721, 11583
895272015667, 895272026581, 10914
895370888381, 895370900840, 12459
895469732116, 895469745373, 13257
895568465886, 895568495877, 29991
895667290086, 895667303436, 13350
895766042964, 895766054238, 11274
895864802737, 895864814677, 11940
895963658709, 895963671189, 12480
896062425467, 896062437629, 12162
896161259346, 896161291887, 32541
896196830718, 896196866781, 36063
896260135505, 896260167959, 32454
896358679324, 896358705691, 26367
896457608749, 896457623362, 14613
896556324537, 896556337284, 12747
896655205120, 896655216619, 11499
896753913147, 896753925255, 12108
896852573191, 896852582140, 8949
896951361747, 896951371785, 10038
897050149743, 897050158278, 8535
897149144998, 897149157235, 12237
897247940504, 897247952324, 11820
897346685636, 897346696274, 10638
897445545535, 897445558252, 12717
897544274787, 897544286763, 11976
897643138630, 897643151833, 13203
897742000269, 897742013724, 13455
897840651540, 897840672072, 20532
897939513986, 897939527132, 13146
898038254338, 898038266515, 12177
898137089275, 898137101263, 11988
898235863113, 898235875308, 12195
898334635093, 898334648419, 13326
898433426081, 898433437334, 11253
898532340452, 898532355677, 15225
898630812190, 898630820026, 7836
898729597162, 898729602355, 5193
898829032646, 898829069912, 37266
898927819011, 898927856106, 37095
899026393384, 899026428835, 35451
899125229689, 899125265668, 35979
899224278636, 899224311696, 33060
