538964357271, 538964357463, 192
539063411990, 539063418686, 6696
539162529098, 539162534555, 5457
539245066239, 539245069548, 3309
539351712950, 539351716865, 3915
539370817480, 539370820105, 2625
539450652527, 539450655950, 3423
539489404366, 539489406724, 2358
539489464102, 539489465107, 1005
539520853156, 539520858232, 5076
539520878626, 539520879556, 930
539783406873, 539783410095, 3222
539841760070, 539841766943, 6873
539841799358, 539841800687, 1329
539925656720, 539925656975, 255
540110845366, 540110849920, 4554
540110871892, 540110873077, 1185
541191648732, 541191649002, 270
541191773049, 541191779826, 6777
541318926562, 541318926868, 306
541490440310, 541490443340, 3030
541493588930, 541493591672, 2742
541493608712, 541493609714, 1002
541626210121, 541626210379, 258
541657765078, 541657767439, 2361
541781727392, 541781727677, 285
541801350017, 541801354277, 4260
541801371767, 541801372721, 954
541877783625, 541877789589, 5964
541877813679, 541877814825, 1146
542019160442, 542019160746, 304
542026758005, 542026761194, 3189
542026776872, 542026777865, 993
542116861250, 542116863329, 2079
542116999979, 542117001152, 1173
542152491847, 542152498084, 6237
542187133545, 542187143364, 9819
542251310587, 542251317970, 7383
542058112737, 542058119985, 7248
542115827177, 542115834062, 6885
542126978455, 542126986375, 7920
542127010762, 542127011722, 960
542262508780, 542262509065, 285
542271901106, 542271907892, 6786
542273505095, 542273509895, 4800
542363182049, 542363184173, 2124
542363203940, 542363204933, 993
542562264467, 542562264914, 447
542562422840, 542562424760, 1920
542562535910, 542562537743, 1833
542661616800, 542661621600, 4800
542760597722, 542760604262, 6540
542859712593, 542859719532, 6939
542958355663, 542958359476, 3813
543057273544, 543057277189, 3645
543156191424, 543156196869, 5445
543255113862, 543255119163, 5301
543354037682, 543354042455, 4773
543452945377, 543452950000, 4623
543551992448, 543551999747, 7299
543595383008, 543595391342, 8334
543650782332, 543650786883, 4551
543749705636, 543749710352, 4716
543848753537, 543848761466, 7929
543947521819, 543947526439, 4620
544046478245, 544046482781, 4536
544145609197, 544145614363, 5166
544244309269, 544244313931, 4662
544343271966, 544343276565, 4599
544442160836, 544442165543, 4707
544540985512, 544540990909, 5397
544639792984, 544639800919, 7935
544738741499, 544738752431, 10932
544837852591, 544837858129, 5538
544936684394, 544936689071, 4677
545035735902, 545035740666, 4764
545134630312, 545134635598, 5286
545233543533, 545233550853, 7320
545332455051, 545332459845, 4794
545431365585, 545431371360, 5775
545530274923, 545530281544, 6621
545629220773, 545629225402, 4629
545728170841, 545728176994, 6153
545827050254, 545827055009, 4755
545926040445, 545926045083, 4638
546024679892, 546024687725, 7833
546123812827, 546123817579, 4752
546222760299, 546222765138, 4839
546321723425, 546321728504, 5079
546420515730, 546420520686, 4956
546519519152, 546519523640, 4488
546505853202, 546505862649, 9447
546544964645, 546544973744, 9099
546604278149, 546604288016, 9867
546649249363, 546649257280, 7917
546703345687, 546703357348, 11661
546735614675, 546735622346, 7671
546802292194, 546802302232, 10038
546844877032, 546844887439, 10407
546900874036, 546900880594, 6558
547000151932, 547000166137, 14205
547037254126, 547037263549, 9423
547099071175, 547099081990, 10815
547138151545, 547138161352, 9807
547197984776, 547197994571, 9795
547238202417, 547238212020, 9603
547395217629, 547395225960, 8331
547431184341, 547431193050, 8709
547494703397, 547494713198, 9801
547527353145, 547527361149, 8004
547593676832, 547593686723, 9891
547630921662, 547630930539, 8877
547692590711, 547692599576, 8865
547726336032, 547726343658, 7626
547791670341, 547791679638, 9297
547830497973, 547830506217, 8244
547890434985, 547890443832, 8847
547935392251, 547935400999, 8748
547989450036, 547989459858, 9822
548021526254, 548021534201, 7947
548088259060, 548088267934, 8874
548124282432, 548124290385, 7953
548187440911, 548187453436, 12525
548229935644, 548229948289, 12645
548286124707, 548286135279, 10572
548317137993, 548317148376, 10383
548384963232, 548384972940, 9708
548419206370, 548419216603, 10233
548483927975, 548483937740, 9765
548515663792, 548515672252, 8460
548582833714, 548582843650, 9936
548614106864, 548614115471, 8607
548681792433, 548681803428, 10995
548732533107, 548732541834, 8727
548794755527, 548794760507, 4980
548893711996, 548893717834, 5838
548992304110, 548992313122, 9012
549091542736, 549091549195, 6459
549190300557, 549190305345, 4788
549289061794, 549289069339, 7545
549388299297, 549388305453, 6156
549486900985, 549486908464, 7479
549586168444, 549586173100, 4656
549572395032, 549572405430, 10398
549611267941, 549611278714, 10773
549670987998, 549670997406, 9408
549722272458, 549722283252, 10794
549769909585, 549769920250, 10665
549809764638, 549809774025, 9387
549868855041, 549868864962, 9921
549919611589, 549919628407, 16818
549967764073, 549967775433, 11360
550066669533, 550066679274, 9741
550109711992, 550109720440, 8448
550165630475, 550165641764, 11289
550210550726, 550210558655, 7929
550264625246, 550264640864, 15618
550309458633, 550309467192, 8559
550378348973, 550378356053, 7080
550476464733, 550476470829, 6096
550575433436, 550575440537, 7101
550674386919, 550674395559, 8640
550773096572, 550773101453, 4881
550872033297, 550872037755, 4458
550970779545, 550970784753, 5208
551072996570, 551073003209, 6639
551168733810, 551168741022, 7212
551267485400, 551267493263, 7863
551352037548, 551352043659, 6111
551398749792, 551398758003, 8211
551451370181, 551451376883, 6702
551481643796, 551481652910, 9114
551550703792, 551550713269, 9477
551582190708, 551582199069, 8361
551649809065, 551649819784, 10719
551695604389, 551695621084, 16695
551748570217, 551748578917, 8700
551783322806, 551783332811, 10005
551847255189, 551847265854, 10665
551883314017, 551883323110, 9093
551946010071, 551946021327, 11256
551980050666, 551980061319, 10653
552045053462, 552045061973, 8511
552079711527, 552079719486, 7959
552143965725, 552143974572, 8847
552172135811, 552172143860, 8049
552242880256, 552242890675, 10419
552274504601, 552274512269, 7668
552341881083, 552341890737, 9654
552373632503, 552373640783, 8280
552440834828, 552441098812, 263984
552473805643, 552473813194, 7551
552539667013, 552539677447, 10434
552571367699, 552571378055, 10356
552638632043, 552638643047, 11004
552693068570, 552693077774, 9204
552737526077, 552737538992, 12915
552787391484, 552787402086, 10602
552836433589, 552836443594, 10005
552884491980, 552884499807, 7827
552966691996, 552966701158, 9162
553048199440, 553048204453, 5013
553078454227, 553078460548, 6321
553147212581, 553147218923, 6342
553231756698, 553231764363, 7665
553239851949, 553239855387, 3438
553239871389, 553239872805, 1416
553271869722, 553271877684, 7962
553330861913, 553330869683, 7770
553360766894, 553360775753, 8859
553430079840, 553430086872, 7032
553462732195, 553462741669, 9474
553528571015, 553528578857, 7842
553564064336, 553564071449, 7113
553628058271, 553628075434, 17163
553663640592, 553663648008, 7416
553726743911, 553726752707, 8796
553758765161, 553758773663, 8502
553825657032, 553825667349, 10317
553859795370, 553859803983, 8613
553924541756, 553924552265, 10509
553980227324, 553980239243, 11919
554023512254, 554023523702, 11448
554056196354, 554056203611, 7257
554122435563, 554122445340, 9777
554158057470, 554158067391, 9921
554221378220, 554221388600, 10380
554258668823, 554258677856, 9033
554320296908, 554320306208, 9300
554351878246, 554351885944, 7698
554419221558, 554419231995, 10437
554453612687, 554453622509, 9822
554517887615, 554517897884, 10269
554546446871, 554546454533, 7662
554617014052, 554617024672, 10620
554651971144, 554651980336, 9192
554715966036, 554715976848, 10812
554747077625, 554747085896, 8271
554814930870, 554814945147, 14277
554844713326, 554844722116, 8790
554913786246, 554913796302, 10056
554946799950, 554946810135, 10185
555012718159, 555012727792, 9633
555050806480, 555050814688, 8208
555111660321, 555111670188, 9867
555141238157, 555141246506, 8349
555210643850, 555210658346, 14496
555255541237, 555255549664, 8427
555309467017, 555309477931, 10914
555346451543, 555346459631, 8088
555408377894, 555408388796, 10902
555442459242, 555442466985, 7743
555507286066, 555507297277, 11211
555537497330, 555537504743, 7413
555606211948, 555606223102, 11154
555661862026, 555661870849, 8823
555705143195, 555705153125, 9930
555733313968, 555733321762, 7794
555804057498, 555804067101, 9603
555835141339, 555835149199, 7860
555902985745, 555902995918, 10173
555936956401, 555936964048, 7647
556001893352, 556002162234, 268882
556031593147, 556031602246, 9099
556100808696, 556100818488, 9792
556199772863, 556199782682, 9819
556229708960, 556229718488, 9528
556298630146, 556298639416, 9270
556328427605, 556328436059, 8454
556397605665, 556397615451, 9786
556430008398, 556430016381, 7983
556496414954, 556496425598, 10644
556525696297, 556525704934, 8637
556595399074, 556595410726, 11652
556629486821, 556629495782, 8961
556694340768, 556694351778, 11010
556729535248, 556729543618, 8370
556793203966, 556793216437, 12471
556825603789, 556825612327, 8538
556892189137, 556892198869, 9732
556920476044, 556920484441, 8397
556991077705, 556991088289, 10584
557023885598, 557023906649, 21051
557090067111, 557090080935, 13824
557136751899, 557136761823, 9924
557189193557, 557189205185, 11628
557242741433, 557242751519, 10086
557287889086, 557287898794, 9708
557323710390, 557323722501, 12111
557386772773, 557386785478, 12705
557428990359, 557429000121, 9762
557485573918, 557485584448, 10530
557520217638, 557520226755, 9117
557584576878, 557584585923, 9045
557619321205, 557619330643, 9438
557683836917, 557683846352, 9435
557722296903, 557722306974, 10071
557782730141, 557782739438, 9297
557817130993, 557817139084, 8091
557881208605, 557881218049, 9444
557925214070, 557925221603, 7533
557980506743, 557980516559, 9816
558015872922, 558015883275, 10353
558079515375, 558079523423, 8048
558111343370, 558111353036, 9666
558178191032, 558178201256, 10224
558225362011, 558225371974, 9963
558277098238, 558277108702, 10464
558307836739, 558307844239, 7500
558376012212, 558376021569, 9357
558415963454, 558415971149, 7695
558474946577, 558474957080, 10503
558507619441, 558507632251, 12810
558573825469, 558573834823, 9354
558605901682, 558605910982, 9300
558673261191, 558673268091, 6900
558731492211, 558731500302, 8091
558785417916, 558785422446, 4530
558884550059, 558884554835, 4776
558983608499, 558983613125, 4626
559021235180, 559021242272, 7092
559082639711, 559082647049, 7338
559181277299, 559181281658, 4359
559211264056, 559211271100, 7044
559280187830, 559280194541, 6711
559379197915, 559379202661, 4746
559478103880, 559478108437, 4557
559577043839, 559577049215, 5376
559675927768, 559675932844, 5076
559774840845, 559774845525, 4680
559873851021, 559873855656, 4635
559972729822, 559972735387, 5565
560071421845, 560071430131, 8286
560116384398, 560116391265, 6867
560269445588, 560269450676, 5088
560368508106, 560368514478, 6372
560467355825, 560467360364, 4539
560566267338, 560566271715, 4377
560665085379, 560665090383, 5004
560764071191, 560764075970, 4779
560863002078, 560863007586, 5508
560961991960, 560961996409, 4449
561060783375, 561060788499, 5124
561159748935, 561159757353, 8418
561258624729, 561258630261, 5532
561357405604, 561357412764, 7160
561456408823, 561456414535, 5712
561555401844, 561555406332, 4488
561654261389, 561654266630, 5241
561753162380, 561753166958, 4578
561851960446, 561851970559, 10113
561951186558, 561951193065, 6507
562050039349, 562050044074, 4725
562148935745, 562148941382, 5637
562247909524, 562247915251, 5727
562293942130, 562293948415, 6285
562346780804, 562346786381, 5577
562445714610, 562445719254, 4644
562544505300, 562544518938, 13638
562629258610, 562629264706, 6096
562669855638, 562669863888, 8250
562727844766, 562727848819, 4053
562767693965, 562767701906, 7941
562827721641, 562827728445, 6804
562855604655, 562855612761, 8106
562926659979, 562926669003, 9024
562965303412, 562965311563, 8151
563025515020, 563025521692, 6672
563059483111, 563059493302, 10191
563124392160, 563124402420, 10260
563172472146, 563172481527, 9381
563222979444, 563222989689, 10245
563259432551, 563259440645, 8094
563322107194, 563322116824, 9630
563358193605, 563358204258, 10653
563420296824, 563420303916, 7092
563454237291, 563454246882, 9591
563519877460, 563519885284, 7824
563563306716, 563563321176, 14460
563618963877, 563618974581, 10704
563660875131, 563660883606, 8475
563718335445, 563718344835, 9390
563761267649, 563761277714, 10065
563816463849, 563816470422, 6573
563850291851, 563850299495, 7644
563915293209, 563915301615, 8406
563954758107, 563954774358, 16251
564014294559, 564014304186, 9627
564047805905, 564047815001, 9096
564113591768, 564113600657, 8889
564153542509, 564153551401, 8892
564212037019, 564212044912, 7893
564244841685, 564244856148, 14463
564311246866, 564311256715, 9849
564344906362, 564344914915, 8553
564409869851, 564409876748, 6897
564445215963, 564445225065, 9102
564509049959, 564509059199, 9240
564541199940, 564541214088, 14148
564607878143, 564607886540, 8397
564640715162, 564640722914, 7752
564706863960, 564706873698, 9738
564739020798, 564739032018, 11220
564806074597, 564806083969, 9372
564838474909, 564838483597, 8688
564904762370, 564904772018, 9648
564956958262, 564956968129, 9867
565003139256, 565003144857, 5601
565036083209, 565036091231, 8022
565102723008, 565102734255, 11247
565135225684, 565135233427, 7743
565201520185, 565201531246, 11061
565229598979, 565229611873, 12894
565300411443, 565300422423, 10980
565399238366, 565399248494, 10128
565432747057, 565432755247, 8190
565498464913, 565498473880, 8967
565529012727, 565529026290, 13563
565597322457, 565597332243, 9786
565627987265, 565627995143, 7878
565696383676, 565696393117, 9441
565727919189, 565727931498, 12309
565795456812, 565795466739, 9927
565826790186, 565826797809, 7623
565894108282, 565894117549, 9267
565927734244, 565927743448, 9204
565992895370, 565992904925, 9555
566024557878, 566024570304, 12426
566092071212, 566092079750, 8538
566124564651, 566124573651, 9000
566190690869, 566190699230, 8361
566225831494, 566225839984, 8490
566289866064, 566289875016, 8952
566321863394, 566321871728, 8334
566388943309, 566388953707, 10398
566427014855, 566427024806, 9951
566487473797, 566487484447, 10650
566518943803, 566518952686, 8883
566586638353, 566586651169, 12816
566617064994, 566617074072, 9078
566685330097, 566685341407, 11310
566722645453, 566722654474, 9021
566784207752, 566784218291, 10539
566813808335, 566813816438, 8103
566883041626, 566883052576, 10950
566915553431, 566915561522, 8091
566981890462, 566981900770, 10308
567018216350, 567018226292, 9942
567080711504, 567080720522, 9018
567110081251, 567110089246, 7995
567179562382, 567179572555, 10173
567212073228, 567212082849, 9621
567278400355, 567278409373, 9018
567311155741, 567311164495, 8754
567377312647, 567377322283, 9636
567408190718, 567408200411, 9693
567476140791, 567476149296, 8505
567509144690, 567509152919, 8229
567574980932, 567574991603, 10671
567602890092, 567602899347, 9255
567673781868, 567673790895, 9027
567719194323, 567719202756, 8433
567772584755, 567772594214, 9459
567808106633, 567808115810, 9177
567871455966, 567871465035, 9069
567903065139, 567903074037, 8898
567970296620, 567970306115, 9495
568006765835, 568006774067, 8232
568069162937, 568069173485, 10548
568112761407, 568112769804, 8397
568167999772, 568168015378, 15606
568199966246, 568199974589, 8343
568266835714, 568266846514, 10800
568302333188, 568302341423, 8235
568365663898, 568365675139, 11241
568464371780, 568464376238, 4458
568503832616, 568503842369, 9753
568563357153, 568563367659, 10506
568593721411, 568593728461, 7050
568662180051, 568662190389, 10338
568691878490, 568691886581, 8091
568760710620, 568760720253, 9633
568789741910, 568789749329, 7419
568859867009, 568859876891, 9882
568899875684, 568899885101, 9417
568958528112, 568958542413, 14301
569001658994, 569001669017, 10023
569057566080, 569057576529, 10449
569089621329, 569089630782, 9453
569156421653, 569156431799, 10146
569184529242, 569184536919, 7677
569254807007, 569254815269, 8262
569296824278, 569296832486, 8208
569354088038, 569354099156, 11118
569391719463, 569391728556, 9093
569452955726, 569452965458, 9732
569498544162, 569498552583, 8421
569551803983, 569551814195, 10212
569585724379, 569585733652, 9273
569650417593, 569650423980, 6387
569680808585, 569680817573, 8988
569749284567, 569749292904, 8337
569795134109, 569795142647, 8538
569848266090, 569848276968, 10878
569886787093, 569886795346, 8253
569947134617, 569947144916, 10299
570003823435, 570003833341, 9906
570046003051, 570046013221, 10170
570084299760, 570084307707, 7947
570144667994, 570144678638, 10644
570175748907, 570175756629, 7722
570243488050, 570243499069, 11019
570274153786, 570274161310, 7524
570342746558, 570342759920, 13362
570371824265, 570371831597, 7332
570441395818, 570441410755, 14937
570474724603, 570474732496, 7893
570540157225, 570540166489, 9264
570576398073, 570576407481, 9408
570638991755, 570639002141, 10386
570670635668, 570670643150, 7482
570737839647, 570737849646, 9999
570785583544, 570785596276, 12732
570836663070, 570836672301, 9231
570935521843, 570935826185, 304342
570985256284, 570985263976, 7692
571034391988, 571034401483, 9495
571075732400, 571075746794, 14394
571133219923, 571133231116, 11193
571170887025, 571170895776, 8751
571232058855, 571232070678, 11823
571266008351, 571266016823, 8472
571330894731, 571330904460, 9729
571368507771, 571368517368, 9597
571429734285, 571429744647, 10362
571528373844, 571528383111, 9267
571568264249, 571568275043, 10794
571627446361, 571627456696, 10335
571659454765, 571659462574, 7809
571726250194, 571726259803, 9609
571758830772, 571758838806, 8034
571825072102, 571825082377, 10275
571857673422, 571857681759, 8337
571923947573, 571923958550, 10977
571955409944, 571955417903, 7959
572022781409, 572022791708, 10299
572058499846, 572058508666, 8820
572121626717, 572121636995, 10278
572152168522, 572152176652, 8130
572220458024, 572220467555, 9531
572251941623, 572251949168, 7545
572319352706, 572319363161, 10455
572358558575, 572358567572, 8997
572418132669, 572418141903, 9234
572449698878, 572449706282, 7404
572516987692, 572516998378, 10686
572547520067, 572547526970, 6903
572615844416, 572615865200, 20784
572649165519, 572649176688, 11169
572714690783, 572714700497, 9714
572757911252, 572757919808, 8556
572813514874, 572813524000, 9126
572860560781, 572860570795, 10014
572911950256, 572911954615, 4359
572943153010, 572943160579, 7569
573011199843, 573011207457, 7614
573044339793, 573044347431, 7638
573110131192, 573110140105, 8913
573154176607, 573154187017, 10410
573208846790, 573208856828, 10038
573241449358, 573241457056, 7698
573307734273, 573307744653, 10380
573351130326, 573351138498, 8172
573406644320, 573406654787, 10467
573448784924, 573448793786, 8862
573505383549, 573505394019, 10470
573543295025, 573543304373, 9348
573604253132, 573604262537, 9405
573648795531, 573648805503, 9972
573703029010, 573703039576, 10566
573732136314, 573732145305, 8991
573801968082, 573801978114, 10032
573832119745, 573832128322, 8577
573900450092, 573900457001, 6909
573933096407, 573933104363, 7956
573999574574, 573999584279, 9705
574031234481, 574031243040, 8559
574098046710, 574098057816, 11106
574136293680, 574136303292, 9612
574197482520, 574197499245, 16725
574228930367, 574228939742, 9375
574296200912, 574296210455, 9543
574340596211, 574340604869, 8658
574395019633, 574395029449, 9816
574429492436, 574429503080, 10644
574493819079, 574493830707, 11628
574592774726, 574592787614, 12888
574637050021, 574637065750, 15729
574691520490, 574691530855, 10365
574733282303, 574733295359, 13056
574790321227, 574790331181, 9954
574825280695, 574825289329, 8634
574889176404, 574889185677, 9273
574925131431, 574925145162, 13731
574987992230, 574988000747, 8517
575019445969, 575019454279, 8310
575086877735, 575086887542, 9807
575118595056, 575118602994, 7938
575185721504, 575185728308, 6804
575221472788, 575221480675, 7887
575284573064, 575284582622, 9558
575317296353, 575317305422, 9069
575383452648, 575383460940, 8292
575419897646, 575419905725, 8079
575482250179, 575482259602, 9423
575518145768, 575518154045, 8277
575581090163, 575581100981, 10818
575613935157, 575613949404, 14247
575680017319, 575680026847, 9528
575726841317, 575726854493, 13176
575778921636, 575778934782, 13146
575812574655, 575812583403, 8748
575877648606, 575877659322, 10716
575907290854, 575907302839, 11985
575976561894, 575976573354, 11460
576014010050, 576014019191, 9141
576074849750, 576074860232, 10482
576115036662, 576115045590, 8928
576174105449, 576174113882, 8433
576215758137, 576215766837, 8700
576272661230, 576272667383, 6153
576306022190, 576306029879, 7689
576371426304, 576371432343, 6039
576402331601, 576402339713, 8112
576470542883, 576470550983, 8100
576521841321, 576521851809, 10488
576583230965, 576583235828, 4863
576682095918, 576682103139, 7221
576781247160, 576781253970, 6810
576814920906, 576814931241, 10335
576881228450, 576881234867, 6417
576978591098, 576978596825, 5727
577077673339, 577077678811, 5472
577176305739, 577176314937, 9198
577275121728, 577275129399, 7671
577374151761, 577374156573, 4812
577472986473, 577472990997, 4524
577571945206, 577571950759, 5553
577603574867, 577603589822, 14955
577671304720, 577671321130, 16410
577769358563, 577769370746, 12183
577868396379, 577868401548, 5169
577967361461, 577967365751, 4290
578066079358, 578066084008, 4650
578164974562, 578164980022, 5460
578263721065, 578263726474, 5409
578364026686, 578364039322, 12636
578462198273, 578462210498, 12225
578560251060, 578560255770, 4710
578659227040, 578659232869, 5829
578757926965, 578757931438, 4473
578856578280, 578856587367, 9087
578955614253, 578955618804, 4551
579054304502, 579054317699, 13197
579082014812, 579082022024, 7212
579153665750, 579153670493, 4743
579252050191, 579252056683, 6492
579336593474, 579336601376, 7902
579373997390, 579374006039, 8649
579436242146, 579436249181, 7035
579471418032, 579471425160, 7128
579534703158, 579534713553, 10395
579564180368, 579564187565, 7197
579633617857, 579633627772, 9915
579676095601, 579676104073, 8472
579732716715, 579732726264, 9549
579766614250, 579766626916, 12666
579831260375, 579831271208, 10833
579877647089, 579877657544, 10455
579943846379, 579943851164, 4785
580042878496, 580042883776, 5280
580141797376, 580141804153, 6777
580240577176, 580240581892, 4716
580339251001, 580339258540, 7539
580438013561, 580438018361, 4800
580536911832, 580536925719, 13887
580621691830, 580621696366, 4536
580671227869, 580671235816, 7947
580721141618, 580721151296, 9678
580763702012, 580763711627, 9615
580819797208, 580819814404, 17196
580863838760, 580863856001, 17241
580918547460, 580918559553, 12093
580961805753, 580961815560, 9807
581016723710, 581016729386, 5676
581049073313, 581049081140, 7827
581116246957, 581116257172, 10215
581146972235, 581146980923, 8688
581215022240, 581215031999, 9759
581249619228, 581249627688, 8460
581313886261, 581313895636, 9375
581344685802, 581344698699, 12897
581412722359, 581412733123, 10764
581443813841, 581443822595, 8754
581511461023, 581511470071, 9048
581542883080, 581542898929, 15849
581610406267, 581610416770, 10503
581651993835, 581652009702, 15867
581709543644, 581709552938, 9294
581740904850, 581740913799, 8949
581808092624, 581808102563, 9939
581839753747, 581839764664, 10917
581906939837, 581906949848, 10011
581938206125, 581938214087, 7962
582005664324, 582005672826, 8502
582035746808, 582035761676, 14868
582104144798, 582104155757, 10959
582154025821, 582154038298, 12477
582203185639, 582203193751, 8112
582232357449, 582232365228, 7779
582301873234, 582301882516, 9282
582334476761, 582334490567, 13806
582401412942, 582401422881, 9939
582432858525, 582432868293, 9768
582500361401, 582500556302, 194901
582535490515, 582535507741, 17226
582599060872, 582599070949, 10077
582628680389, 582628687652, 7263
582697572734, 582697581260, 8526
582744260560, 582744276988, 16428
582795959923, 582795965059, 5136
582834450544, 582834459550, 9006
582895331128, 582895340485, 9357
582929701158, 582929709024, 7866
582994141097, 582994151936, 10839
583036816284, 583036824861, 8577
583093060617, 583093070562, 9945
583125762064, 583125770536, 8472
583192018597, 583192034860, 16263
583224837427, 583224846067, 8640
583290678083, 583290689891, 11808
583321126110, 583321134681, 8571
583389547588, 583389557536, 9948
583422201945, 583422210525, 8580
583488335636, 583488347033, 11397
583520170200, 583520183652, 13452
583586942497, 583586951209, 8712
583619410705, 583619420326, 9621
583685859148, 583685871484, 12336
583784782806, 583784790282, 7476
583826716881, 583826724810, 7929
583883735239, 583883746303, 11064
583919674994, 583919682839, 7845
583982576613, 583982586702, 10089
584017222177, 584017231018, 8841
584081406090, 584081417034, 10944
584134154350, 584134163509, 9159
584179838874, 584179844142, 5268
584210773559, 584210781941, 8382
584279080589, 584279091080, 10491
584310300153, 584310307548, 7395
584377937605, 584377948222, 10617
584420848621, 584420863582, 14961
584476764156, 584476774575, 10419
584506278175, 584506286626, 8451
584575613097, 584575627515, 14418
584604479210, 584604486413, 7203
584674480334, 584674492553, 12219
584704791364, 584704801411, 10047
584773603014, 584773615602, 12588
584803449893, 584803457171, 7278
584872428114, 584872441185, 13071
584905631599, 584905640509, 8910
584971041769, 584971052491, 10722
585002172449, 585002187293, 14844
585070070625, 585070080057, 9432
585100060633, 585100064866, 4233
585168924886, 585168933055, 8169
585216369622, 585216378934, 9312
585267520702, 585267530065, 9363
585300244244, 585300252092, 7848
585366275957, 585366760308, 484351
585400158599, 585400172780, 14181
585485904372, 585485915859, 11487
585486720969, 585486726708, 5739
585515016948, 585515020194, 3246
585515038074, 585515039163, 1089
585572479807, 585572488522, 8715
585622717358, 585622721933, 4575
585628990532, 585628994105, 3573
585675080084, 585675087647, 7563
585730051205, 585730053905, 2700
585730310711, 585730312379, 1668
585736426949, 585736430198, 3249
585777336731, 585777344615, 7884
585823590633, 585823594788, 4155
585874311215, 585874319318, 8103
585973423242, 585973430148, 6906
586072192123, 586072197063, 4940
586171029090, 586171034940, 5850
586269866830, 586269873454, 6624
586368712106, 586368716930, 4824
586467548291, 586467553160, 4869
586566458584, 586566463975, 5391
586665441308, 586665446375, 5067
586764081190, 586764085708, 4518
586794917461, 586794925027, 7566
586862798481, 586862804145, 5664
586961787362, 586961792798, 5436
587060636517, 587060646255, 9738
587159474539, 587159479075, 4536
587258256915, 587258262150, 5235
587357514029, 587357522939, 8910
587456000444, 587456005049, 4605
587555035556, 587555043968, 8412
587653497477, 587653509996, 12519
587752504018, 587752508659, 4641
587851312944, 587851318155, 5211
587950295138, 587950300565, 5427
588049042170, 588049048098, 5928
588147868295, 588147873179, 4884
588246675314, 588246679973, 4659
588345546118, 588345550645, 4527
588444389792, 588444394082, 4290
588543239565, 588543244857, 5292
588642073449, 588642078039, 4590
588740944799, 588740950100, 5301
588839753028, 588839757666, 4638
588938589356, 588938593889, 4533
589037564806, 589037768362, 203556
589136067918, 589136073105, 5187
589235130275, 589235134835, 4560
589334044833, 589334049333, 4500
589432647357, 589432659321, 11964
589531668019, 589531672399, 4380
589630366245, 589630371828, 5583
589729352520, 589729357311, 4791
589828160676, 589828165074, 4398
589927037852, 589927042154, 4302
590025880639, 590025885520, 4881
590124690894, 590124695733, 4839
590223628514, 590223633473, 4959
590322407790, 590322413013, 5223
590421256762, 590421262699, 5937
590520031586, 590520036116, 4530
590618965758, 590618971863, 6105
590717807754, 590717812227, 4473
590816577506, 590816582675, 5169
590915607055, 590915617366, 10311
591014277456, 591014282484, 5028
591113086869, 591113091453, 4584
591211765822, 591211774129, 8307
591310780862, 591310785755, 4893
591409649912, 591409655645, 5733
591508492952, 591508497938, 4986
591607449057, 591607457751, 8694
591706182176, 591706188131, 5955
591804996936, 591805001787, 4851
591903858302, 591903865571, 7269
592002817761, 592002822576, 4815
592101601083, 592101606192, 5109
592200363005, 592200367766, 4761
592299220261, 592299225331, 5070
592398074289, 592398080103, 5814
592496879472, 592496884521, 5049
592595728882, 592595732701, 3819
592694609623, 592694615347, 5724
592793447706, 592793452794, 5088
592892331733, 592892337271, 5538
592919062063, 592919069086, 7023
592991088685, 592991092555, 3870
593089748573, 593089756124, 7551
593188843440, 593188848537, 5097
593287638969, 593287643544, 4575
593386488087, 593386492713, 4626
593485329597, 593485334610, 5013
593584139762, 593584144511, 4749
593682774291, 593682779205, 4914
593781896863, 593781903841, 6978
593880634722, 593880639612, 4890
593979567805, 593979576343, 8538
594078257273, 594078262907, 5634
594177202283, 594177208355, 6072
594276035147, 594276039998, 4851
594374903599, 594374908315, 4716
594473822251, 594473829325, 7074
594572548461, 594572552685, 4224
594671478544, 594671483836, 5292
594770057964, 594770066316, 8352
594869112341, 594869120147, 7806
594967983203, 594967988042, 4839
595066912180, 595066918210, 6030
595165562345, 595165566950, 4605
595264586255, 595264596134, 9879
595363381465, 595363386790, 5325
595462145369, 595462150553, 5184
595561083323, 595561088627, 5304
595659821752, 595659826963, 5211
595758752658, 595758757803, 5145
595857493672, 595857498904, 5232
595956196084, 595956201376, 5292
595997320230, 595997327595, 7365
596055212240, 596055217622, 5382
596153999794, 596154004543, 4749
596252869132, 596252873947, 4815
596351819845, 596351827840, 7995
596450353380, 596450362677, 9297
596549351224, 596549355925, 4701
596648268287, 596648275127, 6840
596747060634, 596747065515, 4881
596845883338, 596845887622, 4284
596944728810, 596944733784, 4974
597043596707, 597043601279, 4572
597142507691, 597142516295, 8604
597241292663, 597241298213, 5550
597340121105, 597340125902, 4797
597438971181, 597438975624, 4443
597537775890, 597537780408, 4518
597636558278, 597636562898, 4620
597735467289, 597735471939, 4650
597834242988, 597834247761, 4773
597933176198, 597933182105, 5907
598032029587, 598032034153, 4566
598130685488, 598130698130, 12642
598229699914, 598229892130, 192216
598328518418, 598328524376, 5958
598427384224, 598427388529, 4305
598526126482, 598526132086, 5604
598625027393, 598625031965, 4572
598723856538, 598723861908, 5370
598822781861, 598822787306, 5445
598921595971, 598921601173, 5202
599020488481, 599020494166, 5685
599048806516, 599048814445, 7929
599119236440, 599119240850, 4410
599218220934, 599218226286, 5352
599316943062, 599316951012, 7950
599415802712, 599415808451, 5739
599514784103, 599514790502, 6399
599613437324, 599613442526, 5202
599712375945, 599712382989, 7044
599811326170, 599811335416, 9246
599909799697, 599909806984, 7287
600008778592, 600008784481, 5889
600107684265, 600107689257, 4992
600206516521, 600206522128, 5607
600305330914, 600305335618, 4704
600404140479, 600404145189, 4710
600503063853, 600503070981, 7128
600601651983, 600601659066, 7083
600700740081, 600700745173, 5092
600799511488, 600799516516, 5028
600898366797, 600898371768, 4971
600997273434, 600997279590, 6156
601096260292, 601096267738, 7446
601194955424, 601194960833, 5409
601293658648, 601293674176, 15528
601392626047, 601392630718, 4671
601491426568, 601491431494, 4926
601590283960, 601590289654, 5694
601689081251, 601689085922, 4671
601787949239, 601787953523, 4284
601886853185, 601886858939, 5754
601985606838, 601985611665, 4827
602084475359, 602084479682, 4323
602183183973, 602183188569, 4596
602282147299, 602282151682, 4383
602381062039, 602381068585, 6546
602479848052, 602479852786, 4734
602578715111, 602578720031, 4920
602677734145, 602677739521, 5376
602776364769, 602776370940, 6171
602875198978, 602875205287, 6309
602974038868, 602974044094, 5226
603072728354, 603072740456, 12102
603171943279, 603171951754, 8475
603270560055, 603270565068, 5013
603369454413, 603369459978, 5565
603468533942, 603468538826, 4884
603567165480, 603567171798, 6318
603665997386, 603666004049, 6663
603764773387, 603764777776, 4389
603863646414, 603863652615, 6201
603962450224, 603962455735, 5511
604061327955, 604061333151, 5196
604160142928, 604160148643, 5715
604258989310, 604258993822, 4512
604357851622, 604357857094, 5472
604456619075, 604456626149, 7074
604555524271, 604555529098, 4827
604654351055, 604654355621, 4566
604753208863, 604753213537, 4674
604852187573, 604852194587, 7014
604889070021, 604889077038, 7017
604950917751, 604950923502, 5751
605049736120, 605049740392, 4272
605148600875, 605148611249, 10374
605191208461, 605191217920, 9459
605247479377, 605247484108, 4731
605346267887, 605346272432, 4545
605445121761, 605445127041, 5280
605543967715, 605543972488, 4773
605642840391, 605642846538, 6147
605741626836, 605741632671, 5835
605840493084, 605840499696, 6612
605939372410, 605939380537, 8127
606038171236, 606038175988, 4752
606137034348, 606137039187, 4839
606235853314, 606235858465, 5151
606334713170, 606334717892, 4722
606433481359, 606433486180, 4821
606532379258, 606532384118, 4860
606729997152, 606730001958, 4806
606828852336, 606828856791, 4455
606927526426, 606927533263, 6837
607026574603, 607026579838, 5235
607125426156, 607125433425, 7269
607224239195, 607224245672, 6477
607323204159, 607323210906, 6747
607421926969, 607421932510, 5541
607520764480, 607520770309, 5829
607620417797, 607620422309, 4512
607718490678, 607718496705, 6027
607817390411, 607817395571, 5160
607916043776, 607916049953, 6177
608015099833, 608015104276, 4443
608113821442, 608113827523, 6081
608212779743, 608212791989, 12246
608311723621, 608311730455, 6834
608410329653, 608410334315, 4662
608509164682, 608509170319, 5637
608608045645, 608608050004, 4359
608706884115, 608706890187, 6072
608805751532, 608805757025, 5493
608904613140, 608904621285, 8145
609003388080, 609003394404, 6324
609102272880, 609102278559, 5679
609200919479, 609200931386, 11907
609299902343, 609299907317, 4974
609398964212, 609398973533, 9321
609497556403, 609497562016, 5613
609596441488, 609596447392, 5904
609695543488, 609695561533, 18045
609794166322, 609794171806, 5484
609893005589, 609893012240, 6651
609991811152, 609991818082, 6930
610090610008, 610090614877, 4869
610288344681, 610288349952, 5271
610387015868, 610387021193, 5325
610486068727, 610486075810, 7083
610584833878, 610584839209, 5331
610683788794, 610683795541, 6747
610782543934, 610782548623, 4689
610881260179, 610881264826, 4647
610980241755, 610980246663, 4908
610669720198, 610669730254, 10056
610713459721, 610713468532, 8811
610768295006, 610768302923, 7917
610797721876, 610797730258, 8382
610867423064, 610867432217, 9153
610915842025, 610915850368, 8343
610966269659, 610966279082, 9423
610998163011, 610998171906, 8895
611065104588, 611065114764, 10176
611105165003, 611105172965, 7962
611163928448, 611163938492, 10044
611197649792, 611197659044, 9252
611262789596, 611262800012, 10416
611361640498, 611361651010, 10512
611403432260, 611403441266, 9006
611460457806, 611460467340, 9534
611492521244, 611492531354, 10110
611559305821, 611559315280, 9459
611590829823, 611590838292, 8469
611658175581, 611658181842, 6261
611696522165, 611696531768, 9603
611756702576, 611756712120, 9544
611796295316, 611796303470, 8154
611855846655, 611855856492, 9837
611893635251, 611893643924, 8673
611954507693, 611954516351, 8658
611985222404, 611985230720, 8316
612053535752, 612053544329, 8577
612092945322, 612093019371, 74049
612152381812, 612152393047, 11235
612181831034, 612181838672, 7638
612250973012, 612250982789, 9777
612283634585, 612283646438, 11853
612350059997, 612350069210, 9213
612382598683, 612382606729, 8046
612448819854, 612448830540, 10686
612479573887, 612479582521, 8634
612547734609, 612547745208, 10599
612583233170, 612583241156, 7986
612646578671, 612646588196, 9525
612675669551, 612675677525, 7974
612745478485, 612745488226, 9741
612787335248, 612787343561, 8313
612844084419, 612844092945, 8526
612876021328, 612876029665, 8337
612943086791, 612943096760, 9969
612980599468, 612980610535, 11067
613041936982, 613041947092, 10110
613079493684, 613079503566, 9882
613140764127, 613140773613, 9486
613179451186, 613179460951, 9765
613239605043, 613239618732, 13689
613285823173, 613285833259, 10086
613337797571, 613337802386, 4815
613372852737, 613372860408, 7671
613437322477, 613437331975, 9498
613469181638, 613469189063, 7425
613536133021, 613536142420, 9399
613570403153, 613570410266, 7113
613635096560, 613635112727, 16167
613667400006, 613667410278, 10272
613733779821, 613733790912, 11091
613766911790, 613766919257, 7467
613832640009, 613832650989, 10980
613871069564, 613871081774, 12210
613931500458, 613931511555, 11097
613971754152, 613971763515, 9363
614030318250, 614030327814, 9564
614060542511, 614060550056, 7545
614129137751, 614129152718, 14967
614168644499, 614168655566, 11067
614227917839, 614227928066, 10227
614256532057, 614256539482, 7425
614326787165, 614326797386, 10221
614425713436, 614425723723, 10287
614461967681, 614461977275, 9594
614524494672, 614524504281, 9609
614554962261, 614554969959, 7698
614623387861, 614623399069, 11208
614653399312, 614653407724, 8412
614722222579, 614722233973, 11394
614751892589, 614751901733, 9144
614821081074, 614821091253, 10179
614865424116, 614865433131, 9015
614919920618, 614919931514, 10896
614954629438, 614954642449, 13011
615018834910, 615018850333, 15423
615047588616, 615047597040, 8424
615117589380, 615117599589, 10209
615151096342, 615151103719, 7377
615216438459, 615216449271, 10812
615246135752, 615246143387, 7635
615315293336, 615315304382, 11046
615346286155, 615346294318, 8163
615414135230, 615414144716, 9486
615461963724, 615461971632, 7908
615512964245, 615512974154, 9909
615543963148, 615543971008, 7860
615611828460, 615611838636, 10176
615642913418, 615642921230, 7812
615710961728, 615710975750, 14022
615754229413, 615754241797, 12384
615809489168, 615809502272, 13104
615840403579, 615840410782, 7203
615907679921, 615907685768, 5847
615949872998, 615949882892, 9894
616006959042, 616006969269, 10227
616040078499, 616040087802, 9303
616106018243, 616106027582, 9339
616137526418, 616137534194, 7776
616204854235, 616204863814, 9579
616236295682, 616236309959, 14277
616303700042, 616303710029, 9987
616335505822, 616335513664, 7842
616402547641, 616402556689, 9048
616449114966, 616449123294, 8328
616501353805, 616501364185, 10380
616534008045, 616534016184, 8139
616600206857, 616600217732, 10875
616640686548, 616640695371, 8823
616699059153, 616699069326, 10173
616746495656, 616746503489, 7833
616798096470, 616798106739, 10269
616845327125, 616845341060, 13935
616896717932, 616896729677, 11745
616955368402, 616955377345, 8943
616995291194, 616995297710, 6516
617029461489, 617029472289, 10800
617094288204, 617094297210, 9006
617130281819, 617130289529, 7710
617193292774, 617193302236, 9462
617223545336, 617223557960, 12624
617292292088, 617292301307, 9219
617333615414, 617333622080, 6666
617390947108, 617390957353, 10245
617434019061, 617434028661, 9600
617489992496, 617490002438, 9942
617525519457, 617525530215, 10758
617588605897, 617588619328, 13431
617619080230, 617619088849, 8619
617687296179, 617687304789, 8610
617720410367, 617720421326, 10959
617800314022, 617800318780, 4758
617900479760, 617900486138, 6378
617998122910, 617998131973, 9063
618096854825, 618096861158, 6333
618195545307, 618195549825, 4518
618294452115, 618294456645, 4530
618393101552, 618393110372, 8820
618492091490, 618492096284, 4794
618591013054, 618591017968, 4914
618689879952, 618689884953, 5001
618788659936, 618788664454, 4518
618887517067, 618887522260, 5193
618986432528, 618986441858, 9330
619085249916, 619085254962, 5046
619184001421, 619184007178, 5757
619282872556, 619282877227, 4671
619381524301, 619381532767, 8466
619480567131, 619480572357, 5226
619579471774, 619579476322, 4548
619678352904, 619678357962, 5058
619777093975, 619777099159, 5184
619875978707, 619875983276, 4569
619974843505, 619974848620, 5115
620073624620, 620073630029, 5409
620172471951, 620172477045, 5094
620271426405, 620271432009, 5604
620370195916, 620370200824, 4908
620469001531, 620469006427, 4896
620503050437, 620503057967, 7530
620567914541, 620567919416, 4875
620666484872, 620666496395, 11523
620765453639, 620765458262, 4623
620864332001, 620864337113, 5112
620963204077, 620963209723, 5646
621062045921, 621062050901, 4980
621160898282, 621160902986, 4704
621259729299, 621259734156, 4857
621358536822, 621358541829, 5007
621457377962, 621457382531, 4569
621556248922, 621556253950, 5028
621655088548, 621655093429, 4881
621753904485, 621753909516, 5031
621852742786, 621852747421, 4635
621951565395, 621951570324, 4929
622050431541, 622050436680, 5139
622149280519, 622149286660, 6141
622248109478, 622248115034, 5556
622346770759, 622346783008, 12249
622445580307, 622445586779, 6472
622544717481, 622544722167, 4686
622643527007, 622643532761, 5754
622742352476, 622742357588, 5112
622841097294, 622841102046, 4752
622940037423, 622940044332, 6909
623038883630, 623038892900, 9270
623137820027, 623137826930, 6903
623236649252, 623236656731, 7479
623335445536, 623335449952, 4416
623434298115, 623434304520, 6405
623533070861, 623533075805, 4944
623631683589, 623631687213, 3624
623730722334, 623730726960, 4626
623829599291, 623829604460, 5169
623928443063, 623928447800, 4737
624027248295, 624027252858, 4563
624126118584, 624126124230, 5646
624224782788, 624224795133, 12345
624323770996, 624323775931, 4935
624422616494, 624422621048, 4554
624112069896, 624112078602, 8706
624147016983, 624147025527, 8544
624210987147, 624210998898, 11751
624253452540, 624253463454, 10914
624309845078, 624309854840, 9762
624341419360, 624341429737, 10377
624408672902, 624408682193, 9291
624438002744, 624438010019, 7275
624507533176, 624507544264, 11088
624536086425, 624536094183, 7758
624606358726, 624606368803, 10077
624637811767, 624637832845, 21078
624704829525, 624704839569, 10044
624734217779, 624734231393, 13614
624804054750, 624804063270, 8520
624833238796, 624833247934, 9138
624902746382, 624902756660, 10278
624930755495, 624930762977, 7482
625001727502, 625001737975, 10473
625048862117, 625048870253, 8136
625100586740, 625100596508, 9768
625139572341, 625139581323, 8982
625199509662, 625199520243, 10581
625228136398, 625228143613, 7215
625298258160, 625298268186, 10026
625326806606, 625326814265, 7659
625396881039, 625396891380, 10341
625424887406, 625424896766, 9360
625495740464, 625495747118, 6654
625527724035, 625527732201, 8166
625594792263, 625594802910, 10647
625623166249, 625623174931, 8682
625693623726, 625693634586, 10860
625732806948, 625732839501, 32553
625792453253, 625792462844, 9591
625823399559, 625823407044, 7485
625891134222, 625891142262, 8040
625919260988, 625919268515, 7527
625989922233, 625989932550, 10317
626033760226, 626033769886, 9660
626089028306, 626089038167, 9861
626117501165, 626117513477, 12312
626187975482, 626187985982, 10500
626216744877, 626216752251, 7374
626286570350, 626286577319, 6969
626385198067, 626385207070, 9003
626417098938, 626417132250, 33312
626484586997, 626484595502, 8505
626514117364, 626514125965, 8601
626582972189, 626582981549, 9360
626622221510, 626622230744, 9234
626682309578, 626682317840, 8262
626711512107, 626711520273, 8166
626780743808, 626780753528, 9720
626829140778, 626829150036, 9258
626879453562, 626879458635, 5073
626908051562, 626908059815, 8253
626978597297, 626978607914, 10617
627024858938, 627024868793, 9855
627077411025, 627077423124, 12099
627110214622, 627110222842, 8220
627176250164, 627176259848, 9684
627206630416, 627206638447, 8031
627274955339, 627274963130, 7791
627305931062, 627305946839, 15777
627373892844, 627373901340, 8496
627403301495, 627403309844, 8349
627472940823, 627472949748, 8925
627503290903, 627503304001, 13098
627571557070, 627571566142, 9072
627602525452, 627602538775, 13323
627670544559, 627670556514, 11955
627700422254, 627700430180, 7926
627769293987, 627769305222, 11235
627799264727, 627799279616, 14889
627868162490, 627868240713, 78223
627910574498, 627910584194, 9696
627966976307, 627966984395, 8088
628010078224, 628010087896, 9672
628065821747, 628065832421, 10674
628094349767, 628094357264, 7497
628164723114, 628164734523, 11409
628212871361, 628212880859, 9498
628263490136, 628263500195, 10059
628293409668, 628293417732, 8064
628362328814, 628362338915, 10101
628394232874, 628394241718, 8844
628461144949, 628461156145, 11196
628491186099, 628491194298, 8199
628560016779, 628560025761, 8982
628588926543, 628588934286, 7743
628658831313, 628658842857, 11544
628695247280, 628695256337, 9057
628757658040, 628757668465, 10425
628794189585, 628794201807, 12222
628856511101, 628856522225, 11124
628885980493, 628885990444, 9951
628955466186, 628955482599, 16413
628984417270, 628984430317, 13047
629054307633, 629054324070, 16437
629093960949, 629093976924, 15975
629153022930, 629153033421, 10491
629181684761, 629181692399, 7638
629251596983, 629251604474, 7491
629290317218, 629290325576, 8358
629350724626, 629350734496, 9870
629384140620, 629384148627, 8007
629449565416, 629449577308, 11892
629478626212, 629478634048, 7836
629548471054, 629548483762, 12708
629589147831, 629589157314, 9483
629646916445, 629646922349, 5904
629746120528, 629746130068, 9540
629781611609, 629781619082, 7473
629844959363, 629844969320, 9957
629875790042, 629875799888, 9846
629943632524, 629943643093, 10569
629984853770, 629984861819, 8049
630042646093, 630042656410, 10317
630079196116, 630079204921, 8805
630141528421, 630141538126, 9705
630172477664, 630172485950, 8286
630240196240, 630240204913, 8673
630290218223, 630290229125, 10902
630338531159, 630338536841, 5682
630384610886, 630384619652, 8766
630438054558, 630438063735, 9177
630467877132, 630467884986, 7854
630536717926, 630536726527, 8601
630568462138, 630568472353, 10215
630635965987, 630635974738, 8751
630681574866, 630681590214, 15348
630734693478, 630734705772, 12294
630762663764, 630762672155, 8391
630833632711, 630833642791, 10080
630870229387, 630870239770, 10383
630932212644, 630932221815, 9171
630964768708, 630964776649, 7941
631031040151, 631031051371, 11220
631058505306, 631058513013, 7707
631129879582, 631129888582, 9000
631175726641, 631175735083, 8442
631228715174, 631228726661, 11487
631257501599, 631257509264, 7665
631327583707, 631327860929, 277222
631426271251, 631426278880, 7629
631458795820, 631458803830, 8010
631525253352, 631525262910, 9558
631555533150, 631555549413, 16263
631624089495, 631624098111, 8616
631650973503, 631650980973, 7470
631723325328, 631723335366, 10038
631758387381, 631758396210, 8829
631821776722, 631821787534, 10812
631852059584, 631852067882, 8298
631920648907, 631920658846, 9939
631950604687, 631950613231, 8544
632019744407, 632019759470, 15063
632069280650, 632069290601, 9951
632118312498, 632118321609, 9111
632153967425, 632153976923, 9498
632217213869, 632217222902, 9033
632248974371, 632248985234, 10863
632316273527, 632316292679, 19152
632346251529, 632346260832, 9303
632414828546, 632414837912, 9366
632456777983, 632456787232, 9249
632513672016, 632513683143, 11127
632549541077, 632549549384, 8307
632612546090, 632612555135, 9045
632644934696, 632644949888, 15192
632711579364, 632711591361, 11997
632759476726, 632759484574, 7848
632810217103, 632810226916, 9813
632841985496, 632841997334, 11838
632909086868, 632909099198, 12330
632943555203, 632943564116, 8913
633007953009, 633007961502, 8493
633039777699, 633039786309, 8610
633106758574, 633106768657, 10083
633137949272, 633137958536, 9264
633205556212, 633205565818, 9606
633237516717, 633237525843, 9126
633304375797, 633304385496, 9699
633350906652, 633350918610, 11958
633403123180, 633403130857, 7677
633432805488, 633432813969, 8481
633502086123, 633502095240, 9117
633541817823, 633541826376, 8553
633600938202, 633600947262, 9060
633633488735, 633633497798, 9063
633700212791, 633700225756, 12965
633738688387, 633738696913, 8526
633798585054, 633798593535, 8481
633841006194, 633841019736, 13542
633897678996, 633897686970, 7974
633930774077, 633930782294, 8217
633996192855, 633996204183, 11328
634028309614, 634028317105, 7491
634094851130, 634094860448, 9318
634128185548, 634128193657, 8109
634194045021, 634194058563, 13542
634224892784, 634224902897, 10113
634292609887, 634292619538, 9651
634339346889, 634339355754, 8865
634391663424, 634391672544, 9120
634425813546, 634425822510, 8964
634490516926, 634490529103, 12177
634534657160, 634534674722, 17562
634589339243, 634589350148, 10905
634617918625, 634617926809, 8184
634688488039, 634688498179, 10140
634726943023, 634726952101, 9078
634787062698, 634787073771, 11073
634824121007, 634824136811, 15804
634885872711, 634885883520, 10809
634919919688, 634919928556, 8868
634984716094, 634984726042, 9948
635020506221, 635020515236, 9015
635083578714, 635083589499, 10785
635111752857, 635111760972, 8115
635182382938, 635182393948, 11010
635210887130, 635210895119, 7989
635281506165, 635281515042, 8877
635328263985, 635328272847, 8862
635380063926, 635380073886, 9960
635414659382, 635414667728, 8346
635478909865, 635479172903, 263038
635519668073, 635519676428, 8355
635577735765, 635577746418, 10653
635609864919, 635609875707, 10788
635676603824, 635676614105, 10281
635704688306, 635704697723, 9417
635775431905, 635775442021, 10116
635818427925, 635818438122, 10197
635874250984, 635874260716, 9732
635915887592, 635915896202, 8610
635973103778, 635973114323, 10545
636001301528, 636001310228, 8700
636071793583, 636071805070, 11487
636109837856, 636109848365, 10509
636170837640, 636170851917, 14277
636212771352, 636212779950, 8598
636269612571, 636269623866, 11295
636297936154, 636297947002, 10848
636368455859, 636368466632, 10773
636400185328, 636400193422, 8094
636467302694, 636467312351, 9657
636509982634, 636509992537, 9903
636566147332, 636566157550, 10218
636599782105, 636599789308, 7203
636664997341, 636665007883, 10542
636696766983, 636696779523, 12540
636763750645, 636763762246, 11601
636792382658, 636792390212, 7554
636862387821, 636862397865, 10044
636907112994, 636907121091, 8097
636961679459, 636961693139, 13680
637007998403, 637008006923, 8520
637060379571, 637060390116, 10545
637099647801, 637099656615, 8814
637158969692, 637158980294, 10602
637194567681, 637194576336, 8655
637258044538, 637258054876, 10338
637356874679, 637356884768, 10089
637385990984, 637385998940, 7956
637455715073, 637455725918, 10845
637490686850, 637490695577, 8727
637554568310, 637554578789, 10479
637583228865, 637583237499, 8634
637653418826, 637653430520, 11694
637699604575, 637699617949, 13374
637752251263, 637752262999, 11736
637792243727, 637792252976, 9249
637851099329, 637851108809, 9480
637889940959, 637889950214, 9255
637949844224, 637949854430, 10206
637979558442, 637979566332, 7890
638048814525, 638048824866, 10341
638077572323, 638077582301, 9978
638147601569, 638147612378, 10809
638176051875, 638176059828, 7953
638246300037, 638246309235, 9198
638285160456, 638285169243, 8787
638345292677, 638345302412, 9735
638373867058, 638373874798, 7740
638444043026, 638444055338, 12312
638542873002, 638542883802, 10800
638581637049, 638581645581, 8532
638641813235, 638641824044, 10809
638684551682, 638684565848, 14166
638740926450, 638740940343, 13893
638782969415, 638782979678, 10263
638839598062, 638839615477, 17415
638938453072, 638938465708, 12636
638976673783, 638976681610, 7827
639037242392, 639037252778, 10386
639073241697, 639073251504, 9807
639136063177, 639136074370, 11193
639163921725, 639163929159, 7434
639234917966, 639234927632, 9666
639275752533, 639275761902, 9369
639333736947, 639333747798, 10851
639362147588, 639362155724, 8136
639432582671, 639432593330, 10659
639461540449, 639461549452, 9003
639531010234, 639531019801, 9567
639559820630, 639559828199, 7569
639629908071, 639629918505, 10434
639674674850, 639674682431, 7581
639729123840, 639729134235, 10395
639758127896, 639758135930, 8034
639827917119, 639827927991, 10872
639869876129, 639869886563, 10434
639926774444, 639926785592, 11148
639955445237, 639955454039, 8802
640025612795, 640025622899, 10104
640061306463, 640061315322, 8859
640124464876, 640124475757, 10881
640223277539, 640223288879, 11340
640252069308, 640252078200, 8892
640322320250, 640322331245, 10995
640351069931, 640351084286, 14355
640420813527, 640420824507, 10980
640451091635, 640451098961, 7326
640520022146, 640520032145, 9999
640551118998, 640551126828, 7830
640618440859, 640618450066, 9207
640648217382, 640648233894, 16512
640717655907, 640717664616, 8709
640757414331, 640757423574, 9243
640816506599, 640816516418, 9819
640845859368, 640845867627, 8259
640915161970, 640915469890, 307920
640945235026, 640945246276, 11250
641014219587, 641014228545, 8958
641055618991, 641055628438, 9447
641112483136, 641112492049, 8913
641144803099, 641144810563, 7464
641211750338, 641211759572, 9234
641242383339, 641242391505, 8166
641310576384, 641310586083, 9699
641339490237, 641339500629, 10392
641409389786, 641409401201, 11415
641438113309, 641438121592, 8283
641508238408, 641508248878, 10470
641536535701, 641536543015, 7314
641607023002, 641607034057, 11055
641705848469, 641705859326, 10857
641757144927, 641757155976, 11049
641804960319, 641804970045, 9726
641846688549, 641846698248, 9699
641903474634, 641903486967, 12333
641942974309, 641942982991, 8682
642002444177, 642002454134, 9957
642101091236, 642101105624, 14388
642133420786, 642133428751, 7965
642200399812, 642200409733, 9921
642231800343, 642231808494, 8151
642298517251, 642298526272, 9021
642327221812, 642327234406, 12594
642397790178, 642397801344, 11166
642428588706, 642428601294, 12588
642496803699, 642496813314, 9615
642525430726, 642525444004, 13278
642595723299, 642595733214, 9915
642629899243, 642629907787, 8544
642694326153, 642694337031, 10878
642723718855, 642723727453, 8598
642793283804, 642793294163, 10359
642839683503, 642839692254, 8751
642892004416, 642892014280, 9864
642919693670, 642919701581, 7911
642990655438, 642990665113, 9675
643018408219, 643018416370, 8151
643089431048, 643089439169, 8121
643134635910, 643134644355, 8445
643188538640, 643188549854, 11214
643217568286, 643217580688, 12402
643287290691, 643287299631, 8940
643315843866, 643315850973, 7107
643386181957, 643386191869, 9912
643419309366, 643419319176, 9810
643485025413, 643485034263, 8850
643513262869, 643513270825, 7956
643583862137, 643583872478, 10341
643615450472, 643615459778, 9306
643682691069, 643682970081, 279012
643711669463, 643711678958, 9495
643781401000, 643781409853, 8853
643837664245, 643837672795, 8550
643894403182, 643894407562, 4380
643993216712, 643993221590, 4878
644092304092, 644092310983, 6891
644190914348, 644190919472, 5124
644289732945, 644289737469, 4524
644388506044, 644388510775, 4731
644487355387, 644487361021, 5634
644586232022, 644586237401, 5379
644685142511, 644685148586, 6075
644783950966, 644783955328, 4362
644882949692, 644882957408, 7716
644981653064, 644981658887, 5823
645080434617, 645080439102, 4485
645179281104, 645179285697, 4593
645278176474, 645278181130, 4656
645376968542, 645376973945, 5403
645475832284, 645475837075, 4791
645574680664, 645574685779, 5115
645673526667, 645673532790, 6123
645772333643, 645772339196, 5553
645871165560, 645871170819, 5259
645969952157, 645969961913, 9756
646000967429, 646000976783, 9354
646068854118, 646068860568, 6450
646167688875, 646167693696, 4821
646266541868, 646266547529, 5661
646365404510, 646365409811, 5301
646464249942, 646464254904, 4962
646562996755, 646563001435, 4680
646661890214, 646661897981, 7767
646760826930, 646760834070, 7140
646859391357, 646859400221, 8864
646958428698, 646958434566, 5868
647057290112, 647057294978, 4866
647156185950, 647156192763, 6813
647254968834, 647254976601, 7767
647353797771, 647353802700, 4929
647452625761, 647452630522, 4761
647551770278, 647551774895, 4617
647650337251, 647650342153, 4902
647749163819, 647749169132, 5313
647848006414, 647848011829, 5415
647946838279, 647946845599, 7320
648045708177, 648045713586, 5409
648173289192, 648173298795, 9603
648243318854, 648243323573, 4719
648342185968, 648342191035, 5067
648426786870, 648426795243, 8373
648455000862, 648455009082, 8220
648525872505, 648525879171, 6666
648554237417, 648554244479, 7062
648624501560, 648624510323, 8763
648652992063, 648652996122, 4059
648723625934, 648723633010, 7076
648754456392, 648754463745, 7353
648822372779, 648822382535, 9756
648864139873, 648864149071, 9198
648921333458, 648921343034, 9576
648951303846, 648951317766, 13920
649020321750, 649020332746, 10996
649051863072, 649051871163, 8091
649119020362, 649119032785, 12423
649153839048, 649153846482, 7434
649217853170, 649217863949, 10779
649247582245, 649247589469, 7224
649316694819, 649316704869, 10050
649346568395, 649346575460, 7065
649415282616, 649415293377, 10761
649448422364, 649448432771, 10407
649514332152, 649514341833, 9681
649545028069, 649545036184, 8115
649613011499, 649613019368, 7869
649646918042, 649646926259, 8217
649711716838, 649711726525, 9687
649756923959, 649756932377, 8418
649810946911, 649810957153, 10242
649851670224, 649851678735, 8511
649909569199, 649909578151, 8952
649957229768, 649957241867, 12099
650008673673, 650008683498, 9825
650040612787, 650040621910, 9123
650107151986, 650107159657, 7671
650139780353, 650139789233, 8880
650206043391, 650206052226, 8835
650243842953, 650243850942, 7989
650304852263, 650304862430, 10167
650336343176, 650336351771, 8595
650404208128, 650404465936, 257808
650437470044, 650437479323, 9279
650502920667, 650502929811, 9144
650542175582, 650542183235, 7653
650601638749, 650601648682, 9933
650629888951, 650629902562, 13611
650700493444, 650700502231, 8787
650733485545, 650733493408, 7863
650799407346, 650799419409, 12063
650845721128, 650845737355, 16227
650898083860, 650898094702, 10842
650940209585, 650940217580, 7995
650996990116, 650996999620, 9504
651044987830, 651044996803, 8973
651095337567, 651095347491, 9924
651156117975, 651156124749, 6774
651194592302, 651194601569, 9267
651227424588, 651227432733, 8145
651293467030, 651293476099, 9069
651325696096, 651325704091, 7995
651392739770, 651392749058, 9288
651441005603, 651441014531, 8928
651504990470, 651504996440, 5970
651603968899, 651603973756, 4857
651702675364, 651702679606, 4242
651801727027, 651801735400, 8373
651900497121, 651900502068, 4947
651999328609, 651999333205, 4596
652097958897, 652097963568, 4671
652197038708, 652197043358, 4650
652295692495, 652295703994, 11499
652394491740, 652394496090, 4350
652493532607, 652493537677, 5070
652592368844, 652592373341, 4497
652691231625, 652691236134, 4509
652790103000, 652790108229, 5229
652888984291, 652888992880, 8589
652987794769, 652987799509, 4740
653086602527, 653086606916, 4389
653185451499, 653185457877, 6378
653284278407, 653284282823, 4416
653383091991, 653383096278, 4287
653481949588, 653481955771, 6183
653580806963, 653580811892, 4929
653679638521, 653679644170, 5649
653778496332, 653778501492, 5160
653877333943, 653877339163, 5220
653976614251, 653976629191, 14940
654075012943, 654075018493, 5550
654173689692, 654173700168, 10476
654214705884, 654214712307, 6423
654272712406, 654272718079, 5673
654371524370, 654371528858, 4488
654470412043, 654470418046, 6003
654569242522, 654569247001, 4479
654668044682, 654668049305, 4623
654766790779, 654766795534, 4755
654865731810, 654865736301, 4491
654964668276, 654964673805, 5529
655063506525, 655063512396, 5871
655162289499, 655162293882, 4383
655261146337, 655261152145, 5808
655359942642, 655359948126, 5484
655458800812, 655458805870, 5058
655557528520, 655557534751, 6231
655656651543, 655656658305, 6762
655755589793, 655755597377, 7584
655853989156, 655853994379, 5223
655889510708, 655889519681, 8973
655953014126, 655953018818, 4692
656051828052, 656051832663, 4611
656150510491, 656150514694, 4203
656249621154, 656249626455, 5301
656348386257, 656348392569, 6312
656450243334, 656450248785, 5451
656549414074, 656549421622, 7548
656644867880, 656644872158, 4278
656743720806, 656743725717, 4911
656842589177, 656842595051, 5874
656941407985, 656941412782, 4797
657040314770, 657040319561, 4791
657139058814, 657139063899, 5085
657237922378, 657237927229, 4851
657336803902, 657336811078, 7176
657435638949, 657435644814, 5865
657534634233, 657534641628, 7395
657633288820, 657633293572, 4752
657732165254, 657732170267, 5013
657830964212, 657830969495, 5283
657929773723, 657929779864, 6141
658028665120, 658028670103, 4983
658127525685, 658127531538, 5853
658226344126, 658226350156, 6030
658325188699, 658325193739, 5040
658424033271, 658424038206, 4935
658522907883, 658522912680, 4797
658621700583, 658621706172, 5589
658720554200, 658720732550, 178350
658819185750, 658819193550, 7800
658918267863, 658918273026, 5163
659017144026, 659017148799, 4773
659115925331, 659115930350, 5019
659214768109, 659214772657, 4548
659313492738, 659313497403, 4665
659412417319, 659412421825, 4506
659511817989, 659511823872, 5883
659610106202, 659610113177, 6975
659708955823, 659708960686, 4863
659807919417, 659807925078, 5661
659906429067, 659906437503, 8436
660005619980, 660005625377, 5397
660104316144, 660104320389, 4245
660203150690, 660203155397, 4707
660301949112, 660301953600, 4488
660400878711, 660400883418, 4707
660499686053, 660499690406, 4353
660598535188, 660598539859, 4671
660697360560, 660697365495, 4935
660796222704, 660796229733, 7029
660895017455, 660895022105, 4650
660993930825, 660993935253, 4428
661092759987, 661092764784, 4797
661191638629, 661191644569, 5940
661290390022, 661290395512, 5490
661389102231, 661389113808, 11577
661488137726, 661488142643, 4917
661587025442, 661587033848, 8406
661685807343, 661685812647, 5304
661784608247, 661784612846, 4599
661883489124, 661883494458, 5334
661982323125, 661982327793, 4668
662081162844, 662081172474, 9630
662180011651, 662180016526, 4875
662278800848, 662278805315, 4467
662377711150, 662377716460, 5310
662476544399, 662476549088, 4689
662575369137, 662575375110, 5973
662674193451, 662674198980, 5529
662773097559, 662773102794, 5235
662871880105, 662871885898, 5793
662970696828, 662970703695, 6867
663069542363, 663069546773, 4410
663168371111, 663168378332, 7221
663267365407, 663267373369, 7962
663366182172, 663366188235, 6063
663464750429, 663464762183, 11754
663563796813, 663563801514, 4701
663662652674, 663662660786, 8112
663761444333, 663761449712, 5379
663860331259, 663860337244, 5985
663959133345, 663959137584, 4239
664058009564, 664058014400, 4836
664156885164, 664156890930, 5766
664255690137, 664255694601, 4464
664354494509, 664354498790, 4281
664453469745, 664453477140, 7395
664551977207, 664551985859, 8652
664651057404, 664651062848, 5444
664749897308, 664749901925, 4617
664848492046, 664848499465, 7419
664950500624, 664950513647, 13023
665046377732, 665046382154, 4422
665145215650, 665145220012, 4362
665243906498, 665243915870, 9372
665342875552, 665342880922, 5370
665441782248, 665441786790, 4542
664968308379, 664968318246, 9867
665032444022, 665032454738, 10716
665062744610, 665062757615, 13005
665131255433, 665131266656, 11223
665160942022, 665160950692, 8670
665229964917, 665229972837, 7920
665268690872, 665268702953, 12081
665328948857, 665328959855, 10998
665359046122, 665359053586, 7464
665427790403, 665427799793, 9390
665458054928, 665458067255, 12327
665529683682, 665529692550, 8868
665559027655, 665559038242, 10587
665625795604, 665625805567, 9963
665655364590, 665655373458, 8868
665724338654, 665724349592, 10938
665753933521, 665753946712, 13191
665823142641, 665823152523, 9882
665852023481, 665852032097, 8616
665921422928, 665921432540, 9612
665951704191, 665951717037, 12846
666020845150, 666020854234, 9084
666046378432, 666046382674, 4242
666119508561, 666119516985, 8424
666151790810, 666151798733, 7923
666218173175, 666218182040, 8865
666251729058, 666251738604, 9546
666317883976, 666317894905, 10929
666346568883, 666346576776, 7893
666416520826, 666416530078, 9252
666515194009, 666515200222, 6213
666557755495, 666557767375, 11880
666613861000, 666613871734, 10734
666642613975, 666642621889, 7914
666712698182, 666712707230, 9048
666745935893, 666745942847, 6954
666811567616, 666811579409, 11793
666840574497, 666840583149, 8652
666910420252, 666910431505, 11253
666948427827, 666948437037, 9210
667009257456, 667009269036, 11580
667108107661, 667108117945, 10284
667139995444, 667140003028, 7584
667206933479, 667206944270, 10791
667237729026, 667237738458, 9432
667305733674, 667305743580, 9906
667363706695, 667363714702, 8007
667404608353, 667404618913, 10560
667432617347, 667432625375, 8028
667503502524, 667503512478, 9954
667546388049, 667546397835, 9786
667602205428, 667602215274, 9846
667630740734, 667630748198, 7464
667701183323, 667701192965, 9642
667730864950, 667730871901, 6951
667799766989, 667799773985, 6996
667836078387, 667836090060, 11673
667898850443, 667898861885, 11442
667927913677, 667927921234, 7557
667997682749, 667997693990, 11241
668039058909, 668039065683, 6774
668096506677, 668096517915, 11238
668126106653, 668126117378, 10725
668195557127, 668195573672, 16545
668240612683, 668240622775, 10092
668294215115, 668294224439, 9324
668337302580, 668337314355, 11775
668393255615, 668393265797, 10182
668424713277, 668424721572, 8295
668491895321, 668491906256, 10935
668523229188, 668523236835, 7647
668590742281, 668590752556, 10275
668619638796, 668619655611, 16815
668689590884, 668689599878, 8994
668718892576, 668718898981, 6405
668788583518, 668788592032, 8514
668830532771, 668830541879, 9108
668887257528, 668887267500, 9972
668918839989, 668918849865, 9876
668986292240, 668986300712, 8472
669017607376, 669017616718, 9342
669084899405, 669084908519, 9114
669114756421, 669114764362, 7941
669183941053, 669183950809, 9756
669223381621, 669223390921, 9300
669282488887, 669282498376, 9489
669327949559, 669327961979, 12420
669381460150, 669381470896, 10746
669411905731, 669411918688, 12957
669480588726, 669480599100, 10374
669524564000, 669524572292, 8292
669579112759, 669579121741, 8982
669605869264, 669605880184, 10920
669677988999, 669677999970, 10971
669709487229, 669709494696, 7467
669777009757, 669777019066, 9309
669806742791, 669806756768, 13977
669875678342, 669875688830, 10488
669905281845, 669905289486, 7641
669974881608, 669974893797, 12189
670020803661, 670020812118, 8457
670073405879, 670073416331, 10452
670124468582, 670124477333, 8751
670171954840, 670171965397, 10557
670202034572, 670202041895, 7323
670270745514, 670270755396, 9882
670323615620, 670323630023, 14403
670369437268, 670369446085, 8817
670403247544, 670403255233, 7689
670468675803, 670468687290, 11487
670505128737, 670505139087, 10350
670568009623, 670568019193, 9570
670616616132, 670616625837, 9705
670666388771, 670666399214, 10443
670706896788, 670706904369, 7581
670765290324, 670765299291, 8967
670803899466, 670803907722, 8256
670864106846, 670864117487, 10641
670916109598, 670916117941, 8343
670962921060, 670962931380, 10320
670993139177, 670993146557, 7380
671061778578, 671061787647, 9069
671093741892, 671093750247, 8355
671160489348, 671160495765, 6417
671194973911, 671194981783, 7872
671259356854, 671259368274, 11420
671295574107, 671295583170, 9063
671358264860, 671358274937, 10077
671400524915, 671400533852, 8937
671457120127, 671457129682, 9555
671490375818, 671490383063, 7245
671555588331, 671555595666, 7335
671587538871, 671587545879, 7008
671654675383, 671654686660, 11277
671691228365, 671691237722, 9357
671753681153, 671753690627, 9474
671784731727, 671784738861, 7134
671852512485, 671852522934, 10449
671887607788, 671887616824, 9036
671951342073, 671951351592, 9519
671990204297, 671990213621, 9324
672050175201, 672050186307, 11106
672084372683, 672084381509, 8826
672149037178, 672149047861, 10683
672179513414, 672179521862, 8448
672247862955, 672247873611, 10656
672276608738, 672276616328, 7590
672346729042, 672346739500, 10458
672376824863, 672376832762, 7899
672445509943, 672445520029, 10086
672481709689, 672481722415, 12726
672544362115, 672544372474, 10359
672587920764, 672587927892, 7128
672643075157, 672643083701, 8544
672676447752, 672676459425, 11673
672742394872, 672742407430, 12558
672781938979, 672781946515, 7536
672841028871, 672841045206, 16335
672882507993, 672882517884, 9891
672939428539, 672939435322, 6783
672975336017, 672975343700, 7683
673038255480, 673038267099, 11619
673079321301, 673079329560, 8259
673137498770, 673137509189, 10419
673169100265, 673169108278, 8013
673236279232, 673236289258, 10026
673267358651, 673267366079, 7428
673335117659, 673335127487, 9828
673371560077, 673371568960, 8883
673433951487, 673433962233, 10746
673468096316, 673468108460, 12144
673532848260, 673532858427, 10167
673561451588, 673561459199, 7611
673631617812, 673631628903, 11091
673664606785, 673664614909, 8124
673730496577, 673730505988, 9411
673762440039, 673762448958, 8919
673829361787, 673829371633, 9846
673872190740, 673872199452, 8712
673928273773, 673928284603, 10830
673972315544, 673972324517, 8973
674026980299, 674026992094, 11795
674058187653, 674058196677, 9024
674125858849, 674125870096, 11247
674157597123, 674157604584, 7461
674224680045, 674224690590, 10545
674256213957, 674256222468, 8511
674323416780, 674323426716, 9936
674363564479, 674363575516, 11037
674422066388, 674422076378, 9990
674460938231, 674460953204, 14973
674521190230, 674521201459, 11229
674549506733, 674549513735, 7002
674620031097, 674620041480, 10383
674648945721, 674648953812, 8091
674718898727, 674718908042, 9315
674754594062, 674754603068, 9006
674817738536, 674817749327, 10791
674847976303, 674847983542, 7239
674916685181, 674916699311, 14130
674961713314, 674961721744, 8430
675015399312, 675015408849, 9537
675056056923, 675056065605, 8682
675114238427, 675114250193, 11766
675148053425, 675148061192, 7767
675213100879, 675213111055, 10176
675244944012, 675244951164, 7152
675311928521, 675311939216, 10695
675347919543, 675347929023, 9480
675410708494, 675410719051, 10557
675443070699, 675443077194, 6495
675509604264, 675509615421, 11157
675540623652, 675540632388, 8736
675608265339, 675608274525, 9186
675707302545, 675707312184, 9639
675738121356, 675738130359, 9003
675806145148, 675806155195, 10047
675839496991, 675839504902, 7911
675904999265, 675905010005, 10740
675935834110, 675935844706, 10596
676003823051, 676003832822, 9771
676047519034, 676047528517, 9483
676102659996, 676102669281, 9285
676136813589, 676136821731, 8142
676201525527, 676201535490, 9963
676240083917, 676240096619, 12702
676300584239, 676300592522, 8283
676335650812, 676335658951, 8139
676399412336, 676399422209, 9873
676429131758, 676429146467, 14709
676498042592, 676498051823, 9231
676540343060, 676540351472, 8412
676597179949, 676597191772, 11823
676640004778, 676640013562, 8784
676695734603, 676695744749, 10146
676725232345, 676725240724, 8379
676794541590, 676794551661, 10071
676824964413, 676824972591, 8178
676893434475, 676893444936, 10461
676921394818, 676921403743, 8925
676992247494, 676992257469, 9975
677019437726, 677019445457, 7731
677091089160, 677091098700, 9540
677126651176, 677126663434, 12258
677189914163, 677189924900, 10737
677218595604, 677218602843, 7239
677288787055, 677288795716, 8661
677317152201, 677317163874, 11673
677387593898, 677387604191, 10293
677415613503, 677415621696, 8193
677486554644, 677486566251, 11607
677531066242, 677531077138, 10896
677585543850, 677585650367, 106517
677615685371, 677615694122, 8751
677683608146, 677683615496, 7350
677716986811, 677716995142, 8331
677782612337, 677782622684, 10347
677813385790, 677813394295, 8505
677881774917, 677881787565, 12648
677924157020, 677924166335, 9315
677980674489, 677980685160, 10671
678011762004, 678011770455, 8451
678079315842, 678079326234, 10392
678122490725, 678122500034, 9309
678178345612, 678178356355, 10743
678207773310, 678207783789, 10479
678277001529, 678277011096, 9567
678319930355, 678319939514, 9159
678376137694, 678376149433, 11739
678428630169, 678428643864, 13695
678474575505, 678474582180, 6675
678504453285, 678504461244, 7959
678573753174, 678573763668, 10494
678618800714, 678618809480, 8766
678672227690, 678672232709, 5019
678771404832, 678771415263, 10431
678801432596, 678801440051, 7455
678870261348, 678870270126, 8778
678915561071, 678915570872, 9801
678969263684, 678969273524, 9840
678999407359, 678999414655, 7296
679067900290, 679067910289, 9999
679105870726, 679105880362, 9636
679166797417, 679166805784, 8367
679199111388, 679199122326, 10938
679265429715, 679265438475, 8760
679294397941, 679294407196, 9255
679364456060, 679364466947, 10887
679405913641, 679405923337, 9696
679463469705, 679463480571, 10866
679507584164, 679507592642, 8478
679561767447, 679561776579, 9132
679597642349, 679597650491, 8142
679660974119, 679660984316, 10197
679690855833, 679690863807, 7974
679759824023, 679759836245, 12222
679790348622, 679790361504, 12882
679858483871, 679858492859, 8988
679897693600, 679897702171, 8571
679957808595, 679957817268, 8673
679996665337, 679996673548, 8211
680056703469, 680056712856, 9387
680086492323, 680086500069, 7746
680155179197, 680155188104, 8907
680189968297, 680189977546, 9249
680254002761, 680254013366, 10605
680294465283, 680294479533, 14250
680352831663, 680352841221, 9558
680383395826, 680383404667, 8841
680451531472, 680451543088, 11616
680484150147, 680484158409, 8262
680550529620, 680550540705, 11085
680580132582, 680580141666, 9084
680649261844, 680649272647, 10803
680680010003, 680680096643, 86640
680748448354, 680748458263, 9909
680778980242, 680778996844, 16602
680847300679, 680847309664, 8985
680876787584, 680876795204, 7620
680946486285, 680946492615, 6330
680976283734, 680976296553, 12819
681044567791, 681044578138, 10347
681075634470, 681075642237, 7767
681143549813, 681143560529, 10716
681174610630, 681174621838, 11208
681242755643, 681242769266, 13623
681289461775, 681289469233, 7458
681341245372, 681341254993, 9621
681378626794, 681378634891, 8097
681439794661, 681439803796, 9135
681481886774, 681481896671, 9897
681538918699, 681538928821, 10122
681569691155, 681569700524, 9369
681637810443, 681637821411, 10968
681668239901, 681668248550, 8649
681736645981, 681736656580, 10599
681782664466, 681782680741, 16275
681835496319, 681835506111, 9792
681864345497, 681864357059, 11562
681934342166, 681934352894, 10728
681962912837, 681962924759, 11922
682033768767, 682033780713, 11946
682062686688, 682062693834, 7146
682131916641, 682131926601, 9960
682161822325, 682161833056, 10731
682230781561, 682230791962, 10401
682268711281, 682268718418, 7137
682329575645, 682329584417, 8772
682359279755, 682359286928, 7173
682428610793, 682428624707, 13914
682464012476, 682464020525, 8049
682527596606, 682527612266, 15660
682570086759, 682570094721, 7962
682626292939, 682626303271, 10332
682655288105, 682655300966, 12861
682724631235, 682724640457, 9222
682755328752, 682755343329, 14577
682824264434, 682824273902, 9468
682865198560, 682865207278, 8718
682922734646, 682922744309, 9663
682961584304, 682961593076, 8772
683021559663, 683021569641, 9978
683048934513, 683048942130, 7617
683120371287, 683120382198, 10911
683152545087, 683152554159, 9072
683219467014, 683219476299, 9285
683248556600, 683248563578, 6978
683318112529, 683318121676, 9147
683355147332, 683355157769, 10437
683416934984, 683416946480, 11496
683446019322, 683446030956, 11634
683515785419, 683515795097, 9678
683544488531, 683544497942, 9411
683614822804, 683614831876, 9072
683657253238, 683657262457, 9219
683713654109, 683713663109, 9000
683743266048, 683743274547, 8499
683812306450, 683812315822, 9372
683842272065, 683842280702, 8637
683911159451, 683911170083, 10632
683954594709, 683954602341, 7632
684009888252, 684009899796, 11544
684047105015, 684047113505, 8490
684108826095, 684108836607, 10512
684137995679, 684138003548, 7869
684207657530, 684207668021, 10491
684236655882, 684236667165, 11283
684306750894, 684306761226, 10332
684405021792, 684405030822, 9030
684434459778, 684434468301, 8523
684504542065, 684504553819, 11754
684549244008, 684549254790, 10782
684602728421, 684602736587, 8166
684634282575, 684634289949, 7374
684701881828, 684701892319, 10491
684732187747, 684732195391, 7644
684800405722, 684800414698, 8976
684856180763, 684856190663, 9900
684899403897, 684899416137, 12240
684944491775, 684944502404, 10629
684998401594, 684998412508, 10914
685026447554, 685026455606, 8052
685097237092, 685097246377, 9285
685133787711, 685133804940, 17229
685196089115, 685196099237, 10122
685224465002, 685224473027, 8025
685294922455, 685294932037, 9582
685323026394, 685323034581, 8187
685393757233, 685393767511, 10278
685424547715, 685424555173, 7458
685492611932, 685492621898, 9966
685521275170, 685521282769, 7599
685591457465, 685591466315, 8850
685623371275, 685623379879, 8604
685690295861, 685690306796, 10935
685721809115, 685721816954, 7839
685789136910, 685789146753, 9843
685818053987, 685818062003, 8016
685887987691, 685887997240, 9549
685919332551, 685919342073, 9522
685986821836, 685986830941, 9105
686015640946, 686015649832, 8886
686085165805, 686085201203, 35398
686117807818, 686117816044, 8226
686184489059, 686184498392, 9333
686215141256, 686215149272, 8016
686283167553, 686283176502, 8949
686313527523, 686313534783, 7260
686382103319, 686382112670, 9351
686480867304, 686480875080, 7776
686510948311, 686510955574, 7263
686579843334, 686579853714, 10380
686613202401, 686613209961, 7560
686678673670, 686678684053, 10383
686706061652, 686706069653, 8001
686777590537, 686777600446, 9909
686807348490, 686807355876, 7386
686876398713, 686876410929, 12216
686906972000, 686906980829, 8829
686975243121, 686975253543, 10422
687016531641, 687016539804, 8163
687074077639, 687074087851, 10212
687115488804, 687115496721, 7917
687172907684, 687172919198, 11514
687204552852, 687204563790, 10938
687271737746, 687271747106, 9360
687302002599, 687302011071, 8472
687370583843, 687370592915, 9072
687403354504, 687403362814, 8310
687469436254, 687469446523, 10269
687500496100, 687500504353, 8253
687568280014, 687568290304, 10290
687598629866, 687598637900, 8034
687667120627, 687667130827, 10200
687706835342, 687706848527, 13185
687765962248, 687765973099, 10851
687797433534, 687797441724, 8190
687864825524, 687864836990, 11466
687963640636, 687963649477, 8841
688009777508, 688009786616, 9108
688062518357, 688062532403, 14046
688101163927, 688101171832, 7905
688161321510, 688161331674, 10164
688260177382, 688260186952, 9570
688296848340, 688296857175, 8835
688359000394, 688359010096, 9702
688394828647, 688394836633, 7986
688457832724, 688457843110, 10386
688490460357, 688490469219, 8862
688556479747, 688556490827, 11080
688596240333, 688596249705, 9372
688655332219, 688655340664, 8445
688702886586, 688702895589, 9003
688754413610, 688754427173, 13563
688788318179, 688788326123, 7944
688853531137, 688853545513, 14376
688892406969, 688892414286, 7317
688952105662, 688952116771, 11109
688991930563, 688991940055, 9492
689050953857, 689050961537, 7680
689087021524, 689087030455, 8931
689149775562, 689149785186, 9624
689184223620, 689184233091, 9471
689248306131, 689248317975, 11844
689286926479, 689286934660, 8181
689347458714, 689347467960, 9246
689380407934, 689380416493, 8559
689446219622, 689446229978, 10356
689481284775, 689481296019, 11244
689545109658, 689545118496, 8838
689583936729, 689583951939, 15210
689643951027, 689643960462, 9435
689683797014, 689683805360, 8346
689742770650, 689742780097, 9447
689777049263, 689777058434, 9171
689841658888, 689841668959, 10071
689872180029, 689872188417, 8388
689940477997, 689940487726, 9729
690039326501, 690039335825, 9324
690070952080, 690070964056, 11976
690138141838, 690138151768, 9930
690173312519, 690173321450, 8931
690236920498, 690236928790, 8292
690281001414, 690281013102, 11688
690335690272, 690335701453, 11181
690365987649, 690365996019, 8370
690434539021, 690434549797, 10776
690480413521, 690480423829, 10308
690533530781, 690533542448, 11667
690579126792, 690579152580, 25788
690632057370, 690632067201, 9831
690680174410, 690680185006, 10596
690731182660, 690731193076, 10416
690781054025, 690781062080, 8055
690830066012, 690830081408, 15396
690871525163, 690871534748, 9585
690928849195, 690928859776, 10581
691027452071, 691027459019, 6948
691072116431, 691072123742, 7311
691126840490, 691126848632, 8142
691164583593, 691164592212, 8619
691225385195, 691225394582, 9387
691260856322, 691260864281, 7959
691338295241, 691338303335, 8094
691437083219, 691437090083, 6864
691535631604, 691535636062, 4458
691634770562, 691634775827, 5265
691733616088, 691733621677, 5589
691832398284, 691832403870, 5586
691931188102, 691931192521, 4419
692030038016, 692030043356, 5340
692128998679, 692129004112, 5433
692227801763, 692227807487, 5724
692326694284, 692326699630, 5346
692425218305, 692425226522, 8217
692510022919, 692510029072, 6153
692543865567, 692543874120, 8553
692609196675, 692609206527, 9852
692636649194, 692636656910, 7716
692707998682, 692708008942, 10260
692747775341, 692747784431, 9090
692806849199, 692806859036, 9837
692837063281, 692837072953, 9672
692905687684, 692905698068, 10384
692939014750, 692939024908, 10158
693004553400, 693004562847, 9447
693034884521, 693034893014, 8493
693103453933, 693103464166, 10233
693146919742, 693146934328, 14586
693202179040, 693202188136, 9096
693232599230, 693232606556, 7326
693301039114, 693301049299, 10185
693330258071, 693330266813, 8742
693399891914, 693399901619, 9705
693432784152, 693432793770, 9618
693498770848, 693498779608, 8760
693527388703, 693527397070, 8367
693597604839, 693597614385, 9546
693642947274, 693642955797, 8523
693696431695, 693696442057, 10362
693725307001, 693725315209, 8208
693794659730, 693794664665, 4935
693835886600, 693835894655, 8055
693894097217, 693894106226, 9009
693936110544, 693936119052, 8508
693992963600, 693992972219, 8619
694033626144, 694033634841, 8697
694091540361, 694091548521, 8160
694126654365, 694126662432, 8067
694190667680, 694190676638, 8958
694220975307, 694220988969, 13662
694289271305, 694289280578, 9273
694332435552, 694332448731, 13179
694388053459, 694388058103, 4644
694420792152, 694420800270, 8118
694487196671, 694487210768, 14097
694515523726, 694515531484, 7758
694585623167, 694585629134, 5967
694623798386, 694623806468, 8082
694684902087, 694684912410, 10323
694713966940, 694713976033, 9093
694783663804, 694783674268, 10464
694816747689, 694816756110, 8421
694882268057, 694882278749, 10692
694928541483, 694928557251, 15768
694981191653, 694981201424, 9771
695010195655, 695010204418, 8763
695080195826, 695080206623, 10797
695112582751, 695112590917, 8166
695178998570, 695179009646, 11076
695210708477, 695210720921, 12444
695277866579, 695277877826, 11247
695309447001, 695309458494, 11493
695376707722, 695376718528, 10806
695414599236, 695414608506, 9270
695475553171, 695475562783, 9612
695504358624, 695504366244, 7620
695574400153, 695574410014, 9861
695621403864, 695621412078, 8214
695673233341, 695673268747, 35406
695701248425, 695701256480, 8055
695771846968, 695771856562, 9594
695811458754, 695811467730, 8976
695870913940, 695870925415, 11475
695904059647, 695904067012, 7365
695969816249, 695969827709, 11460
695998693428, 695998704756, 11328
696068616662, 696068627336, 10674
696097624570, 696097633426, 8856
696167606880, 696167625765, 18885
696196668161, 696196676627, 8466
696266270248, 696266281080, 10832
696306008763, 696306017961, 9198
696364785372, 696364795254, 9882
696396616968, 696396630519, 13551
696463981876, 696463993138, 11262
696494853592, 696494865976, 12384
696562807232, 696562818503, 11271
696592201042, 696592209583, 8541
696661674677, 696661685474, 10797
696695780198, 696695788901, 8703
696760435501, 696760446712, 11211
696791253701, 696791262116, 8415
696859357715, 696859369565, 11850
696887360104, 696887368165, 8061
696958187924, 696958199627, 11703
696996202528, 696996210643, 8115
697057017986, 697057028099, 10113
697099410034, 697099418440, 8406
697155860589, 697155871146, 10557
697197752803, 697197762577, 9774
697254847333, 697254863200, 15867
697285055589, 697285063611, 8022
697353646046, 697353655781, 9735
697399140344, 697399148903, 8559
697452290961, 697452300903, 9942
697483920912, 697483928454, 7542
697551217663, 697551227443, 9780
697581954703, 697581962518, 7815
697650079668, 697650089337, 9669
697682951262, 697682960796, 9534
697748929134, 697748939106, 9972
697781095610, 697781104403, 8793
697847805453, 697847815617, 10164
697878231252, 697878238620, 7368
697946542412, 697946551175, 8763
697980276429, 697980285528, 9099
698045457875, 698045467844, 9969
698074285129, 698074298188, 13059
698144318551, 698144329093, 10542
698184369366, 698184376983, 7617
698242924409, 698242938893, 14484
698279642998, 698279651362, 8364
698341907906, 698341926731, 18825
698373672622, 698373681127, 8505
698440944268, 698440959949, 15681
698473375868, 698473385462, 9594
698540068146, 698540082402, 14256
698575321073, 698575328918, 7845
698638515382, 698638524778, 9396
698669034756, 698669044833, 10077
698737554115, 698737563244, 9129
698778464076, 698778472278, 8202
698836170075, 698836180992, 10917
698869428864, 698869438818, 9954
698934950451, 698934960513, 10062
698966431556, 698966439299, 7743
699033819179, 699033829742, 10563
699073224107, 699073232111, 8004
699132690256, 699132701056, 10800
699173611133, 699173620556, 9423
699231520853, 699231532169, 11316
699261141127, 699261151348, 10221
699330327894, 699330338502, 10608
699361600711, 699361612441, 11730
699429434961, 699429444765, 9804
699458346894, 699458355597, 8703
699528206279, 699528216530, 10251
699565740957, 699565749357, 8400
699627441954, 699627453579, 11625
699659008675, 699659016811, 8136
699725707144, 699725717827, 10683
699767735361, 699767745387, 10026
699824875200, 699824882877, 7677
699857511187, 699857519155, 7968
699923632613, 699923642036, 9423
699963902969, 699963914864, 11895
700022426042, 700022437496, 11454
700069204158, 700069212900, 8742
700121293159, 700121302210, 9051
700176131944, 700176150298, 18354
700233888970, 700233893742, 4772
700332735065, 700332739940, 4875
700431354913, 700431363286, 8373
700530204019, 700530211876, 7857
700629277474, 700629282907, 5433
700728141839, 700728147413, 5574
700826935630, 700826940244, 4614
700925977072, 700925981856, 4784
701024733529, 701024738404, 4875
701123407511, 701123412155, 4644
701222298710, 701222304086, 5376
701321144266, 701321150071, 5805
701419794818, 701419802027, 7209
701518892718, 701518896996, 4278
701617664721, 701617669965, 5244
701716529141, 701716533758, 4617
701815405700, 701815411241, 5541
701914222434, 701914226907, 4473
702013004732, 702013009433, 4701
702111955972, 702111963109, 7137
702210744659, 702210749225, 4566
702309558473, 702309562913, 4440
702408211871, 702408217646, 5775
702507266555, 702507272414, 5859
702606077177, 702606083165, 5988
702704891584, 702704897173, 5589
702803819637, 702803825619, 5982
702902616043, 702902620870, 4827
703001442260, 703001448638, 6378
703100128462, 703100139538, 11076
703199177318, 703199183273, 5955
703231724852, 703231731926, 7074
703297937497, 703297942177, 4680
703396800714, 703396807668, 6954
703495641822, 703495648347, 6525
703594508367, 703594512927, 4560
703693436339, 703693442051, 5712
703792163225, 703792167764, 4539
703891914628, 703891919884, 5256
703989855382, 703989859924, 4542
704088657851, 704088663458, 5607
704187406542, 704187411201, 4659
704286327401, 704286332108, 4707
704385237990, 704385243513, 5523
704484050464, 704484055195, 4731
704582966020, 704582971492, 5472
704683079044, 704683084159, 5115
704780392385, 704780401268, 8883
704879446977, 704879451678, 4701
704978421453, 704978433450, 11997
705077153985, 705077160783, 6798
705175982110, 705175986943, 4833
705274822697, 705274828190, 5493
705373608140, 705373613006, 4866
705472505387, 705472510643, 5256
705571341465, 705571346304, 4839
705670134624, 705670139586, 4962
705769029665, 705769035170, 5505
705867809648, 705867814544, 4896
705966658508, 705966663017, 4509
706065629285, 706065634733, 5448
706164364704, 706164372324, 7620
706263193030, 706263197944, 4914
706291376464, 706291384930, 8466
706362073124, 706362077549, 4425
706460717372, 706460727728, 10356
706559759206, 706559765752, 6546
706658559830, 706658564579, 4749
706757436216, 706757442372, 6156
706856468933, 706856477408, 8475
706955115509, 706955121371, 5862
707053925038, 707053930219, 5181
707152834744, 707152839766, 5022
707251613025, 707251617597, 4572
707350404434, 707350412192, 7758
707449352110, 707449357891, 5781
707548113750, 707548118364, 4614
707647022067, 707647026906, 4839
707745853106, 707745858146, 5040
707844751610, 707844757268, 5658
707943721510, 707943726382, 4872
708042374843, 708042379538, 4695
708141220796, 708141225620, 4824
708240075965, 708240080540, 4575
708338867108, 708338872109, 5001
708437531627, 708437537999, 6372
708536574704, 708536579018, 4314
708635421891, 708635426892, 5001
708734140586, 708734145188, 4602
708833078770, 708833084230, 5460
708932143984, 708932155783, 11799
709030780889, 709030786010, 5121
709129638438, 709129643184, 4746
709228465534, 709228470319, 4785
709327343757, 709327349679, 5922
709366194823, 709366203673, 8850
709426140836, 709426145462, 4626
709525012439, 709525017080, 4641
709623841357, 709623845977, 4620
709722441668, 709722448901, 7233
709754966393, 709754975870, 9477
709821525026, 709821529472, 4446
709920393785, 709920399017, 5232
710019212559, 710019217359, 4800
710118060479, 710118066143, 5664
710216956350, 710216961750, 5400
710315858905, 710315865805, 6900
710414543223, 710414548284, 5061
710513173348, 710513181025, 7677
710612239321, 710612245192, 5871
710711062463, 710711067557, 5094
710809749451, 710809762228, 12777
710908686202, 710908691281, 5079
711007614313, 711007619344, 5031
711106470821, 711106476479, 5658
711205275511, 711205281142, 5631
711304477950, 711304485609, 7659
711402986281, 711402990652, 4371
711501917473, 711501922639, 5166
711600595489, 711600600271, 4782
711699510888, 711699516198, 5310
711798407692, 711798412066, 4374
711897187560, 711897192318, 4758
711996017170, 711996021796, 4626
712094885797, 712094890909, 5112
712193528749, 712193542456, 13707
712292598736, 712292604400, 5664
712391410533, 712391415084, 4551
712419106725, 712419113052, 6327
712489981196, 712489987028, 5832
712589050618, 712589055922, 5304
712687719621, 712687723929, 4308
712786775888, 712786780814, 4926
712885740328, 712885745095, 4767
712984435736, 712984440626, 4890
713083313227, 713083319857, 6630
713182087171, 713182092583, 5412
713280777015, 713280784566, 7551
713379776487, 713379781422, 4935
713478670494, 713478674877, 4383
713577466065, 713577470604, 4539
713676294470, 713676299237, 4767
713775329914, 713775339415, 9501
713874011243, 713874016694, 5451
713972829812, 713972834543, 4731
714071727997, 714071733499, 5502
714170481932, 714170487311, 5379
714269359619, 714269364578, 4959
714368211571, 714368215921, 4350
714467079906, 714467085351, 5445
714565884108, 714565888644, 4536
714664561246, 714664572073, 10827
714763545118, 714763550404, 5286
714862392039, 714862399500, 7461
714961276650, 714961281780, 5130
715060099688, 715060104248, 4560
715158872596, 715158877249, 4653
715257730278, 715257735180, 4902
715356649810, 715356655681, 5871
715456331427, 715456336560, 5133
715554313165, 715554317992, 4827
715653186886, 715653191371, 4485
715752058495, 715752064327, 5832
715836565006, 715836573286, 8280
715863274910, 715863283082, 8172
715935690471, 715935697809, 7338
715970907988, 715970917758, 9770
716034244627, 716034253783, 9156
716072692964, 716072702432, 9468
716133402895, 716133412627, 9732
716177709891, 716177717544, 7653
716232243651, 716232252261, 8610
716331150515, 716331160556, 10041
716376124551, 716376134073, 9522
716429637338, 716429643560, 6222
716465377576, 716465385523, 7947
716528772990, 716528782917, 9927
716574231170, 716574239273, 8103
716627605946, 716627615969, 10023
716666704270, 716666712484, 8214
716726203711, 716726215090, 11379
716771647387, 716771656354, 8967
716825263630, 716825278720, 15090
716873236170, 716873244141, 7971
716924101480, 716924109697, 8217
716963852532, 716963861163, 8631
717022913054, 717022922987, 9933
717057669538, 717057678007, 8469
717121825864, 717121835662, 9798
717152942054, 717152949782, 7728
717220462804, 717220471087, 8283
717262762841, 717262777790, 14949
717319474913, 717319485686, 10773
717360535415, 717360546737, 11322
717418253071, 717418267579, 14508
717452339242, 717452348434, 9192
717517172962, 717517183759, 10797
717557345132, 717557357021, 11889
717615986884, 717615997543, 10659
717651194800, 717651202735, 7935
717714853132, 717714864181, 11049
717750194835, 717750201888, 7053
717813674080, 717813684697, 10617
717848423852, 717848432012, 8160
717912604844, 717912613874, 9030
717943614898, 717943623040, 8142
718011392131, 718011401995, 9864
718047133374, 718047140997, 7623
718110292698, 718110303942, 11244
718153523690, 718153533578, 9888
718208910786, 718208954762, 43976
718252477115, 718252486697, 9582
718307743279, 718307750119, 6840
718347948137, 718347956849, 8712
718406549188, 718406558788, 9600
718444220783, 718444229543, 8760
718505509581, 718505516871, 7290
718604479993, 718604490676, 10683
718649783588, 718649791913, 8325
718703437856, 718703451125, 13269
718751147640, 718751155884, 8244
718802368840, 718802377600, 8760
718834532001, 718834546749, 14748
718900768678, 718900775851, 7173
718942470327, 718942479048, 8721
719000118075, 719000132460, 14385
719050760582, 719050769678, 9096
719098796856, 719098808139, 11283
719132118573, 719132133558, 14985
719197761289, 719197769551, 8262
719245628663, 719245637894, 9231
719296320736, 719296331098, 10362
719347230625, 719347240108, 9483
719395155744, 719395166160, 10416
719434407813, 719434417929, 10116
719494015292, 719494024259, 8967
719528169687, 719528179368, 9681
719592862356, 719592870582, 8226
719634481643, 719634498311, 16668
719691683159, 719691692804, 9645
719725110420, 719725126245, 15825
719790730606, 719790739903, 9297
719835532590, 719835541830, 9240
719889371804, 719889382391, 10587
719922431219, 719922438398, 7179
719987882027, 719987893013, 10986
720029345766, 720029363064, 17298
720087041562, 720087052449, 10887
720122128602, 720122136903, 8301
720185902633, 720185910877, 8244
720218398636, 720218405473, 6837
720284697815, 720284706863, 9048
720316598829, 720316629990, 31161
720383316201, 720383321994, 5793
720420798224, 720420806933, 8709
720482345829, 720482355528, 9699
720525262295, 720525270851, 8556
720581227460, 720581236445, 8985
720610258912, 720610266283, 7371
720680314494, 720680324421, 9927
720722825090, 720722837117, 12027
720778940570, 720778950227, 9657
720811465141, 720811472344, 7203
720877832771, 720877839686, 6915
720909627236, 720909634961, 7725
720976709103, 720976718499, 9396
721009222154, 721009230374, 8220
721075447278, 721075456875, 9597
721106856612, 721106868423, 11811
721174308100, 721174317571, 9471
721204381642, 721204389454, 7812
721273155147, 721273164678, 9531
721305013255, 721305029029, 15774
721372279060, 721372295408, 16348
721404021137, 721404028202, 7065
721470943358, 721470951695, 8337
721503194867, 721503208298, 13431
721569817275, 721569827406, 10131
721669031457, 721669040757, 9300
721722681004, 721722689806, 8802
721767624602, 721767634340, 9738
721812087705, 721812097299, 9594
721866180586, 721866190768, 10182
721906648781, 721906656902, 8121
721964811681, 721964818053, 6372
722001301981, 722001310003, 8022
722063862203, 722063873054, 10851
722094593697, 722094609363, 15666
722162455089, 722162466237, 11148
722212203634, 722212213705, 10071
722261530583, 722261540120, 9537
722294221803, 722294228466, 6663
722360239556, 722360249585, 10029
722408233906, 722408252647, 18741
722459225771, 722459233283, 7512
722496105793, 722496114043, 8250
722558230417, 722558245522, 15105
722608394183, 722608401788, 7605
722656744183, 722656753159, 8976
722707180871, 722707189415, 8544
722755513423, 722755521373, 7950
722810708128, 722810719756, 11628
722868353533, 722868358537, 5004
722967378859, 722967383344, 4485
723066205336, 723066209593, 4257
723164892275, 723164906549, 14274
723264047809, 723264053986, 6177
723362769267, 723362774385, 5118
723462429358, 723462434134, 4776
723560457197, 723560462150, 4953
723659297550, 723659302125, 4575
723758191135, 723758198539, 7404
723856929984, 723856934796, 4812
723955818579, 723955824084, 5505
724054650946, 724054656199, 5253
724153497502, 724153503025, 5523
724252336892, 724252342004, 5112
724351179503, 724351186022, 6519
724450039304, 724450045970, 6666
724548853103, 724548857831, 4728
724647526349, 724647537452, 11103
724681944638, 724681951400, 6762
724746549211, 724746553597, 4386
724845450513, 724845456429, 5916
724944056742, 724944060912, 4170
725043049932, 725043054426, 4494
725141917378, 725141921761, 4383
725240758800, 725240763255, 4455
725339530642, 725339538142, 7500
725438384985, 725438390436, 5451
725537279735, 725537284223, 4488
725636145242, 725636150435, 5193
725734970965, 725734976215, 5250
725833826802, 725833831248, 4446
725932598097, 725932602510, 4413
726031599523, 726031605292, 5769
726130156586, 726130161545, 4959
726228991987, 726229005460, 13473
726327994631, 726328000094, 5463
726426851428, 726426856735, 5307
726525613845, 726525618900, 5055
726624512384, 726624519371, 6987
726723370466, 726723375371, 4905
726822274903, 726822279949, 5046
726920980442, 726920987954, 7512
727019893136, 727019898047, 4911
727118692888, 727118698258, 5370
727217569005, 727217573925, 4920
727316373521, 727316378015, 4494
727415374941, 727415380812, 5871
727514126135, 727514132600, 6465
727612857447, 727612862535, 5088
727711610032, 727711622284, 12252
727744502517, 727744510182, 7665
727810554783, 727810559601, 4818
727909501044, 727909507389, 6345
728008274322, 728008279731, 5409
728107140665, 728107145402, 4737
728206044451, 728206049617, 5166
728304827180, 728304832106, 4926
728403672333, 728403677202, 4869
728502341377, 728502346300, 4923
728601351039, 728601355680, 4641
728700327299, 728700334712, 7413
728798989864, 728798994688, 4824
728897836021, 728897841499, 5478
728996739194, 728996743946, 4752
729095551738, 729095557027, 5289
729194366685, 729194372568, 5883
729293072717, 729293083229, 10512
729392042951, 729392047502, 4551
729490873109, 729490881560, 8451
729589766540, 729589770959, 4419
729688579522, 729688584595, 5073
729787482304, 729787488034, 5730
729886289451, 729886294104, 4653
729985195954, 729985204936, 8982
730083938682, 730083943602, 4920
730182806590, 730182810964, 4374
730281622607, 730281628199, 5592
730380591807, 730380595944, 4137
730479430785, 730479437064, 6279
730578208863, 730578215148, 6285
730676996188, 730677001456, 5268
730775879613, 730775884503, 4890
730807203663, 730807212159, 8496
730874478783, 730874483706, 4923
730973372827, 730973384251, 11424
731072450851, 731072457277, 6426
731171285187, 731171290590, 5403
731270079448, 731270085196, 5748
731368906669, 731368911841, 5172
731467992221, 731467997246, 5025
731566575349, 731566579735, 4386
731665558463, 731665566422, 7959
731764448156, 731764458911, 10755
731863103240, 731863108181, 4941
731964267312, 731964273402, 6090
732060813245, 732060817853, 4608
732159694512, 732159698961, 4449
732258434745, 732258439212, 4467
732357305076, 732357309846, 4770
732456136958, 732456141632, 4674
732554979762, 732554984598, 4836
732653816123, 732653823332, 7209
732684228732, 732684236670, 7938
732752655940, 732752660560, 4620
732851549634, 732851555973, 6339
732950426944, 732950433670, 6726
733049185034, 733049189723, 4689
733148067209, 733148071829, 4620
733246905956, 733246910489, 4533
733345765167, 733345769484, 4317
733444538120, 733444542800, 4680
733543513768, 733543519285, 5517
733642277974, 733642283395, 5421
733741074441, 733741079115, 4674
733840444300, 733840449532, 5232
733876355712, 733876362705, 6993
733938776078, 733938780551, 4473
734037635792, 734037641216, 5424
734136561661, 734136568618, 6957
734188962582, 734188971015, 8433
734235140183, 734235147707, 7524
734289458789, 734289462701, 3912
734289480998, 734289482258, 1260
734319613834, 734319614242, 408
734325656310, 734325661722, 5412
734330323776, 734330328207, 4431
734375033059, 734375042248, 9189
734419115552, 734419128266, 12714
734463421272, 734463431760, 10488
734517904968, 734517914436, 9468
734549870421, 734549879043, 8622
734616439389, 734616447321, 7932
734648261835, 734648268498, 6663
734715211841, 734715223103, 11262
734750914444, 734750924050, 9606
734814444930, 734814455604, 10674
734853750321, 734853758028, 7707
734913526679, 734913536081, 9402
734947630365, 734947639026, 8661
735012027002, 735012045731, 18729
735047046102, 735047055837, 9735
735110949027, 735110964414, 15387
735140781572, 735140790329, 8757
735209780323, 735209790241, 9918
735258181505, 735258190355, 8850
735308551645, 735308561536, 9891
735343278049, 735343287892, 9843
735406925402, 735406937081, 11679
735450160835, 735450169124, 8289
735506285566, 735506295814, 10248
735550221276, 735550229424, 8148
735605109277, 735605121037, 11760
735637636094, 735637644296, 8202
735703729244, 735703778175, 48931
735746837633, 735746844914, 7281
735802791948, 735802801449, 9501
735834432856, 735834441850, 8994
735901627039, 735901637083, 10044
736000139673, 736000143666, 3993
736030382013, 736030390443, 8430
736099315745, 736099325600, 9855
736133192757, 736133200761, 8004
736198162423, 736198173301, 10878
736228555806, 736228563891, 8085
736296930574, 736296939916, 9342
736337173226, 736337181311, 8085
736395875018, 736395885443, 10425
736494558704, 736494570794, 12090
736535257280, 736535266247, 8967
736593526828, 736593538213, 11385
736623311609, 736623318740, 7131
736692195246, 736692205020, 9774
736725134498, 736725150704, 16206
736791257313, 736791267504, 10191
736825586512, 736825595968, 9456
736890075541, 736890090337, 14796
736988761967, 736988773619, 11652
737021112404, 737021120492, 8088
737087768636, 737087779520, 10884
737117936718, 737117944254, 7536
737186582878, 737186591605, 8727
737220739341, 737220747867, 8526
737285211236, 737285222183, 10947
737329228171, 737329242601, 14430
737384288125, 737384298166, 10041
737413477310, 737413484705, 7395
737483133397, 737483144203, 10806
737518469380, 737518478659, 9279
737582100572, 737582115257, 14685
737628446797, 737628456652, 9855
737680818380, 737680829405, 11025
737716783424, 737716791629, 8205
737779842966, 737779848576, 5610
737810521952, 737810530094, 8142
737878500955, 737878510966, 10011
737911051336, 737911058977, 7641
737977139513, 737977148465, 8952
738017058020, 738017069300, 11280
738075952297, 738075961852, 9555
738125976829, 738125988760, 11931
738175043203, 738175053481, 10278
738223126572, 738223134693, 8121
738273839760, 738273849867, 10107
738312386120, 738312394481, 8361
738372626213, 738372636881, 10668
738407792315, 738407800211, 7896
738471594813, 738471632496, 37683
738503110091, 738503118917, 8826
738570385727, 738570395060, 9333
738603274120, 738603281821, 7701
738669220497, 738669231054, 10557
738709754966, 738709763813, 8847
738768076804, 738768086905, 10101
738807428352, 738807436590, 8238
738866622750, 738866673184, 50434
738899330446, 738899340313, 9867
738965763900, 738965773743, 9843
739064006761, 739064014882, 8121
739078338325, 739078346692, 8367
739177572643, 739177578529, 5886
739276188027, 739276193004, 4977
739375097300, 739375102028, 4728
739473915817, 739473921133, 5316
739572742230, 739572746589, 4359
739671661635, 739671667221, 5586
739770469300, 739770474574, 5274
739869226026, 739869232095, 6069
739968143524, 739968148159, 4635
740000121278, 740000127584, 6306
740066907737, 740066913833, 6096
740165602899, 740165612679, 9780
740200142271, 740200148523, 6252
740264702835, 740264707410, 4575
740349184923, 740349191016, 6093
740390000500, 740390008753, 8253
740448216201, 740448220896, 4695
740501866735, 740501877379, 10644
740547174885, 740547184296, 9411
740577491067, 740577499203, 8136
740646414085, 740646423922, 9837
740685937322, 740685947069, 9747
740744867884, 740744876389, 8505
740789473591, 740789487553, 13962
740843736372, 740843746965, 10593
740897574869, 740897583902, 9033
740942540669, 740942550632, 9963
740982431817, 740982439047, 7230
741041403336, 741041741186, 337850
741091755236, 741091763819, 8583
741140311705, 741140322928, 11223
741172004098, 741172010860, 6762
741239448539, 741239460494, 11955
741289490287, 741289497997, 7710
741337918053, 741337927617, 9564
741382839361, 741382849171, 9810
741436687274, 741436696913, 9639
741469212039, 741469221303, 9264
741535467763, 741535479304, 11541
741567668030, 741567676547, 8517
741634578211, 741634588735, 10524
741669239984, 741669251429, 11445
741733541397, 741733551108, 9711
741765488910, 741765500100, 11190
741832130731, 741832140877, 10146
741864271696, 741864282610, 10914
741930946870, 741930958411, 11541
741959720858, 741959728904, 8046
742029799530, 742029808707, 9177
742061695181, 742061702507, 7326
742128496528, 742128504973, 8445
742171322865, 742171331199, 8334
742227507209, 742227516086, 8877
742259956458, 742259964123, 7665
742325947375, 742325957671, 10296
742359087286, 742359095272, 7986
742424844539, 742424854208, 9669
742458226211, 742458239531, 13320
742524061188, 742524072786, 11598
742555090320, 742555098294, 7974
742622886009, 742622898732, 12723
742669228958, 742669237565, 8607
742721877927, 742721895051, 17124
742765371945, 742765380963, 9018
742820541450, 742820552556, 11106
742857188335, 742857196246, 7911
742919373472, 742919385040, 11568
742950837980, 742950845051, 7071
743018241211, 743018252587, 11376
743117028891, 743117038905, 10014
743149169235, 743149178283, 9048
743215927954, 743215938655, 10701
743248069703, 743248078538, 8835
743314764826, 743314776448, 11622
743356850816, 743356859213, 8397
743413666448, 743413677458, 11010
743447445586, 743447452585, 6999
743512480493, 743512490273, 9780
743545575957, 743545583748, 7791
743611298402, 743611308707, 10305
743644432879, 743644440781, 7902
743710173258, 743710187952, 14694
743742850232, 743742860009, 9777
743809070995, 743809081765, 10770
743841038956, 743841047797, 8841
743907836228, 743907844748, 8520
743953375712, 743953383542, 7830
744006540498, 744006549582, 9084
744038837967, 744038846049, 8082
744105316434, 744105323964, 7530
744142260044, 744142267613, 7569
744204361536, 744204371538, 10002
744237252984, 744237266037, 13053
744303425396, 744303433166, 7770
744332353199, 744332361794, 8595
744402195432, 744402203946, 8514
744435136717, 744435151069, 14352
744500845837, 744500855503, 9666
744532782108, 744532789365, 7257
744599722545, 744599731134, 8589
744634217794, 744634225867, 8073
744698479757, 744698490584, 10827
744734075190, 744734082972, 7782
744797409314, 744797419763, 10449
744829690431, 744829699116, 8685
744896200551, 744896210586, 10035
744927660265, 744927670582, 10317
744995321295, 744995331207, 9912
745026728286, 745026735900, 7614
745093876281, 745093886184, 9903
745127677112, 745127691818, 14706
745192693687, 745192704214, 10527
745234181145, 745234194276, 13131
745291579152, 745291590348, 11196
745322757795, 745322765502, 7707
745389991271, 745390000091, 8820
745436843598, 745436855322, 11724
745489509753, 745489520097, 10344
745518245064, 745518253875, 8811
745588087389, 745588097070, 9681
745621103357, 745621112453, 9096
745686978982, 745686989749, 10767
745718039440, 745718047783, 8343
745785798967, 745785810100, 11133
745820258577, 745820266896, 8319
745885503919, 745885510957, 7038
745917153484, 745917164446, 10962
745983453149, 745983465119, 11970
746018367499, 746018382088, 14589
746082482394, 746082490647, 8253
746181145089, 746181154689, 9600
746212834587, 746212848897, 14310
746280362498, 746280374600, 12102
746311395461, 746311403063, 7602
746378902586, 746378909387, 6801
746428238245, 746428249435, 11190
746493380290, 746493387556, 7266
746590452414, 746590460343, 7929
746689272926, 746689279643, 6717
746788094469, 746788101549, 7080
746886673917, 746886678765, 4848
746985583205, 746985588245, 5040
747084394336, 747084399271, 4935
747183148600, 747183153352, 4752
747281960019, 747281964678, 4659
747380799834, 747380804961, 5127
747479593681, 747479598382, 4701
747578478485, 747578485655, 7170
747677025329, 747677029961, 4632
747775881095, 747775885985, 4890
747874702092, 747874708179, 6087
747973276780, 747973283644, 6864
748072255312, 748072261051, 5739
748171112003, 748171118534, 6531
748269906592, 748269911341, 4749
748368715447, 748368723796, 8349
748467408949, 748467413800, 4851
748566007475, 748566012791, 5316
748664989706, 748664993957, 4251
748763828245, 748763834020, 5775
748848273254, 748848281147, 7893
748880940377, 748880947610, 7233
748947485900, 748947493031, 7131
748998127138, 748998137260, 10122
749046468093, 749046478433, 10340
749074614748, 749074622545, 7797
749145046245, 749145056322, 10077
749243867396, 749243876741, 9345
749273187174, 749273199276, 12102
749342625845, 749342637002, 11157
749372452345, 749372461381, 9036
749441760337, 749441767885, 7548
749471643888, 749471652045, 8157
749540120097, 749540127279, 7182
749573972445, 749573979753, 7308
749638746975, 749638755612, 8637
749687246655, 749687257242, 10587
749737813181, 749737824251, 11070
749768338439, 749768346248, 7809
749836881020, 749836891196, 10176
749872269850, 749872278187, 8337
749935591610, 749935600835, 9225
749979280877, 749979289661, 8784
750034274900, 750034284809, 9909
750062974795, 750062983531, 8736
750132960139, 750132969721, 9582
750163269057, 750163282170, 13113
750231772632, 750231779220, 6588
750260875498, 750260884801, 9303
750330448741, 750330458821, 10080
750361515621, 750361527900, 12279
750429329123, 750429337808, 8685
750458778610, 750458785843, 7233
750528091973, 750528101693, 9720
750583456771, 750583467910, 11139
750626933161, 750626944438, 11277
750659860262, 750659869502, 9240
750725986031, 750725996515, 10484
750763778353, 750763786744, 8391
750824341926, 750824353065, 11139
750866393711, 750866407454, 13743
750923263237, 750923274046, 10809
750957409680, 750957418509, 8829
751022308433, 751022317790, 9357
751068246553, 751068255211, 8658
751121073432, 751121082498, 9066
751156004950, 751156013488, 8538
751219678389, 751219689477, 11088
751256614605, 751256623107, 8502
751318486202, 751318496255, 10053
751357761088, 751357770232, 9144
751417258068, 751417267779, 9711
751447526199, 751447534872, 8673
751515868005, 751515874734, 6729
751550163056, 751550171294, 8238
751615105491, 751615116855, 11364
751660480261, 751660487980, 7719
751713291440, 751713297767, 6327
751745390191, 751745400868, 10677
751811895521, 751811904426, 8905
751857209774, 751857219650, 9876
751910661383, 751910668178, 6795
751940902281, 751940909841, 7560
752009963329, 752009968708, 5379
752062178190, 752062187235, 9045
752108139083, 752108143823, 4740
752155386034, 752155396315, 10281
752207294435, 752207300219, 5784
752306080385, 752306088236, 7851
752357276379, 752357291604, 15225
752404668932, 752404674671, 5739
752437607876, 752437616693, 8817
752503725382, 752503730953, 5571
752543384310, 752543392677, 8367
752616662805, 752616667770, 4965
752715677096, 752715685136, 8040
752814051149, 752814056507, 5358
752913130143, 752913134874, 4731
753011823141, 753011827341, 4200
753110621882, 753110627822, 5940
753209472799, 753209477854, 5055
753308244598, 753308251033, 6435
753406962278, 753406966895, 4617
753505775785, 753505780936, 5151
753604604036, 753604608905, 4869
753703215911, 753703227485, 11574
753802193994, 753802198728, 4734
753901003428, 753901011393, 7965
753999744628, 753999749584, 4956
754098502025, 754098506651, 4626
754197406743, 754197411837, 5094
754296164642, 754296169415, 4773
754395040144, 754395045412, 5268
754493749712, 754493754779, 5067
754592519319, 754592524230, 4911
754691316170, 754691320664, 4494
754790131035, 754790136069, 5034
754888923481, 754888928662, 5181
754987732528, 754987743799, 11271
755086516088, 755086522694, 6606
755185444740, 755185452414, 7674
755284220152, 755284225255, 5103
755315941474, 755315948347, 6873
755383251947, 755383256675, 4728
755481461706, 755481468867, 7161
755580465634, 755580470431, 4797
755679251808, 755679256272, 4464
755778042264, 755778047688, 5424
755877050809, 755877063901, 13092
755975614220, 755975619524, 5304
756074417893, 756074422693, 4800
756173169882, 756173174295, 4413
756271999227, 756272003559, 4332
756370841403, 756370852071, 10668
756469609258, 756469616623, 7365
756568369826, 756568375238, 5412
756667178146, 756667183447, 5301
756765962838, 756765967971, 5133
756864752111, 756864756716, 4605
756963511914, 756963516849, 4935
757062334991, 757062339650, 4659
757160995400, 757161007421, 12021
757259957900, 757259962325, 4425
757358803703, 757358809520, 5817
757400050328, 757400059289, 8961
757457273188, 757457276926, 3738
757556264417, 757556269193, 4776
757655065694, 757655071145, 5451
757753859670, 757753866048, 6378
757852907423, 757852918532, 11109
757951449692, 757951454357, 4665
758050218340, 758050223272, 4932
758163363888, 758163370386, 6498
758247869525, 758247874160, 4635
758346606782, 758346612077, 5295
758445436566, 758445441717, 5151
758544427282, 758544434062, 6780
758642984146, 758642990005, 5859
758741789813, 758741794841, 5028
758840533215, 758840537868, 4653
758939267117, 758939278586, 11469
758985461004, 758985468690, 7686
759038342029, 759038348512, 6483
759137042250, 759137047284, 5034
759235877663, 759235882901, 5238
759334564102, 759334569493, 5391
759433311624, 759433316181, 4557
759532110153, 759532114569, 4416
759630934961, 759630939704, 4743
759729786273, 759729792774, 6501
759828515194, 759828519742, 4548
759927315729, 759927321240, 5511
760026103580, 760026107981, 4401
760124865729, 760124870508, 4779
760223687005, 760223691550, 4545
760322487397, 760322492593, 5196
760421269157, 760421273789, 4632
760520240945, 760520248988, 8043
760618901652, 760618906308, 4656
760717441784, 760717453904, 12120
760816446686, 760816451822, 5136
760915239511, 760915244509, 4998
761014026120, 761014031451, 5331
761112790684, 761112795691, 5007
761211555361, 761211560266, 4905
761310392541, 761310400449, 7908
761409122329, 761409126682, 4353
761507939659, 761507945398, 5739
761606751114, 761606755731, 4617
761705560067, 761705566298, 6231
761804330997, 761804335476, 4479
761903154284, 761903159135, 4851
762001942259, 762001949123, 6864
762100701987, 762100706394, 4407
762199453563, 762199474857, 21294
762298390165, 762298395214, 5049
762397112281, 762397117195, 4914
762495914887, 762495920371, 5484
762594498495, 762594507603, 9108
762693391688, 762693396743, 5055
762792270248, 762792275894, 5646
762891039255, 762891044607, 5352
762989703055, 762989708113, 5058
763088803324, 763088809501, 6177
763187426404, 763187431504, 5100
763287004839, 763287022740, 17901
763385026420, 763385031505, 5085
763483835487, 763483840329, 4842
763582609711, 763582614586, 4875
763681366706, 763681371227, 4521
763780094785, 763780103767, 8982
763878776415, 763878786474, 10059
763977717541, 763977721990, 4449
764076544328, 764076549497, 5169
764175365074, 764175369589, 4515
764274128168, 764274132959, 4791
764373166902, 764373180318, 13416
764471640945, 764471645394, 4449
764570481152, 764570485775, 4623
764669298020, 764669302763, 4743
764768105531, 764768112482, 6951
764866893706, 764866898266, 4560
764965675543, 764965680286, 4743
765064518990, 765064525206, 6216
765163376733, 765163382157, 5424
765261879233, 765261888560, 9327
765360825379, 765360830047, 4668
765459659992, 765459664651, 4659
765558450418, 765558455191, 4773
765657250375, 765657255487, 5112
765756008537, 765756013949, 5412
765854801586, 765854807010, 5424
765953616271, 765953621320, 5049
766052376903, 766052382501, 5598
766151112286, 766151117242, 4956
766249964094, 766249969815, 5721
766348760828, 766348766348, 5520
766447547405, 766447552454, 5049
766546328612, 766546333514, 4902
766645297933, 766645305598, 7665
766743894044, 766743899417, 5373
766842553330, 766842560863, 7533
766941536582, 766941541103, 4521
767040332736, 767040338550, 5814
767139221197, 767139227767, 6570
767238009691, 767238015829, 6138
767336705989, 767336711929, 5940
767435572007, 767435577926, 5919
767534350852, 767534357713, 6861
767567928251, 767567935433, 7182
767633081439, 767633089446, 8007
767830618682, 767830623476, 4794
767859450818, 767859459884, 9066
767929443360, 767929450848, 7488
768028282614, 768028287195, 4581
768126858885, 768126863055, 4170
768225793594, 768225799606, 6012
768324441343, 768324446017, 4674
768423381275, 768423386372, 5097
768521969521, 768521976922, 7401
768620982431, 768620987516, 5085
768719750843, 768719755814, 4971
768818541869, 768818547206, 5337
768917371130, 768917375702, 4572
769016126033, 769016130650, 4617
769119961178, 769119970175, 8997
769213697640, 769213703787, 6147
769312717156, 769312725355, 8199
769411237123, 769411241782, 4659
769510013815, 769510019035, 5220
769608937028, 769608942413, 5385
769707739323, 769707743844, 4521
769806502286, 769806506126, 3840
769905279463, 769905283672, 4209
770003899633, 770003907139, 7506
770102888770, 770102893387, 4617
770201680652, 770201687912, 7260
770300526373, 770300535337, 8964
770399202253, 770399207422, 5169
770498116467, 770498127807, 11340
770596929309, 770596934919, 5610
770638114529, 770638126106, 11577
770695611899, 770695619213, 7314
770794406706, 770794411974, 5268
770893340727, 770893345848, 5121
770991996446, 770992002572, 6126
771090716610, 771090721404, 4794
771189573534, 771189579411, 5877
771288386781, 771288391557, 4776
771386948774, 771386957006, 8232
771485898518, 771485903603, 5085
771584789198, 771584794727, 5529
771683520136, 771683525119, 4983
771782309638, 771782314537, 4899
771881193027, 771881198769, 5742
771979911382, 771979916038, 4656
772078683443, 772078689491, 6048
772177299165, 772177303260, 4095
772276253977, 772276258594, 4617
772374886211, 772374890042, 3831
772473859426, 772473865687, 6261
772572679533, 772572686472, 6939
772671474467, 772671479597, 5130
772770064260, 772770074118, 9858
772868990707, 772868995534, 4827
772967783875, 772967789548, 5673
773066687736, 773066692755, 5019
773165413953, 773165418621, 4668
773264199637, 773264204794, 5157
773363023885, 773363029585, 5700
773461797604, 773461802332, 4728
773560613617, 773560618348, 4731
773659147832, 773659154936, 7104
773693996602, 773694005190, 8588
773758165918, 773758170619, 4701
773856989659, 773856994687, 5028
773955683714, 773955688385, 4671
774054542561, 774054547373, 4812
774153119908, 774153126544, 6636
774252128665, 774252134296, 5631
774350871832, 774350876638, 4806
774449694060, 774449699190, 5130
774548625988, 774548631211, 5223
774647273660, 774647278511, 4851
774746280085, 774746286409, 6324
774844819815, 774844826349, 6534
774943836008, 774943843538, 7530
775042457219, 775042462508, 5289
775141219696, 775141224364, 4668
775240068570, 775240074801, 6231
775338859556, 775338867368, 7812
775437441502, 775437453676, 12174
775536418334, 775536422771, 4437
775636096541, 775636102247, 5706
775733961886, 775733966230, 4344
775832884664, 775832890076, 5412
775931546967, 775931552442, 5475
776030367869, 776030372891, 5022
776132623083, 776132630307, 7224
776227720511, 776227725491, 4980
776326701532, 776326706662, 5130
776425520012, 776425524713, 4701
776524293375, 776524297974, 4599
776634028552, 776634047152, 18600
776721879427, 776721884953, 5526
776749320228, 776749327089, 6861
776820671289, 776820676017, 4728
776919297855, 776919306387, 8532
777018279794, 777018284540, 4746
777117084399, 777117089001, 4602
777215847894, 777215852844, 4950
777314632188, 777314637669, 5481
777413427841, 777413432953, 5112
777512269783, 777512274361, 4578
777611140992, 777611147848, 6856
777709844300, 777709850255, 5955
777808579465, 777808584169, 4704
777907494487, 777907499539, 5052
778006189791, 778006194402, 4611
778105119946, 778105124674, 4728
778203839878, 778203844438, 4560
778302411358, 778302418429, 7071
778387052626, 778387062136, 9510
778431572134, 778431581848, 9714
778486013753, 778486018250, 4497
778516593763, 778516601242, 7479
778584854801, 778584861938, 7137
778625682158, 778625690042, 7884
778683823475, 778683834851, 11376
778712191489, 778712201764, 10275
778782609297, 778782617679, 8382
778822751431, 778822759966, 8535
778881590538, 778881599400, 8862
778922395688, 778922403785, 8097
778980202543, 778980213265, 10722
779008023367, 779008030846, 7479
779079182131, 779079191125, 8994
779114881789, 779114888908, 7119
779178069863, 779178080378, 10515
779216194074, 779216202486, 8412
779276796538, 779276804242, 7704
779316206559, 779316214617, 8058
779375373117, 779375383806, 10689
779416656378, 779416665132, 8754
779474140788, 779474154174, 13386
779509214208, 779509221849, 7641
779572681475, 779572692830, 11355
779617762129, 779617772515, 10386
779672200536, 779672209440, 8904
779705168931, 779705176296, 7365
779770693396, 779770703636, 10240
779814161489, 779814169841, 8352
779869648414, 779869659025, 10611
779904893256, 779904904029, 10773
779967836562, 779967847728, 11166
779998442755, 779998451500, 8745
780067083052, 780067091353, 8301
780096041123, 780096054611, 13488
780165690817, 780165701476, 10659
780194739209, 780194747933, 8724
780264450674, 780264461183, 10509
780292858069, 780292865788, 7719
780363273993, 780363284595, 10602
780392845831, 780392853259, 7428
780462109594, 780462117097, 7503
780501947583, 780501956484, 8901
780560876793, 780560886417, 9624
780590473452, 780590486604, 13152
780659646827, 780659656331, 9504
780688402240, 780688411060, 8820
780758630342, 780758638820, 8478
780790774831, 780790784494, 9663
780856865759, 780856874189, 8430
780885859243, 780885866857, 7614
780955892073, 780955902753, 10680
780986859411, 780986868228, 8817
781054847300, 781054857221, 9921
781093403043, 781093412052, 9009
781153569177, 781153574685, 5508
781185204532, 781185216556, 12024
781252501031, 781252513991, 12960
781283062927, 781283070388, 7461
781351229207, 781351236881, 7674
781382725925, 781382743505, 17580
781449978893, 781449987914, 9021
781478790452, 781478797871, 7419
781548735039, 781548744777, 9738
781578383060, 781578389996, 6936
781647811458, 781647820671, 9213
781677741270, 781677752811, 11541
781746721001, 781746731534, 10533
781776941604, 781776949992, 8388
781845068404, 781845077902, 9498
781881643927, 781881651685, 7758
781943940975, 781943951289, 10314
781975666540, 781975676257, 9717
782042723816, 782042734031, 10215
782084172241, 782084179798, 7557
782141518462, 782141528200, 9738
782171496362, 782171504294, 7932
782240102036, 782240110226, 8190
782268601807, 782268610477, 8670
782339157584, 782339168495, 10911
782385395859, 782385405465, 9606
782437886485, 782437897792, 11307
782477971879, 782477980156, 8277
782536688430, 782536698810, 10380
782565815230, 782565822418, 7188
782635402069, 782635412218, 10149
782668909917, 782668917804, 7887
782734305949, 782734317223, 11274
782772927311, 782772936455, 9144
782833077538, 782833088431, 10893
782878635030, 782878643115, 8085
782931855572, 782931866615, 11043
782964627959, 782964637181, 9222
783030640400, 783030650228, 9828
783060033230, 783060041810, 8580
783129441968, 783129451559, 9591
783160402442, 783160410902, 8460
783228139486, 783228150763, 11277
783257268691, 783257276578, 7887
783327020433, 783327031689, 11256
783356651821, 783356661013, 9192
783425813654, 783425823803, 10149
783456602470, 783456610069, 7599
783524567819, 783524575361, 7542
783560257846, 783560266831, 8985
783623432382, 783623442099, 9717
783655107559, 783655115752, 8193
783722325926, 783722338205, 12279
783765509746, 783765519277, 9531
783821072582, 783821085071, 12489
783849768652, 783849776587, 7935
783919768398, 783919777785, 9387
783953869062, 783953877432, 8370
784018543896, 784018553775, 9879
784049017933, 784049025634, 7701
784117340801, 784117351889, 11088
784147943701, 784147951330, 7629
784216147467, 784216157742, 10275
784257513646, 784257522430, 8784
784314541913, 784314549593, 7680
784356613335, 784356621357, 8022
784413375004, 784413384301, 9297
784511915291, 784511923874, 8583
784513571861, 784513574387, 2526
784513593404, 784513594910, 1506
784559957510, 784559977772, 20262
784611091479, 784611100611, 9132
784640257181, 784640265992, 8811
784709742295, 784709752684, 10389
784741562964, 784741571751, 8787
784808885740, 784808893492, 7752
784839402155, 784839409667, 7512
784907477350, 784907486806, 9456
784957665635, 784957675310, 9675
785005893740, 785005899437, 5697
785034983224, 785034994036, 10812
785105009297, 785105017652, 8355
785145605146, 785145616444, 11298
785203772118, 785203780869, 8751
785250804845, 785250814817, 9972
785302509187, 785302517372, 8185
785352402879, 785352412908, 10029
785401373535, 785401382040, 8505
785454221603, 785454233033, 11430
785500148614, 785500155544, 6930
785539549313, 785539560731, 11418
785613980180, 785613987851, 7671
785697403426, 785697409051, 5625
785712516212, 785712526220, 10008
785796437850, 785796446193, 8343
785810764427, 785810768957, 4530
785853404477, 785853411839, 7362
785909748418, 785909757106, 8688
785938260647, 785938268153, 7506
786008315051, 786008320895, 5844
786106915483, 786106923259, 7776
786205916378, 786205921553, 5175
786290429102, 786290436914, 7812
786319762243, 786319769857, 7614
786389582155, 786389587165, 5010
786420868096, 786420875332, 7236
786488356231, 786488366266, 10035
786520821508, 786520839718, 18210
786586932651, 786586941900, 9249
786615285853, 786615294367, 8514
786685836575, 786685845965, 9390
786723344275, 786723352321, 8046
786784549495, 786784560067, 10572
786813859749, 786813868632, 8883
786883553528, 786883564340, 10812
786920162626, 786920169763, 7137
786982332192, 786982341495, 9303
787018619105, 787018631987, 12882
787081174601, 787081183709, 9108
787121045587, 787121054866, 9279
787179928879, 787179938566, 9687
787217041267, 787217054392, 13125
787278657259, 787278666289, 9030
787307775550, 787307782621, 7071
787377513328, 787377523975, 10647
787411706231, 787411717373, 11142
787476345086, 787476352154, 7068
787505569465, 787505576752, 7287
787575077144, 787575086390, 9246
787620207226, 787620216454, 9228
787673874454, 787673884150, 9696
787704465648, 787704473487, 7839
787772653281, 787772663253, 9972
787805377041, 787805394681, 17640
787871327063, 787871336219, 9156
787916178066, 787916190306, 12240
787969906546, 787969915603, 9057
787999265845, 787999273672, 7827
788069094417, 788069110047, 15630
788112088845, 788112096762, 7917
788167945104, 788167955541, 10437
788202635967, 788202645333, 9366
788266592862, 788266602828, 9966
788303251119, 788303260161, 9042
788365088690, 788365096646, 7956
788405659255, 788405666266, 7011
788464132381, 788464139191, 6810
788512210300, 788512226767, 16467
788562491716, 788562501553, 9837
788604005713, 788604014845, 9132
788661469047, 788661481452, 12405
788694459721, 788694469363, 9642
788760424675, 788760435085, 10410
788792268069, 788792275794, 7725
788859235934, 788859245360, 9426
788888232384, 788888239449, 7065
788957862040, 788957871525, 9485
789056966053, 789056976568, 10515
789086727446, 789086738675, 11229
789155764158, 789155777010, 12852
789186160979, 789186168335, 7356
789254262187, 789254269375, 7188
789305351325, 789305361147, 9822
789352657336, 789352662856, 5520
789381879672, 789381888354, 8682
789452130257, 789452139908, 9651
789499811582, 789499821344, 9762
789550909183, 789550918051, 8868
789589825574, 789589836692, 11118
789649717894, 789649726549, 8655
789690313804, 789690322513, 8709
789748498722, 789748509207, 10485
789781670948, 789781679504, 8556
789847334409, 789847344306, 9897
789946098793, 789946109317, 10524
789979923010, 789979930525, 7515
790044861301, 790044871609, 10308
790075453643, 790075465376, 11733
790143719543, 790143733519, 13976
790185030250, 790185038125, 7875
790242245654, 790242254489, 8835
790273222430, 790273230263, 7833
790341219210, 790341229617, 10407
790381765314, 790381774068, 8754
790440026016, 790440036363, 10347
790478053638, 790478063313, 9675
790538813638, 790538825194, 11556
790578244151, 790578253019, 8868
790637594770, 790637605984, 11214
790668496778, 790668504098, 7320
790736287747, 790736296474, 8727
790771183904, 790771195862, 11958
790835191053, 790835202366, 11313
790865811390, 790865820150, 8760
790933973666, 790933984469, 10803
790962353419, 790962361228, 7809
791032786197, 791032796160, 9963
791065366026, 791065372674, 6648
791131556128, 791131567423, 11295
791160063340, 791160071674, 8334
791229940230, 791229950466, 10236
791266755614, 791266769231, 13617
791328931987, 791328939577, 7590
791358330298, 791358339667, 9369
791427936815, 791427947288, 10473
791482830323, 791482839410, 9087
791526721539, 791526733113, 11574
791557245999, 791557254093, 8094
791625268588, 791625276963, 8375
791661096927, 791661105402, 8475
791724301235, 791724311732, 10497
791752945081, 791752953262, 8181
791823113147, 791823124025, 10878
791854638936, 791854654335, 15399
791921992284, 791922006744, 14460
791950982738, 791950990160, 7422
792020720162, 792020728556, 8394
792066143747, 792066153032, 9285
792119471891, 792119482706, 10815
792148692787, 792148699816, 7029
792218360295, 792218371746, 11451
792246489624, 792246498006, 8382
792316689724, 792316698325, 8601
792346546968, 792346557069, 10101
792415842323, 792415852544, 10221
792446792694, 792446801586, 8892
792514521883, 792514530730, 8847
792545940691, 792545949139, 8448
792613424931, 792613438173, 13242
792642176367, 792642184443, 8076
792711939939, 792711950791, 10852
792744623616, 792744632628, 9012
792810704072, 792810715532, 11460
792854185961, 792854201822, 15861
792909827116, 792909836704, 9588
792938522297, 792938530616, 8319
793008434145, 793008443658, 9513
793052490497, 793052500016, 9519
793107458960, 793107469220, 10260
793143391008, 793143400278, 9270
793206195853, 793206205825, 9972
793245307496, 793245316316, 8820
793304998672, 793305009412, 10740
793337496650, 793337504348, 7698
793403768664, 793403780157, 11493
793444813737, 793444822254, 8517
793502577621, 793502587986, 10365
793532545899, 793532553252, 7353
793601361372, 793601372616, 11244
793634281898, 793634289272, 7374
793700160791, 793700170010, 9219
793739172154, 793739180263, 8109
793798969018, 793798978975, 9957
793829430173, 793829437043, 6870
793897740382, 793897750462, 10080
793930244371, 793930253230, 8859
793996532291, 793996542296, 10005
794025731865, 794025739335, 7470
794095356964, 794095366663, 9699
794134264418, 794134277186, 12768
794194163155, 794194172422, 9267
794226974136, 794226981396, 7260
794292862221, 794292872328, 10107
794321334028, 794321341531, 7503
794391703563, 794391714036, 10473
794425698861, 794425706322, 7461
794490444442, 794490454333, 9891
794519341753, 794519350213, 8460
794589287610, 794589299166, 11556
794629371344, 794629380305, 8961
794688089625, 794688100905, 11280
794716716730, 794716724125, 7395
794786867196, 794786876925, 9729
794817287079, 794817295302, 8223
794885437627, 794885446006, 8379
794915215162, 794915225614, 10452
794984246424, 794984253513, 7089
795020043254, 795020050922, 7668
795083247569, 795083258282, 10713
795124606470, 795124616658, 10188
795182042552, 795182055029, 12477
795224393423, 795224402417, 8994
795280710534, 795280720593, 10059
795319826219, 795319842191, 15972
795379663518, 795379673172, 9654
795412214620, 795412223749, 9129
795478423322, 795478432856, 9534
795509451361, 795509459335, 7974
795577211250, 795577221069, 9819
795620812808, 795620822636, 9828
795675746273, 795675754769, 8496
795703999729, 795704008399, 8670
795774804844, 795774814768, 9924
795803345844, 795803353497, 7653
795873360962, 795873370772, 9810
795920053260, 795920066271, 13011
795972375822, 795972387186, 11364
796001271273, 796001278797, 7524
796071186496, 796071197596, 11100
796100838087, 796100848377, 10290
796169993505, 796170004539, 11034
796203393462, 796203407469, 14007
796268468474, 796268475623, 7149
796300450891, 796300459546, 8655
796367372187, 796367379873, 7686
796399671301, 796399678843, 7542
796466267266, 796466276413, 9147
796503652605, 796503661101, 8496
796565137315, 796565147764, 10449
796596702845, 796596714209, 11364
796663572361, 796663583923, 11562
796708294684, 796708302142, 7458
796762678699, 796762689082, 10383
796792500158, 796792510295, 10137
796861476462, 796861488003, 11541
796890900302, 796890907682, 7380
796960594433, 796960603466, 9033
796999669942, 796999680475, 10533
797059050770, 797059061123, 10353
797098010927, 797098021445, 10518
797157844813, 797157855787, 10974
797190210926, 797190218483, 7557
797256645341, 797256656360, 11019
797290382212, 797290401865, 19653
797355407390, 797355422066, 14676
797402117253, 797402126301, 9048
797454196878, 797454207444, 10566
797489589665, 797489598719, 9054
797553032600, 797553043139, 10539
797595546142, 797595554095, 7953
797651480366, 797651490923, 10557
797680053617, 797680062032, 8415
797750603614, 797750613007, 9393
797796502402, 797796511426, 9024
797849407256, 797849418695, 11439
797880090290, 797880098054, 7764
797948217198, 797948228022, 10824
797977472843, 797977481240, 8397
798047000388, 798047010900, 10512
798076760039, 798076771004, 10965
798145922140, 798145933099, 10959
798244326610, 798244332574, 5964
798292740610, 798292750429, 9819
798343384848, 798343396680, 11832
798383429225, 798383440121, 10896
798441801716, 798441809961, 8245
798477273935, 798477283718, 9783
798540691180, 798540696448, 5268
798580681734, 798580688988, 7254
798639744797, 798639756164, 11367
798680799534, 798680808321, 8787
798738625804, 798738639613, 13809
798787713744, 798787724418, 10674
798837335377, 798837347074, 11697
798870511958, 798870521240, 9282
798936115842, 798936126867, 11025
798972514027, 798972526819, 12792
799034909085, 799034919711, 10626
799063288456, 799063296811, 8355
799133722403, 799133731553, 9150
799163079283, 799163088340, 9057
799232583374, 799232596091, 12717
799261596920, 799261611254, 14334
799331073330, 799331082105, 8775
799363654032, 799363663128, 9096
799430102400, 799430110206, 7806
799461888268, 799461896782, 8514
799528871387, 799528881113, 9726
799573163222, 799573171070, 7848
799627720010, 799627729904, 9894
799662084402, 799662094170, 9768
799726465349, 799726475291, 9942
799755534862, 799755544303, 9441
799824988402, 799824997381, 8979
799856848947, 799856857083, 8136
799923957843, 799923969267, 11424
800022813931, 800022823180, 9249
800051371514, 800051379608, 8094
800121446032, 800121456691, 10659
800165518097, 800165529263, 11166
800220342942, 800220352608, 9666
800248622052, 800248630170, 8118
800319029374, 800319039916, 10542
800367051035, 800367061931, 10896
800418107579, 800418117767, 10188
800452236769, 800452246339, 9570
800516813507, 800516824538, 11031
800559017684, 800559026834, 9150
800615643603, 800615743879, 100276
800647139114, 800647146965, 7851
800714367351, 800714379507, 12156
800743433688, 800743442124, 8436
800813071725, 800813082510, 10785
800853046309, 800853053914, 7605
800911971474, 800911981167, 9693
800949284103, 800949292650, 8547
801010755889, 801010766626, 10737
801109547582, 801109558427, 10845
801142386217, 801142394680, 8463
801208326215, 801208336244, 10029
801260337355, 801260347108, 9753
801307127658, 801307138503, 10845
801343332605, 801343340708, 8103
801405596081, 801405605276, 9195
801441114716, 801441123350, 8634
801504716621, 801504726677, 10056
801540897419, 801540906551, 9132
801603520730, 801603530951, 10221
801632916311, 801632923970, 7659
801702025594, 801702033839, 8245
801744121539, 801744130584, 9045
801801106828, 801801117145, 10317
801830169174, 801830177559, 8385
801900037914, 801900055905, 17991
801937764369, 801937773762, 9393
801998776255, 801998790829, 14574
802042005310, 802042013536, 8226
802097473863, 802097483772, 9909
802135360435, 802135367947, 7512
802196332632, 802196342364, 9732
802233011064, 802233019377, 8313
802295129491, 802295138752, 9261
802331020454, 802331029985, 9531
802393851073, 802393861414, 10341
802428819553, 802428826357, 6804
802492643954, 802492653599, 9645
802540197915, 802540205076, 7161
802591449636, 802591459911, 10275
802627288767, 802627297059, 8292
802689891286, 802689898416, 7130
802729948167, 802729961790, 13623
802788982620, 802788992775, 10155
802824504909, 802824512916, 8007
802887809463, 802887819045, 9582
802923465839, 802923474215, 8376
802986612258, 802986622410, 10152
803027452751, 803027460920, 8169
803085404596, 803085415776, 11180
803125895805, 803125904748, 8943
803184227731, 803184237559, 9828
803213686525, 803213697184, 10659
803283010769, 803283020699, 9930
803311250412, 803311262925, 12513
803381778039, 803381788947, 10908
803414057660, 803414064974, 7314
803480526813, 803480537214, 10401
803512962483, 803512970109, 7626
803579375102, 803579385323, 10221
803614442523, 803614451715, 9192
803678162370, 803678173023, 10653
803722529341, 803722540511, 11170
803776938586, 803776947757, 9171
803811809370, 803811817875, 8505
803876067283, 803876076175, 8892
803911654610, 803911663520, 8910
803974426293, 803974434207, 7914
804009199363, 804009207916, 8553
804073334074, 804073344388, 10314
804109981575, 804109989570, 7995
804172018255, 804172028389, 10134
804218657602, 804218666197, 8595
804270967048, 804270975451, 8403
804322278153, 804322288032, 9879
804369729194, 804369741026, 11832
804398585224, 804398592706, 7482
804468577852, 804468593404, 15552
804524203039, 804524214691, 11652
804567290726, 804567301448, 10722
804597023710, 804597032440, 8730
804666097473, 804666106953, 9480
804697794905, 804697803113, 8208
804764878644, 804764889039, 10395
804800818038, 804800828229, 10191
804863651915, 804863664071, 12156
804902551263, 804902560257, 8994
804962483775, 804962493234, 9459
805003201455, 805003211211, 9756
805061240481, 805061251494, 11013
805101431361, 805101444900, 13539
805160031986, 805160041418, 9432
805197163846, 805197173344, 9498
805258604167, 805258612648, 8481
805289561870, 805289571695, 9825
805357429557, 805357439337, 9780
805402898212, 805402909717, 11505
805456394437, 805456405090, 10653
805486110778, 805486118068, 7290
805555109029, 805555120261, 11232
805595936822, 805595946464, 9642
805653991045, 805654000417, 9372
805685271597, 805685279154, 7557
805752770183, 805752780035, 9852
805799725475, 805799734001, 8526
805851155169, 805851160416, 5247
805881637273, 805881644947, 7674
805950358973, 805950371261, 12288
805978898915, 805978907339, 8424
806049127667, 806049138359, 10692
806086652927, 806086661432, 8505
806147929661, 806147940410, 10749
806177900714, 806177909177, 8463
806246510862, 806246519367, 8505
806303043678, 806303052159, 8481
806344866813, 806344873944, 7131
806387804041, 806387813245, 9204
806444338840, 806444348872, 10032
806487240639, 806487249180, 8541
806543086624, 806543096614, 9990
806575667062, 806575675234, 8172
806641887458, 806641899038, 11580
806674851910, 806674865332, 13422
806740694119, 806740703554, 9435
806771457729, 806771465130, 7401
806839488131, 806839499024, 10893
806873268887, 806873277494, 8607
806937963321, 806937974421, 11100
806979821241, 806979829503, 8262
807037082055, 807037092528, 10473
807135589851, 807135623376, 33525
807178196283, 807178204503, 8220
807234897323, 807234907223, 9900
807267408415, 807267418234, 9819
807333516974, 807333527276, 10302
807432290899, 807432300424, 9525
807462571731, 807462582099, 10368
807531083825, 807531093137, 9312
807564167169, 807564176433, 9264
807629838733, 807629847796, 9063
807662268722, 807662275928, 7206
807728624438, 807728644577, 20139
807762280134, 807762289356, 9222
807827539104, 807827551260, 12156
807866130288, 807866144205, 13917
807926114809, 807926122300, 7491
807955284689, 807955294793, 10104
808024975928, 808024985198, 9270
808061036676, 808061045304, 8628
808123433351, 808123442819, 9468
808158394768, 808158403342, 8574
808222298147, 808222310381, 12234
808267115261, 808267126346, 11085
808321114753, 808321124734, 9981
808353193079, 808353200945, 7866
808420153089, 808420162797, 9708
808456604421, 808456612635, 8214
808518962362, 808518972019, 9657
808546670134, 808546677340, 7206
808617739726, 808617750286, 10560
808649918484, 808649927610, 9126
808716540071, 808716550865, 10794
808744737661, 808744745530, 7869
808814872503, 808814880744, 8241
808858258747, 808858266943, 8196
808914180282, 808914190071, 9789
808943203011, 808943212923, 9912
809012926946, 809012938253, 11307
809041944450, 809041951887, 7437
809111702799, 809111713197, 10398
809145462985, 809145470296, 7311
809210520702, 809210530989, 10287
809238461945, 809238469595, 7650
809309255518, 809309264713, 9195
809352321989, 809352330062, 8073
809408081564, 809408093150, 11586
809445868578, 809445878166, 9588
809506837865, 809506847957, 10092
809545212603, 809545221072, 8469
809605645799, 809605655486, 9687
809653065044, 809653073300, 8256
809704159332, 809704165857, 6525
809751758766, 809751769140, 10374
809817122953, 809817127360, 4407
809916013882, 809916020089, 6207
810014533508, 810014538038, 4530
810113642605, 810113650900, 8295
810212331055, 810212337358, 6303
810311145756, 810311151171, 5415
810409897623, 810409902234, 4611
810508711666, 810508717669, 6003
810607495179, 810607500300, 5121
810706298410, 810706306243, 7833
810805112881, 810805117786, 4905
810903882316, 810903888586, 6270
811002699063, 811002704937, 5874
811101482782, 811101487342, 4560
811200341047, 811200350794, 9747
811299043318, 811299049681, 6363
811397746231, 811397757370, 11139
811496660471, 811496666918, 6447
811595272370, 811595284739, 12369
811694243267, 811694247701, 4434
811793030767, 811793035372, 4605
811891869547, 811891877023, 7476
811990697410, 811990702327, 4917
812089417096, 812089424161, 7065
812188194577, 812188200109, 5532
812286967777, 812286972352, 4575
812385805648, 812385810541, 4893
812484537167, 812484543173, 6006
812583367574, 812583372514, 4940
812681942158, 812681950774, 8616
812780958543, 812780966460, 7917
812879692643, 812879697794, 5151
812981334080, 812981342660, 8580
813077321001, 813077325957, 4956
813176120884, 813176125606, 4722
813274910388, 813274915047, 4659
813373671304, 813373675807, 4503
813472497088, 813472501768, 4680
813571090842, 813571101999, 11157
813670182027, 813670186494, 4467
813768843815, 813768849359, 5544
813867644869, 813867651058, 6189
813966430165, 813966435769, 5604
814065214756, 814065219358, 4602
814164021971, 814164026675, 4704
814262642788, 814262647450, 4662
814361619663, 814361624103, 4440
814460404868, 814460411135, 6267
814559175165, 814559181051, 5886
814657996071, 814658002065, 5994
814757924428, 814758079981, 155553
814855555287, 814855561521, 6234
814954378604, 814954383710, 5106
815053158373, 815053163503, 5130
815151943328, 815151948887, 5559
815250916088, 815250923477, 7389
815349741388, 815349749113, 7725
815448350046, 815448354918, 4872
815546943192, 815546953023, 9831
815645809293, 815645814189, 4896
815744742413, 815744747930, 5517
815843437627, 815843442754, 5127
815942261030, 815942266499, 5469
816140035378, 816140041183, 5805
816238641085, 816238647745, 6660
816337410088, 816337416607, 6519
816436232815, 816436238272, 5457
816535029154, 816535034446, 5292
816561382748, 816561389861, 7113
816633780617, 816633785516, 4899
816732652444, 816732657295, 4851
816831353962, 816831361153, 7191
816930205936, 816930210694, 4758
817028819619, 817028824875, 5256
817127824837, 817127832052, 7215
817226612633, 817226617931, 5298
817325372508, 817325377782, 5274
817424162604, 817424167368, 4764
817522733825, 817522742027, 8202
817621720676, 817621726352, 5676
817720526886, 817720531704, 4818
817819328771, 817819333358, 4587
817919042699, 817919057972, 15273
818016922261, 818016928798, 6537
818115855236, 818115859928, 4692
818214471066, 818214475683, 4617
818313257409, 818313262008, 4599
818412078268, 818412082762, 4494
818510833619, 818510838569, 4950
818609676662, 818609681807, 5145
818708464372, 818708469016, 4644
818807253676, 818807258563, 4887
818905992258, 818905997037, 4779
819004800723, 819004805502, 4779
819103586374, 819103592212, 5838
819202417722, 819202424664, 6942
819308564712, 819308579928, 15216
819399800465, 819399807806, 7341
819498774087, 819498778968, 4881
819597550636, 819597556117, 5481
819696313142, 819696318221, 5079
819795219481, 819795223786, 4305
819893952862, 819893957416, 4554
819992800294, 819992806363, 6069
820091543892, 820091549676, 5784
820190291663, 820190296487, 4824
820289182113, 820289187663, 5550
820387918115, 820387923518, 5403
820486800240, 820486807650, 7410
820585582472, 820585588004, 5532
820684263900, 820684268001, 4101
820783122182, 820783126607, 4425
820882002425, 820882009295, 6870
820981521094, 820981527667, 6573
821079461611, 821079467689, 6078
821178329207, 821178334184, 4977
821277112875, 821277117897, 5022
821375652437, 821375661494, 9057
821474630850, 821474636218, 5368
821573426669, 821573431856, 5187
821672231287, 821672237260, 5973
821770946120, 821770953470, 7350
821869759526, 821869764236, 4710
821968603570, 821968609159, 5589
822067378584, 822067383936, 5352
822166126331, 822166131323, 4992
822264961027, 822264966088, 5061
822363756472, 822363761890, 5418
822462538373, 822462543386, 5013
822561341162, 822561345878, 4716
822660125127, 822660129834, 4707
822690472960, 822690479758, 6798
822758875503, 822758879946, 4443
822857819714, 822857825981, 6267
822956474828, 822956479931, 5103
823055244036, 823055249337, 5301
823154087460, 823154092137, 4677
823252793405, 823252798268, 4863
823351481618, 823351489463, 7845
823450466307, 823450471746, 5439
823549249826, 823549254704, 4878
823648037133, 823648043421, 6288
823746827562, 823746832689, 5127
823845806981, 823845816044, 9063
823944465830, 823944470762, 4932
824043155600, 824043160565, 4965
824141989120, 824141995750, 6630
824240756403, 824240760768, 4365
824339704517, 824339711591, 7074
824438347721, 824438353310, 5589
824537034546, 824537039391, 4845
824635962091, 824635969912, 7821
824734748704, 824734753627, 4923
824833865427, 824833872285, 6858
824932298242, 824932303039, 4797
825031037142, 825031042098, 4956
825129941631, 825129947229, 5598
825228715169, 825228719786, 4617
825327337979, 825327351083, 13104
825426345796, 825426350944, 5148
825525030877, 825525035785, 4908
825623831590, 825623836276, 4686
825722667822, 825722672592, 4770
825821445906, 825821452182, 6276
825920218297, 825920223130, 4833
826019049017, 826019053874, 4857
826117810234, 826117814584, 4350
826216618882, 826216623655, 4773
826315429724, 826315434245, 4521
826414165147, 826414169740, 4593
826512963446, 826512970130, 6684
826611748386, 826611754557, 6171
826710591744, 826710597420, 5676
826809402289, 826809407884, 5595
826908141705, 826908146697, 4992
827006754638, 827006761721, 7083
827105783372, 827105789592, 6220
827204497369, 827204501962, 4593
827314327792, 827314333711, 5919
827402159646, 827402164467, 4821
827501194131, 827501200959, 6828
827599710384, 827599715484, 5100
827698545191, 827698551203, 6012
827797309672, 827797314460, 4788
827896063788, 827896068660, 4872
827994651749, 827994656486, 4737
828093493541, 828093498266, 4725
828192239698, 828192246391, 6693
828291612701, 828291619409, 6708
828390007747, 828390013297, 5550
828488664662, 828488669396, 4734
828587467167, 828587479101, 11934
828686400292, 828686405713, 5421
828785225346, 828785229900, 4554
828884021499, 828884026545, 5046
828982844788, 828982850155, 5367
829081784483, 829081791620, 7137
829180342836, 829180347687, 4851
829279180794, 829279185708, 4914
829377948905, 829377953441, 4536
829476743238, 829476748383, 5145
829575569396, 829575574016, 4620
829674381995, 829674386351, 4356
829773353606, 829773365438, 11832
829871930831, 829871936432, 5601
829970564166, 829970570265, 6099
830069568625, 830069574388, 5763
830168291130, 830168296773, 5643
830267056719, 830267061459, 4740
830365704243, 830365711419, 7176
830464653592, 830464658257, 4665
830563503901, 830563508092, 4191
830662282582, 830662287466, 4884
830761059124, 830761066270, 7146
830859828123, 830859832824, 4701
830958650410, 830958655111, 4701
831057458478, 831057463599, 5121
831156203859, 831156209034, 5175
831254999009, 831255003548, 4539
831353810012, 831353815289, 5277
831452559169, 831452564956, 5787
831551392408, 831551397784, 5376
831650218731, 831650226726, 7995
831748768684, 831748773796, 5112
831847582230, 831847592409, 10179
831875771283, 831875779089, 7806
831946600494, 831946605027, 4533
832045287463, 832045292491, 5028
832144221741, 832144226352, 4611
832243033532, 832243038923, 5391
832341736066, 832341741373, 5307
832440525033, 832440529638, 4605
832539369768, 832539374259, 4491
832638138237, 832638144063, 5826
832736874072, 832736879091, 5019
832835693332, 832835698522, 5190
832934466856, 832934472802, 5946
833033222299, 833033226823, 4524
833132062407, 833132067315, 4908
833230677313, 833230690498, 13185
833329647606, 833329655616, 8010
833428399847, 833428404785, 4938
833527236123, 833527240728, 4605
833626022888, 833626028306, 5418
833724811933, 833724817633, 5700
833823572297, 833823577742, 5445
833922395730, 833922400989, 5259
834021154319, 834021159164, 4845
834119995025, 834120000104, 5079
834218763303, 834218767743, 4440
834317573197, 834317578444, 5247
834416362980, 834416367642, 4662
834514968785, 834514980080, 11295
834613961513, 834613966352, 4839
834712735918, 834712740649, 4731
834811542375, 834811546992, 4617
834910337121, 834910341699, 4578
834950150736, 834950157435, 6699
835009211596, 835009216885, 5289
835107908777, 835107913826, 5049
835206637752, 835206642339, 4587
835305452686, 835305457624, 4938
835404304952, 835404309557, 4605
835502965351, 835502970226, 4875
835601833040, 835601838329, 5289
835700658097, 835700663131, 5034
835799460675, 835799465880, 5205
835898045989, 835898056447, 10458
835997022821, 835997028329, 5508
836095679107, 836095683649, 4542
836194571892, 836194576956, 5064
836293368512, 836293373192, 4680
836392181840, 836392187165, 5325
836490943612, 836490948418, 4806
836589785139, 836589790485, 5346
836688525581, 836688530036, 4455
836787363513, 836787368109, 4596
836886143555, 836886149174, 5619
836984943931, 836984948830, 4899
837083716202, 837083722979, 6777
837182448358, 837182453161, 4803
837281327529, 837281332992, 5463
837379926665, 837379937069, 10404
837478903479, 837478907754, 4275
837577700226, 837577704759, 4533
837676479300, 837676484445, 5145
837775196821, 837775201201, 4380
837874002782, 837874007192, 4410
837972873646, 837972877975, 4329
838071677600, 838071682460, 4860
838170631212, 838170641580, 10368
838268984541, 838268988168, 3627
838368028040, 838368033569, 5529
838466886056, 838466890982, 4926
838565441202, 838565454099, 12897
838664438793, 838664443833, 5040
838763192287, 838763199163, 6876
838862027642, 838862033822, 6180
838960776845, 838960781420, 4575
839059576757, 839059581620, 4863
839158396683, 839158402206, 5523
839257215547, 839257222126, 6579
839356016071, 839356022221, 6150
839454745635, 839454750564, 4929
839553726932, 839553735668, 8736
839652294586, 839652299515, 4929
839751182003, 839751187598, 5595
839849870417, 839849875244, 4827
839948663594, 839948668259, 4665
840047372072, 840047378822, 6750
840146240012, 840146244836, 4824
840245082616, 840245089159, 6543
840343676293, 840343684375, 8082
840442644362, 840442649096, 4734
840541477630, 840541482628, 4998
840640248915, 840640254666, 5751
840739041633, 840739046184, 4551
840837832553, 840837837458, 4905
840936642087, 840936647139, 5052
841035415587, 841035420249, 4662
841069788622, 841069795888, 7266
841232810662, 841232814892, 4230
841331770162, 841331774848, 4686
841430541034, 841430546266, 5232
841529375660, 841529380220, 4560
841628130939, 841628135490, 4551
841726934387, 841726940558, 6171
841825713893, 841825719275, 5382
841924766581, 841924773913, 7332
842023329372, 842023334484, 5112
842122128672, 842122133247, 4575
842221009864, 842221018423, 8559
842319709322, 842319715493, 6171
842418560140, 842418569728, 9588
842517116236, 842517126622, 10386
842616063899, 842616068549, 4650
842715101763, 842715114903, 13140
842813685303, 842813692923, 7620
842912448177, 842912453475, 5298
843011247306, 843011252439, 5133
843110002980, 843110007651, 4671
843208953558, 843208961391, 7833
843307629741, 843307634436, 4695
843407125750, 843407131222, 5472
843505159863, 843505164690, 4827
843604006711, 843604012159, 5448
843702858320, 843702866984, 8664
843801536581, 843801542425, 5844
843900382015, 843900386599, 4584
843999225750, 843999232371, 6621
844097915858, 844097921063, 5205
844196763259, 844196768722, 5463
844295526748, 844295532583, 5835
844394343360, 844394348100, 4740
844493221051, 844493225785, 4734
844591875083, 844591880063, 4980
844690672792, 844690678108, 5316
844789465734, 844789480764, 15030
844888295791, 844888300792, 5001
844987090503, 844987095462, 4959
845085884135, 845085888911, 4776
845184645407, 845184650324, 4917
845283438202, 845283443419, 5217
845382306124, 845382310822, 4698
845481019791, 845481024579, 4788
845579937600, 845579946141, 8541
845678657392, 845678662909, 5517
845777430564, 845777435397, 4833
845876264140, 845876270866, 6726
845975019789, 845975024064, 4275
846073829285, 846073836380, 7095
845862600592, 845862619630, 19038
845895471544, 845895478993, 7449
845961063590, 845961073016, 9426
845989804524, 845989811727, 7203
846059656139, 846059664557, 8418
846091577717, 846091585238, 7521
846158626915, 846158638948, 12033
846187595527, 846187602772, 7245
846256951505, 846256960451, 8946
846285878860, 846285886213, 7353
846356012561, 846356061826, 49265
846401313546, 846401323482, 9936
846454972803, 846454982274, 9471
846483521348, 846483528680, 7332
846553832366, 846553845098, 12732
846587069386, 846587077615, 8229
846652853302, 846652862563, 9261
846689688333, 846689696037, 7704
846751399608, 846751409439, 9831
846779259889, 846779267968, 8079
846850178410, 846850188382, 9972
846889337200, 846889345591, 8391
846948971102, 846948980558, 9456
846980974464, 846980981724, 7260
847047401169, 847047411702, 10533
847075478842, 847075486987, 8145
847146562463, 847146573131, 10668
847245352803, 847245362520, 9717
847276403108, 847276411127, 8019
847344141682, 847344152188, 10506
847372436053, 847372444087, 8034
847442953248, 847442964036, 10788
847484328365, 847484337470, 9105
847541721477, 847541732046, 10569
847572199752, 847572207468, 7716
847640527655, 847640538389, 10734
847669382677, 847669390129, 7452
847739316927, 847739327865, 10938
847778634189, 847778643681, 9492
847838104575, 847838114118, 9543
847865873743, 847865882584, 8841
847936893793, 847936905649, 11856
847965499949, 847965507446, 7497
848035700310, 848035710735, 10425
848063848111, 848063858512, 10401
848134480637, 848134490975, 10338
848165985181, 848165995090, 9909
848233639140, 848233647204, 8064
848272915519, 848272924672, 9153
848332062679, 848332074157, 11478
848360653385, 848360661161, 7776
848430847132, 848430857641, 10509
848466903008, 848466912707, 9699
848529801892, 848529817645, 15753
848628435363, 848628446400, 11037
848656201722, 848656209426, 7704
848727220406, 848727229322, 8916
848762559149, 848762571110, 11961
848826037164, 848826047913, 10749
848855724330, 848855731935, 7605
848924799840, 848924808789, 8949
848958515719, 848958524287, 8568
849023604516, 849023614197, 9681
849068511447, 849068518329, 6882
849122224386, 849122234938, 10552
849154935830, 849154943537, 7707
849220770597, 849220779924, 9327
849261697225, 849261709939, 12714
849319965870, 849319978284, 12414
849359211552, 849359222760, 11208
849418777566, 849418787574, 10008
849450573814, 849450581944, 8130
849517677156, 849517688658, 11502
849555603650, 849555616220, 12570
849616436306, 849616449419, 13113
849648125264, 849648133124, 7860
849715124049, 849715133760, 9711
849746587502, 849746594933, 7431
849813979725, 849813989115, 9390
849842335567, 849842343898, 8331
849912792645, 849912799857, 7212
849944410988, 849944418854, 7866
850011327077, 850011335147, 8070
850041918402, 850041927522, 9120
850110311519, 850110327965, 16446
850142996585, 850143004373, 7788
850209038175, 850209046962, 8787
850251754692, 850251769464, 14772
850307589589, 850307599702, 10113
850338277965, 850338288906, 10941
850406676170, 850406684165, 7995
850436500905, 850436512911, 12006
850505121032, 850505129921, 8889
850550232700, 850550241853, 9153
850618221726, 850618226307, 4581
850716788981, 850716797048, 8067
850816079775, 850816086792, 7017
850914556715, 850914563570, 6855
851013361286, 851013365690, 4404
851112203205, 851112208308, 5103
851210972068, 851210977381, 5313
851309534772, 851309541489, 6717
851408751268, 851408756182, 4914
851507133365, 851507137979, 4614
851606088064, 851606093080, 5016
851704894719, 851704900353, 5634
851804735027, 851804739836, 4809
851902468820, 851902473485, 4665
852001364169, 852001369146, 4977
852100060235, 852100065452, 5217
852206472212, 852206479634, 7422
852297496377, 852297509622, 13245
852396437678, 852396442046, 4368
852495326982, 852495333441, 6459
852593986296, 852593991579, 5283
852692885542, 852692890538, 4996
852791597401, 852791602054, 4653
852891740782, 852891744856, 4074
852989160518, 852989165063, 4545
853087988999, 853087993637, 4638
853187172939, 853187177778, 4839
853286480069, 853286493572, 13503
853384574945, 853384580012, 5067
853483047403, 853483053397, 5994
853581894026, 853581903182, 9156
853666489172, 853666494941, 5769
853694466647, 853694474969, 8322
853765377342, 853765386018, 8676
853795864902, 853795873635, 8733
853864253743, 853864262813, 9070
853909196401, 853909204870, 8469
853963230550, 853963240639, 10089
853991081889, 853991450919, 369030
854061785992, 854061794896, 8904
854092569832, 854092577116, 7284
854160571257, 854160581829, 10572
854194111010, 854194120031, 9021
854259364756, 854259372682, 7926
854294271029, 854294279936, 8907
854358083019, 854358091908, 8889
854390800473, 854390808018, 7545
854456844400, 854456852863, 8463
854489599682, 854489606744, 7062
854556234565, 854556245482, 10917
854587641661, 854587649863, 8202
854654833924, 854654844343, 10419
854686693480, 854686703002, 9522
854753337756, 854753346987, 9231
854797068209, 854797076486, 8277
854852336510, 854852347226, 10716
854879880637, 854879888110, 7473
854951305559, 854951315651, 10092
854981416811, 854981424398, 7587
855049918170, 855049927599, 9429
855085389257, 855085398095, 8838
855148676162, 855148687520, 11358
855184586983, 855184596370, 9387
855247699591, 855247708909, 9318
855287208058, 855287215429, 7371
855346415416, 855346424239, 8823
855387414256, 855387424681, 10425
855445045354, 855445057003, 11649
855473824004, 855473832020, 8016
855543840109, 855543851437, 11328
855594844663, 855594856303, 11640
855642652430, 855642662093, 9663
855670594899, 855670602456, 7557
855741777485, 855741787514, 10029
855779535750, 855779543820, 8070
855839832629, 855839841662, 9033
855881346767, 855881353664, 6897
855939018188, 855939029312, 11124
856038185239, 856038195694, 10455
856066801060, 856066808086, 7026
856136427666, 856136438742, 11076
856174103875, 856174111828, 7953
856235490259, 856235498788, 8529
856264230987, 856264238640, 7653
856334237851, 856334254507, 16656
856375014782, 856375023401, 8619
856433080101, 856433091093, 10992
856477614755, 856477623296, 8541
856531340804, 856531348619, 7815
856585284656, 856585293266, 8610
856630574826, 856630586391, 11565
856660768926, 856660776399, 7473
856729112762, 856729119248, 6486
856774062754, 856774071424, 8670
856827725708, 856827732665, 6957
856859537926, 856859546230, 8304
856926930322, 856926940603, 10281
856954170219, 856954178352, 8133
857025680288, 857025689927, 9639
857063033242, 857063041114, 7872
857124540427, 857124554383, 13956
857153904373, 857153912815, 8442
857222960977, 857222967841, 6864
857255710141, 857255718502, 8361
857321824375, 857321830231, 5856
857363139896, 857363150810, 10914
857420605784, 857420649835, 44051
857462886961, 857462896084, 9123
857519551803, 857519560776, 8973
857571006747, 857571016791, 10044
857618337152, 857618343599, 6447
857648699438, 857648706812, 7374
857717033589, 857717043498, 9909
857760938901, 857760947619, 8718
857815784551, 857815792765, 8214
857858490182, 857858501564, 11382
857914901897, 857914911626, 9729
857942946684, 857942954688, 8004
858013554497, 858013574360, 19863
858059764117, 858059773741, 9624
858112530756, 858112538886, 8130
858142850433, 858142866279, 15846
858211608616, 858211621705, 13089
858255840369, 858255856308, 15939
858310018198, 858310028788, 10590
858349476793, 858349484293, 7500
858408811751, 858408823055, 11304
858436750299, 858436757790, 7491
858507609174, 858507619749, 10575
858549967597, 858549974377, 6780
858606405346, 858606416716, 11370
858634546637, 858634555880, 9243
858705193844, 858705205757, 11913
858733211147, 858733218581, 7434
858803928898, 858803940829, 11931
858834744239, 858834753332, 9093
858902494176, 858902504820, 10644
858930131088, 858930138336, 7248
859001625253, 859001637184, 11931
859032534019, 859032541483, 7464
859100350639, 859100360317, 9678
859131354016, 859131362329, 8313
859199089292, 859199100185, 10893
859230723144, 859230730314, 7170
859297990891, 859297996660, 5769
859327871650, 859327881724, 10074
859396744182, 859396756545, 12363
859495722826, 859495737121, 14295
859539129843, 859539139461, 9618
859594325389, 859594335193, 9804
859627800148, 859627813405, 13257
859693140550, 859693150030, 9480
859732704202, 859732712644, 8442
859791966372, 859791977592, 11220
859822913579, 859822920965, 7386
859890721111, 859890731815, 10704
859925457608, 859925465810, 8202
859988829225, 859988834262, 5037
860023530599, 860023538573, 7974
860087995621, 860088002301, 6680
860128993414, 860129000872, 7458
860186817050, 860186851409, 34359
860222197087, 860222205850, 8763
860285899264, 860285907454, 8190
860316334264, 860316342121, 7857
860384183263, 860384361120, 177857
860418661114, 860418669862, 8748
860483482626, 860483494236, 11610
860511833638, 860511856876, 23238
860582280552, 860582290965, 10413
860614364027, 860614370912, 6885
860681033041, 860681043040, 9999
860716469404, 860716478536, 9132
860779853120, 860779863299, 10179
860810875369, 860810883394, 8025
860878629272, 860878639268, 9996
860909715196, 860909722939, 7743
860977432715, 860977441835, 9120
861020831286, 861020840577, 9291
861076231485, 861076242336, 10851
861107797285, 861107805457, 8172
861175314158, 861175332719, 18561
861207994699, 861208003729, 9030
861273877256, 861273891401, 14145
861305038946, 861305047703, 8757
861372679879, 861372696448, 16569
861416992987, 861417001603, 8616
861471410093, 861471418982, 8889
861502746547, 861502754491, 7944
861570201851, 861570210176, 8325
861600574817, 861600582758, 7941
861668941343, 861668951798, 10455
861710701863, 861710711328, 9465
861767426890, 861767520061, 93171
861820544723, 861820558418, 13695
861866407045, 861866417629, 10584
861895221997, 861895229500, 7503
861965515104, 861965529090, 13986
861996469719, 861996478593, 8874
862064109428, 862064118776, 9348
862101650125, 862101659098, 8973
862162913379, 862162924875, 11496
862204526177, 862204538144, 11967
862261761925, 862261771129, 9204
862303665657, 862303674366, 8709
862360486472, 862360496783, 10311
862397706296, 862397717123, 10827
862459278544, 862459289986, 11442
862557896751, 862557909219, 12468
862588194910, 862588203184, 8274
862656879239, 862656889892, 10653
862701412441, 862701420169, 7728
862755957443, 862755969824, 12381
862786466316, 862786474275, 7959
862854473916, 862854483756, 9840
862888709211, 862888721796, 12585
862953256399, 862953265333, 8934
862984550940, 862984560153, 9213
863052037683, 863052047709, 10026
863088483257, 863088491645, 8388
863150175839, 863150180867, 5028
863193631771, 863193641584, 9813
863249641930, 863249651725, 9795
863279223093, 863279229846, 6753
863348245207, 863348296076, 50869
863389023585, 863389035600, 12015
863447350155, 863447359596, 9441
863478777665, 863478788906, 11241
863545955337, 863545966554, 11217
863577942208, 863577951382, 9174
863644554994, 863644559716, 4722
863694572690, 863694581195, 8505
863743604080, 863743611748, 7668
863785153269, 863785161936, 8667
863842566663, 863842824980, 258317
863884641634, 863884652089, 10455
863941224899, 863941235966, 11067
863973205931, 863973213965, 8034
864040054773, 864040066248, 11475
864068407617, 864068415117, 7500
864138743019, 864138752565, 9546
864174382258, 864174391126, 8868
864237839924, 864237850696, 10772
864269930978, 864269938148, 7170
864336341821, 864336352753, 10932
864373391578, 864373402909, 11331
864435261685, 864435271180, 9495
864467311487, 864467318576, 7089
864534090736, 864534099994, 9258
864572091344, 864572099528, 8184
864632973946, 864632984614, 10668
864675253485, 864675262845, 9360
864731491081, 864731501890, 10809
864770929042, 864770936887, 7845
864830298422, 864830308871, 10449
864860729237, 864860737457, 8220
864929064043, 864929075299, 11256
864965595766, 864965607844, 12078
865027877415, 865027888767, 11352
865061468049, 865061476353, 8304
865126656682, 865126666258, 9576
865169075497, 865169087647, 12150
865225763969, 865225774004, 10035
865256450401, 865256460013, 9612
865324236689, 865324246745, 10056
865356650113, 865356657508, 7395
865423067507, 865423078475, 10968
865457324883, 865457333130, 8247
865521829459, 865521840421, 10962
865567481559, 865567489284, 7725
865621101271, 865621109362, 8091
865667941309, 865667949226, 7917
865719159998, 865719170681, 10683
865751411967, 865751420727, 8760
865817832193, 865817841856, 9663
865865011855, 865865021785, 9930
865916762716, 865916769157, 6441
865951600514, 865951609844, 9330
866015781052, 866015792632, 11580
866046481881, 866046489339, 7458
866114527505, 866114537639, 10134
866160932701, 866160942610, 9909
866213397718, 866213410282, 12564
866266786377, 866266796769, 10392
866312188226, 866312199713, 11487
866341498892, 866341505930, 7038
866410919492, 866410929155, 9663
866509748973, 866509759944, 10971
866540572246, 866540580865, 8619
866608740213, 866608750857, 10644
866649530670, 866649541194, 10524
866707498517, 866707508402, 9885
866753367765, 866753384991, 17226
866805925315, 866805931402, 6087
866835042837, 866835050220, 7383
866905136995, 866905146283, 9288
866935177462, 866935185541, 8079
867003937095, 867003947265, 10170
867043895426, 867043907318, 11892
867102115977, 867102122842, 6865
867140032542, 867140041866, 9324
867201317524, 867201328750, 11226
867241260867, 867241269246, 8379
867300094591, 867300104953, 10362
867340095061, 867340103260, 8199
867398894136, 867398901156, 7020
867441412800, 867441423057, 10257
867497401339, 867497409771, 8432
867554685713, 867554694515, 8802
867595940533, 867595945509, 4976
867626962310, 867626970299, 7989
867695226932, 867695237780, 10848
867742205004, 867742213911, 8907
867794063333, 867794074913, 11580
867824534616, 867824544174, 9558
867892834429, 867893136720, 302291
867937604956, 867937613581, 8625
867991517358, 867991527906, 10548
868027535858, 868027543424, 7566
868090230477, 868090240938, 10461
868132423255, 868132431325, 8070
868189226635, 868189239870, 13235
868220949677, 868220957504, 7827
868288003618, 868288013836, 10218
868317202742, 868317214781, 12039
868386835470, 868386846009, 10539
868420584622, 868420593520, 8898
868485611494, 868485621628, 10134
868528422828, 868528430697, 7869
868584395283, 868584405990, 10707
868683215776, 868683227218, 11442
868726106380, 868726114987, 8607
868781987956, 868781997427, 9471
868822622316, 868822630677, 8361
868880775715, 868880785084, 9369
868912469341, 868912478317, 8976
868979686143, 868979705076, 18933
869022110765, 869022123464, 12699
869078531334, 869078544315, 12981
869111062969, 869111071540, 8571
869176603379, 869176609736, 6357
869204773476, 869204781348, 7872
869275955734, 869275965352, 9618
869307268979, 869307276956, 7977
869374732454, 869374740761, 8307
869412443711, 869412452099, 8388
869473530430, 869473540231, 9801
869506793732, 869506801412, 7680
869572157552, 869572167245, 9693
869603688424, 869603695972, 7548
869671125959, 869671131707, 5748
869700687598, 869700695521, 7923
869769897118, 869769907054, 9936
869868504222, 869868509550, 5328
869905489944, 869905498500, 8556
869967347272, 869967354799, 7527
870012096142, 870012104419, 8277
870066199002, 870066203328, 4326
870104537469, 870104545155, 7686
870165180231, 870165191115, 10884
870200836471, 870200843572, 7101
870263771923, 870263806468, 34545
870299317672, 870299326204, 8532
870362890103, 870362899256, 9153
870394512913, 870394520149, 7236
870461423618, 870461433278, 9660
870490413330, 870490420659, 7329
870560329207, 870560343649, 14442
870588743737, 870588753301, 9564
870659208190, 870659519116, 310926
870688693009, 870688700752, 7743
870757812238, 870757821433, 9195
870799486327, 870799494583, 8256
870856598526, 870856607460, 8934
870899853866, 870899863925, 10059
870955408376, 870955419326, 10950
870984505119, 870984512514, 7395
871054191215, 871054200380, 9165
871095315804, 871095325797, 9993
871152996111, 871153005743, 9632
871183179742, 871183189048, 9306
871251658994, 871251667958, 8964
871295189521, 871295199469, 9948
871351012852, 871351027891, 15039
871382414054, 871382421431, 7377
871449421642, 871449440410, 18768
871491275973, 871491284511, 8538
871548084732, 871548093897, 9165
871580748480, 871580756886, 8406
871646930158, 871646940625, 10467
871686638630, 871686647324, 8694
871745730268, 871745740018, 9750
871776512467, 871776520564, 8097
871844518124, 871844528729, 10605
871876043677, 871876146310, 102633
871943319370, 871943329183, 9813
871971102462, 871971109749, 7287
872042161772, 872042169035, 7263
872085126396, 872085134442, 8046
872140891396, 872140900984, 9588
872170178611, 872170185655, 7044
872239511821, 872239521133, 9312
872270931436, 872270939425, 7989
872338471166, 872338480016, 8850
872371689974, 872371698386, 8412
872437261178, 872437271363, 10185
872467978331, 872467985678, 7347
872536052610, 872536063260, 10650
872567146412, 872567156663, 10251
872634852842, 872634861770, 8928
872677040751, 872677054566, 13815
872733649798, 872733659275, 9477
872761727826, 872761735497, 7671
872832483615, 872832493878, 10263
872862739806, 872862747639, 7833
872931242064, 872931250896, 8832
872961713909, 872961729047, 15138
873030134190, 873030149664, 15474
873073070834, 873073078709, 7875
873128531770, 873128541427, 9657
873161316857, 873161324459, 7602
873227331298, 873227341261, 9963
873282673178, 873282692144, 18966
873326010897, 873326016213, 5316
873356443923, 873356451174, 7251
873424980803, 873424992043, 11240
873466820972, 873466828619, 7647
873523680564, 873523689019, 8455
873556473189, 873556481682, 8493
873622704476, 873622713653, 9177
873658853556, 873658861182, 7626
873721556376, 873721566591, 10215
873766762296, 873766771599, 9303
873820459194, 873820472163, 12969
873859528094, 873859537871, 9777
873919150435, 873919160494, 10059
873950468011, 873950744923, 276912
874017926142, 874017936150, 10008
874045873026, 874045885881, 12855
874116714137, 874116724805, 10668
874151592741, 874151600079, 7338
874215334228, 874215342718, 8490
874247871230, 874247882063, 10833
874314274611, 874314284232, 9621
874343024415, 874343032323, 7908
874413090811, 874413101764, 10953
874446000996, 874446011181, 10185
874511500141, 874511509318, 9177
874552982322, 874552990911, 8589
874610744892, 874610757606, 12714
874645244898, 874645253733, 8835
874709462511, 874709472345, 9834
874753031860, 874753042054, 10194
874808270810, 874808280521, 9711
874839254804, 874839263630, 8826
874907066504, 874907075810, 9306
874950663121, 874950672481, 9360
875005845806, 875005854941, 9135
875047225829, 875047234367, 8538
875104616214, 875104625979, 9765
875139049612, 875139058423, 8811
875203447117, 875203457935, 10818
875245279396, 875245293535, 14139
875302220248, 875302230901, 10653
875335318743, 875335328229, 9486
875400984000, 875400994593, 10593
875437582956, 875437593426, 10470
875499788760, 875499798381, 9621
875533882342, 875533891735, 9393
875598586421, 875598596228, 9807
875626955264, 875626964114, 8850
875697396773, 875697406502, 9729
875732579985, 875732591547, 11562
875796207374, 875796218444, 11070
875825914735, 875825923096, 8361
875895023397, 875895034131, 10734
875923377671, 875923385426, 7755
875993775661, 875993785096, 9435
876031532078, 876031541462, 9384
876092552453, 876092563214, 10761
876120930837, 876120938433, 7596
876191284607, 876191291879, 7272
876238116996, 876238127643, 10647
876290131183, 876290142829, 11646
876318694215, 876318701262, 7047
876388942691, 876388953122, 10431
876417235216, 876417243154, 7938
876487729820, 876487739858, 10038
876518638919, 876518651936, 13017
876586501741, 876586509976, 8235
876615917245, 876615924808, 7563
876685314821, 876685324901, 10080
876713803479, 876713811384, 7905
876784111834, 876784122067, 10233
876817175937, 876817183179, 7242
876882901753, 876882911392, 9639
876911523611, 876911531099, 7488
876981420569, 876981430787, 10218
877027351933, 877027362184, 10251
877080172051, 877080181466, 9415
877112056968, 877112068296, 11328
877179028650, 877179035310, 6660
877210211937, 877210220406, 8469
877277744735, 877277754452, 9717
877318468662, 877318479306, 10644
877376882474, 877376893124, 10650
877406710506, 877406718684, 8178
877475642895, 877475652330, 9435
877505304127, 877505311399, 7272
877574756497, 877574766793, 10296
877610447000, 877610456597, 9597
877673299177, 877673312665, 13488
877701399434, 877701407489, 8055
877771947539, 877771960115, 12576
877870747152, 877870756764, 9612
877901028035, 877901035088, 7053
877969641258, 877969652208, 10950
877998339079, 877998346648, 7569
878068246987, 878068255558, 8571
878106047422, 878106055879, 8457
878167179864, 878167665562, 485698
878195874826, 878195883142, 8316
878266037094, 878266046628, 9534
878296913344, 878296919977, 6633
878364793213, 878364802570, 9357
878395332898, 878395339891, 6993
878463474333, 878463482340, 8007
878497117688, 878497126142, 8454
878562390952, 878562403092, 12140
878596085987, 878596095527, 9540
878661154215, 878661164454, 10239
878689125221, 878689133597, 8376
878760246085, 878760256378, 10293
878795042043, 878795049876, 7833
878858758257, 878858769015, 10758
878893248348, 878893256955, 8607
878957541713, 878957549870, 8157
878985371630, 878985380513, 8883
879056315063, 879056323580, 8517
879087852331, 879087859105, 6774
879155126203, 879155137312, 11109
879187979167, 879187987855, 8688
879253901863, 879253910632, 8769
879285897028, 879285905419, 8391
879352705779, 879352716036, 10257
879400301088, 879400316208, 15120
879451645094, 879451660571, 15477
879494262746, 879494271701, 8955
879549921147, 879549930396, 9249
879592626461, 879592634708, 8247
879649137616, 879649147942, 10326
879680445401, 879680454377, 8976
879747544319, 879747622299, 77980
879790177621, 879790186540, 8919
879846665665, 879846676237, 10572
879881189851, 879881200252, 10401
879944868490, 879944879575, 11085
879978255480, 879978263571, 8091
880044314546, 880044325706, 11160
880088511053, 880088518922, 7869
880143039089, 880143049079, 9990
880171737126, 880171753515, 16389
880241820222, 880241830035, 9813
880270576916, 880270585193, 8277
880340328250, 880340339842, 11592
880384346055, 880384357806, 11751
880439154399, 880439159751, 5352
880476668353, 880476678199, 9846
880538207368, 880538216770, 9402
880570964949, 880570973808, 8859
880637269982, 880637278190, 8208
880673090449, 880673098831, 8382
880735888798, 880735925380, 36582
880773253634, 880773262361, 8727
880834602411, 880834612809, 10398
880884701399, 880884711911, 10512
880933225817, 880933235417, 9600
880965967488, 880965975336, 7848
881032055108, 881032068173, 13065
881069320800, 881069330529, 9729
881130825572, 881130838202, 12630
881170108581, 881170123836, 15255
881229781785, 881229791505, 9720
881264332593, 881264341932, 9339
881328407584, 881328418045, 10461
881361522980, 881361530957, 7977
881427525586, 881427536731, 11145
881461234138, 881461245691, 11553
881526106049, 881526116720, 10671
881575729995, 881575740591, 10596
881624890682, 881624901074, 10392
881665738256, 881665747118, 8862
881723782786, 881723793139, 10353
881761990948, 881761999705, 8757
881822505641, 881822813120, 307479
881855411715, 881855419962, 8247
881921190362, 881921200661, 10299
881956416381, 881956424109, 7728
882020080104, 882020088999, 8895
882063889742, 882063904994, 15252
882118955023, 882118969591, 14568
882149946526, 882149954329, 7803
882217707505, 882217716742, 9237
882250069209, 882250079070, 9861
882316423911, 882316434597, 10686
882344683914, 882344698161, 14247
882415214549, 882415224014, 9465
882445778238, 882445785333, 7095
882514020657, 882514030431, 9774
882552346808, 882552355337, 8529
882612812370, 882612822686, 10316
882642678624, 882642692955, 14331
882711397691, 882711406454, 8763
882756017603, 882756026747, 9144
882810382544, 882810394139, 11595
882846799473, 882846807999, 8526
882909033475, 882909043711, 10236
882952653332, 882952661396, 8064
883007971270, 883007981248, 9978
883037961409, 883037969359, 7950
883106761178, 883106771057, 9879
883142222071, 883142229448, 7377
883205562751, 883205573377, 10626
883238295593, 883238307983, 12390
883304367818, 883304377628, 9810
883341966905, 883341975542, 8637
883403135699, 883403144999, 9300
883431341074, 883431350083, 9009
883501978151, 883501987754, 9603
883532270198, 883532277791, 7593
883600734566, 883600744385, 9819
883654266899, 883654275815, 8916
883699515563, 883699527122, 11559
883730333488, 883730343328, 9840
883798271829, 883798281951, 10122
883826922482, 883826930405, 7923
883897083630, 883897094751, 11121
883935221897, 883935232049, 10152
883996250739, 883996260081, 9342
884029960453, 884029971334, 10881
884094670394, 884094680951, 10557
884127537969, 884127553287, 15318
884193458056, 884193468529, 10473
884221691774, 884221700729, 8955
884292269279, 884292279656, 10377
884326202411, 884326210121, 7710
884391056772, 884391066876, 10104
884431231959, 884431243587, 11628
884489845335, 884489855622, 10287
884518311721, 884518319359, 7638
884588697846, 884588708157, 10311
884620734784, 884620745191, 10407
884687472790, 884687483281, 10491
884717175252, 884717182614, 7362
884786047194, 884786055339, 8145
884816685298, 884816692090, 6792
884884866380, 884884877636, 11256
884915472042, 884915479812, 7770
884983717579, 884983729510, 11931
885012959444, 885012969914, 10470
885082603433, 885082612910, 9477
885112944296, 885112959353, 15057
885181403029, 885181412830, 9801
885219759121, 885219767071, 7950
885279982464, 885279992844, 10380
885312182635, 885312189754, 7119
885378996605, 885379006919, 10314
885409379860, 885409387843, 7983
885477803626, 885477814600, 10974
885508595833, 885508603999, 8166
885576638902, 885576648655, 9753
885610103276, 885610118774, 15498
885675381778, 885675392413, 10635
885713546116, 885713554513, 8397
885774155926, 885774165448, 9522
885804558495, 885804565665, 7170
885873016076, 885873031730, 15654
885902614529, 885902622119, 7590
885971827160, 885971842838, 15678
886014116220, 886014124500, 8280
886070649022, 886070660323, 11301
886114376884, 886114385533, 8649
886169362148, 886169373047, 10899
886198103129, 886198110731, 7602
886268172853, 886268185309, 12456
886296208363, 886296217006, 8643
886366759206, 886366767915, 8709
886398944794, 886398952264, 7470
886465439069, 886465450712, 11643
886499969569, 886499978821, 9252
886564548799, 886564559863, 11064
886601197031, 886601207390, 10359
886663296654, 886663307259, 10605
886697858628, 886697867346, 8718
886762071123, 886762081071, 9948
886790311371, 886790319465, 8094
886860855804, 886860866787, 10983
886902629729, 886902638795, 9066
886959655334, 886959664853, 9519
886998731466, 886998739599, 8133
887058432379, 887058442357, 9978
887096325851, 887096335703, 9852
887157287835, 887157298254, 10419
887186624164, 887186634385, 10221
887256038079, 887256048801, 10722
887284158775, 887284167112, 8337
887354832147, 887354842197, 10050
887385062321, 887385070634, 8313
887453384953, 887453394724, 9771
887491349717, 887491357292, 7575
887552399872, 887552410411, 10539
887580148013, 887580157253, 9240
887651127459, 887651138862, 11403
887679822388, 887679830479, 8091
887749979252, 887749989341, 10089
887777897676, 887777905482, 7806
887848776503, 887848786718, 10215
887886647580, 887886655677, 8097
887947582430, 887947849848, 267418
887993411895, 887993423136, 11241
888046378914, 888046389324, 10410
888074394891, 888074402415, 7524
888145153600, 888145164622, 11022
888177101551, 888177108934, 7383
888243937948, 888243947344, 9396
888271693081, 888271702954, 9873
888342528361, 888342537568, 9207
888373091853, 888373105404, 13551
888441537361, 888441547564, 10203
888469241938, 888469250950, 9012
888540273990, 888540285516, 11526
888568203656, 888568211150, 7494
888638834817, 888638844807, 9990
888671168364, 888671180418, 12054
888737805118, 888737816155, 11037
888765651932, 888765659579, 7647
888836757024, 888836764971, 7947
888866376826, 888866389075, 12249
888935482072, 888935492779, 10707
888977103422, 888977115677, 12255
889034327059, 889034336452, 9393
889065513783, 889065521364, 7581
889133082271, 889133091106, 8835
889163122036, 889163136448, 14412
889231810173, 889231821519, 11346
889260200896, 889260209539, 8643
889330649590, 889330659817, 10227
889361200878, 889361212584, 11706
889429475305, 889429484935, 9630
889458068016, 889458079083, 11067
889528166884, 889528178053, 11169
889556310244, 889556317501, 7257
889627052168, 889627061723, 9555
889661518141, 889661528641, 10500
889725817796, 889725827504, 9708
889754405475, 889754412492, 7017
889824653325, 889824662457, 9132
889854771986, 889854779471, 7485
889923253053, 889923259077, 6024
889966172712, 889966183653, 10941
890022202828, 890022211933, 9105
890059214882, 890059224500, 9618
890120593965, 890120604117, 10152
890154847662, 890154856698, 9036
890219811349, 890219819869, 8520
890253629508, 890253640710, 11202
890318558171, 890318569589, 11418
890356243906, 890356252921, 9015
890417479865, 890417495204, 15339
890451653850, 890451665295, 11445
890516176428, 890516185674, 9246
890550550796, 890550558653, 7857
890615166369, 890615175708, 9339
890643303964, 890643310567, 6603
890713902858, 890713914108, 11250
890748197214, 890748207135, 9921
890812853980, 890812864870, 10890
890840952151, 890840962117, 9966
890911366295, 890911375667, 9372
890942461914, 890942470170, 8256
891010155195, 891010165731, 10536
891038335661, 891038343323, 7662
891108952453, 891108962509, 10056
891136616652, 891136627524, 10872
891207453257, 891207463349, 10092
891235721525, 891235731854, 10329
891306336807, 891306345630, 8823
891331306794, 891331311126, 4332
891405273515, 891405283235, 9720
891435889827, 891435902016, 12189
891504014971, 891504024616, 9645
891530183269, 891530197192, 13923
891603076378, 891603085495, 9117
891630421586, 891630428036, 6450
891701657353, 891701666794, 9441
891732195687, 891732204954, 9267
891800716230, 891800727755, 11525
891834930356, 891834938432, 8076
891899499085, 891899510473, 11388
891926670310, 891926677915, 7605
891998042830, 891998052106, 9276
892028664747, 892028678061, 13314
892096831632, 892096841622, 9990
892125676101, 892125684366, 8265
892195868120, 892195878314, 10194
892232544492, 892232551902, 7410
892294418726, 892294429910, 11184
892321821395, 892321828436, 7041
892393348492, 892393357426, 8934
892436033815, 892436047051, 13236
892492213064, 892492223273, 10209
892521557484, 892521565248, 7764
892590845693, 892590854732, 9039
892635835843, 892635845158, 9315
892689304270, 892689313906, 9636
892728182032, 892728190036, 8004
892788634421, 892788650153, 15732
892818410543, 892818421445, 10902
892887342290, 892887353366, 11076
892933553838, 892933565649, 11811
892985945651, 892985956094, 10443
893014708049, 893014715558, 7509
893084730610, 893084740816, 10206
893122765979, 893122774379, 8400
893183537916, 893183548527, 10611
893228954743, 893228963368, 8625
893282323426, 893282333692, 10266
893310820736, 893310833864, 13128
893381086233, 893381096190, 9957
893419255652, 893419263836, 8184
893479913753, 893479924301, 10548
893515369477, 893515377214, 7737
893578695424, 893578706155, 10731
893613990044, 893613997433, 7389
893677508580, 893677519197, 10617
893707795669, 893707804633, 8964
893776283888, 893776294001, 10113
893818846214, 893818854404, 8190
893875079175, 893875089243, 10068
893903263075, 893903270971, 7896
893973897218, 893973911645, 14427
894003408271, 894003415171, 6900
894072677675, 894072688193, 10518
894100964681, 894100972862, 8181
894171445912, 894171455704, 9792
894203270721, 894203283495, 12774
894270524824, 894270538630, 13806
894300180859, 894300189433, 8574
894369038830, 894369049684, 10854
894411068171, 894411077081, 8910
894467823212, 894467832842, 9630
894496267421, 894496274897, 7476
894566612626, 894566622580, 9954
894606804452, 894606817163, 12711
894665165698, 894665176384, 10686
894699926945, 894699937349, 10404
894764216210, 894764227211, 11001
894792976989, 894792985116, 8127
894862969319, 894862980347, 11028
894901000436, 894901009946, 9510
894961797172, 894961806415, 9243
894998407550, 894998417564, 10014
895060586229, 895060595430, 9201
895091977076, 895091984297, 7221
895159381195, 895159391275, 10080
895191475890, 895191483609, 7719
895258192499, 895258202351, 9852
895295510329, 895295519179, 8850
895357022913, 895357037271, 14358
895393857644, 895393865930, 8286
895455406378, 895455413059, 6681
895501809976, 895501820629, 10653
895554548027, 895554558440, 10413
895590708687, 895590717216, 8529
895653344075, 895653355097, 11022
895683861219, 895683870618, 9399
895752167354, 895752178466, 11112
895783421394, 895783431669, 10275
895850991178, 895851001936, 10758
895880729179, 895880739364, 10185
895949726563, 895949736637, 10074
895980574581, 895980582780, 8199
896048495950, 896048506600, 10650
896080193324, 896080204028, 10704
896147303500, 896147315080, 11580
896246150637, 896246156460, 5823
896278860725, 896278867937, 7212
896344900275, 896344909455, 9180
896386611913, 896386621144, 9231
896443538772, 896443549185, 10413
896473371547, 896473379107, 7560
896542243681, 896542254439, 10758
896592092211, 896592103962, 11751
896640606621, 896640611955, 5334
896671872988, 896671880692, 7704
896739849935, 896739860699, 10764
896791079844, 896791092873, 13029
896838605851, 896838611986, 6135
896879231881, 896879240839, 8958
896937931221, 896937940815, 9594
896989044432, 896989055973, 11541
897036388975, 897036398284, 9309
897079121793, 897079131582, 9789
897135030367, 897135036946, 6579
897170748313, 897170757280, 8967
897234035704, 897234045418, 9714
897264199898, 897264207557, 7659
897333130334, 897333147509, 17175
897378305333, 897378315893, 10560
897431410198, 897431419462, 9264
897471993118, 897472002253, 9135
897530375471, 897530385917, 10446
897576407169, 897576416037, 8868
897629172572, 897629182706, 10134
897662335798, 897662343541, 7743
897727471718, 897727480781, 9063
897764909118, 897764916927, 7809
897826760053, 897826769038, 8985
897861605931, 897861613581, 7650
897925547417, 897925557983, 10566
897956953033, 897956960377, 7344
898024256521, 898024267369, 10848
898059193810, 898059201652, 7842
898123116897, 898123126545, 9648
898159971767, 898159979537, 7770
898221919279, 898221928555, 9276
898254799807, 898254808234, 8427
898320737230, 898320749041, 11811
898367606891, 898367614433, 7542
898419530703, 898419539919, 9216
898441827161, 898441857224, 30063
898539834017, 898539846929, 12912
898638815273, 898638823781, 8508
872056161249, 872056170096, 8847
872154791143, 872154795724, 4581
872253643552, 872253650194, 6642
872352436004, 872352441167, 5163
872451226040, 872451230585, 4545
872550038180, 872550045224, 7044
872648708314, 872648713228, 4914
872747604360, 872747609352, 4992
872846394720, 872846399916, 5196
872945146919, 872945151749, 4830
873043942433, 873043948937, 6504
873142744882, 873142750555, 5673
873241332128, 873241340093, 7965
873340319382, 873340325331, 5949
873439353812, 873439364021, 10209
873538009368, 873538016007, 6639
873636775674, 873636780771, 5097
873735500223, 873735505416, 5193
873834345800, 873834352019, 6219
873933046996, 873933052405, 5409
874031891248, 874031896291, 5043
874130676277, 874130681620, 5343
874230111122, 874230118457, 7335
874328288595, 874328293605, 5010
874427563647, 874427583978, 20331
874525824387, 874525831209, 6822
874624762044, 874624766874, 4830
874723467569, 874723472366, 4797
874822227333, 874822231779, 4446
874921013236, 874921020655, 7419
875019749450, 875019757412, 7962
875118600775, 875118606556, 5781
875217220468, 875217234526, 14058
875316182846, 875316187862, 5016
875414945698, 875414950012, 4314
875513808436, 875513814373, 5937
875612562593, 875612567684, 5091
875711397376, 875711402866, 5490
875810133497, 875810138381, 4884
875909196920, 875909202413, 5493
876007902360, 876007909437, 7077
876106527162, 876106532208, 5046
876205332387, 876205340190, 7803
876304073178, 876304079196, 6018
876402912664, 876402918940, 6276
876501654992, 876501660461, 5469
876600454642, 876600459130, 4488
876699287430, 876699294384, 6954
876798305175, 876798319827, 14652
876896836217, 876896841671, 5454
876995611535, 876995616725, 5190
877094559951, 877094565903, 5952
877193133750, 877193139786, 6036
877291849551, 877291860924, 11373
877390745430, 877390751319, 5889
877489601500, 877489606405, 4905
877588372172, 877588376972, 4800
877687183418, 877687190438, 7020
877785989806, 877785996103, 6297
877818116488, 877818127756, 11268
877884763277, 877884769439, 6162
877983542500, 877983547279, 4779
878082575678, 878082584426, 8748
878181148750, 878181156700, 7950
878378751166, 878378755870, 4704
878477410724, 878477416766, 6042
878576306332, 878576311428, 5096
878675120094, 878675125050, 4956
878773878711, 878773883508, 4797
878872710108, 878872715190, 5082
878971500938, 878971506845, 5907
879070298156, 879070305716, 7560
879169063726, 879169070110, 6384
879267862045, 879267869173, 7128
879366471569, 879366480899, 9330
879465454448, 879465458984, 4536
879564228398, 879564234287, 5889
879663056510, 879663062243, 5733
879761832529, 879761837296, 4767
879860574199, 879860579002, 4803
879959413758, 879959418687, 4929
880058226459, 880058236335, 9876
880156937924, 880156943582, 5658
880255784250, 880255788927, 4677
880354523673, 880354529328, 5655
880453450114, 880453455781, 5667
880552126686, 880552132380, 5694
880650929643, 880650934566, 4923
880749745985, 880749751748, 5763
880848506447, 880848513581, 7134
880947307818, 880947312573, 4755
881046155700, 881046161928, 6228
881144870583, 881144876520, 5937
881243731621, 881243738401, 6780
881342464031, 881342468894, 4863
881441109412, 881441113627, 4215
881539895364, 881539907748, 12384
881638856825, 881638861463, 4638
881737621027, 881737627699, 6672
881836455234, 881836460475, 5241
882034072497, 882034080017, 7520
882132857482, 882132862345, 4863
882231596196, 882231601632, 5436
882330446658, 882330451665, 5007
882429360818, 882429369578, 8760
882527999102, 882528008333, 9231
882626761581, 882626768601, 7020
882725626878, 882725633784, 6906
882824340387, 882824344710, 4323
882923039426, 882923047217, 7791
883021955135, 883021960013, 4878
883120749784, 883120754371, 4587
883219503766, 883219509658, 5892
883318234415, 883318239413, 4998
883417121741, 883417126445, 4704
883515942365, 883515949661, 7296
883614564083, 883614577937, 13854
883713449308, 883713454111, 4803
883812245984, 883812251525, 5541
883911078541, 883911083311, 4770
884009856610, 884009861218, 4608
884108603283, 884108607909, 4626
884207454218, 884207458823, 4605
884306363303, 884306371184, 7881
884405017008, 884405021805, 4797
884503824952, 884503830001, 5049
884602524532, 884602529263, 4731
884701365042, 884701369701, 4659
884800222126, 884800231231, 9105
884899016124, 884899022307, 6183
884997762932, 884997769124, 6192
885096558299, 885096563165, 4866
885195355387, 885195360376, 4989
885294220558, 885294225334, 4776
885392853925, 885392858560, 4635
885491748289, 885491753308, 5019
885590530586, 885590535767, 5181
885689117620, 885689125696, 8076
885788113611, 885788118369, 4758
885886883855, 885886889831, 5976
885985706535, 885985711347, 4812
886084996105, 886085001496, 5391
886183299107, 886183303148, 4041
886282081282, 886282085980, 4698
886380850609, 886380858061, 7452
886479778218, 886479786930, 8712
886578441576, 886578447360, 5784
886677253003, 886677258031, 5028
886776024846, 886776030588, 5742
886874853053, 886874860412, 7359
886973628614, 886973633438, 4824
887072362175, 887072368166, 5991
887171220098, 887171225894, 5796
887270003824, 887270008660, 4836
887368934936, 887368940924, 5988
887467727567, 887467735517, 7950
887566380737, 887566385747, 5010
887665134727, 887665140070, 5343
887764003149, 887764009812, 6663
887862726429, 887862731850, 5421
887961342018, 887961348171, 6153
888060252054, 888060256710, 4656
888159322480, 888159331180, 8700
888257944879, 888257949508, 4629
888356693406, 888356698041, 4635
888455517643, 888455523709, 6066
888554122202, 888554127539, 5337
888653080371, 888653085486, 5115
888751880093, 888751884578, 4485
888850682527, 888850687144, 4617
888949438616, 888949444568, 5952
889048261248, 889048266387, 5139
889147096072, 889147102117, 6045
889245845428, 889245850423, 4995
889344405510, 889344413436, 7926
889443419715, 889443424779, 5064
889542215656, 889542220663, 5007
889640978307, 889640983485, 5178
889739802762, 889739808102, 5340
889838382230, 889838390030, 7800
889937433099, 889937441688, 8589
890036159908, 890036166076, 6168
890135083584, 890135090940, 7356
890233738873, 890233743724, 4851
890332378173, 890332389939, 11766
890439690356, 890439736346, 45990
890530126200, 890530130979, 4779
890628903814, 890628909451, 5637
890727744402, 890727750732, 6330
890826455331, 890826460707, 5376
890925276204, 890925282198, 5994
891024078371, 891024085406, 7035
891122793396, 891122797851, 4455
891221657519, 891221664515, 6996
891331136232, 891331142994, 6762
891419282559, 891419287344, 4785
891524773051, 891524782243, 9192
891616742774, 891616748336, 5562
891716271329, 891716285366, 14037
891814409784, 891814416456, 6672
891913236883, 891913242202, 5319
892018978968, 892019054454, 75486
892110778833, 892110784704, 5871
892209778995, 892209786816, 7821
892308373625, 892308379859, 6234
892407119383, 892407124570, 5187
892505983443, 892505987952, 4509
892604914804, 892604923507, 8703
892703300044, 892703304310, 4266
892802286206, 892802290703, 4497
892901144940, 892901150112, 5172
893000036681, 893000043635, 6954
893098751336, 893098757588, 6252
893197465243, 893197470508, 5265
893296304630, 893296309610, 4980
893395032575, 893395037696, 5121
893493856004, 893493860504, 4500
893592675097, 893592680773, 5676
893691418558, 893691423286, 4728
893790430328, 893790436832, 6504
893889251509, 893889256606, 5097
893987830558, 893987835178, 4620
894086603711, 894086609279, 5568
894185363666, 894185368646, 4980
894284222706, 894284228220, 5514
894383067664, 894383076448, 8784
894481812563, 894481819466, 6903
894580605131, 894580612247, 7116
894679364858, 894679370183, 5325
894778199409, 894778204764, 5355
894876782585, 894876792485, 9900
894975761351, 894975766133, 4782
895074542582, 895074547880, 5298
895173320721, 895173325629, 4908
895272026581, 895272031246, 4665
895370900840, 895370905751, 4911
895469745373, 895469749738, 4365
895568495877, 895568503113, 7236
895667303436, 895667308503, 5067
895766054238, 895766059284, 5046
895864814677, 895864820068, 5391
895963671189, 895963675932, 4743
896062437629, 896062441907, 4278
896161291887, 896161297527, 5640
896196866781, 896196876603, 9822
896260167959, 896260175066, 7107
896358705691, 896358717085, 11394
896457623362, 896457627766, 4404
896556337284, 896556341436, 4152
896655216619, 896655220975, 4356
896753925255, 896753930154, 4899
896852582140, 896852589649, 7509
896951371785, 896951379894, 8109
897050158278, 897050167623, 9345
897149157235, 897149161780, 4545
897247952324, 897247957886, 5562
897346696274, 897346702274, 6000
897445558252, 897445562785, 4533
897544286763, 897544292220, 5457
897643151833, 897643156414, 4581
897742013724, 897742018266, 4542
897840672072, 897840678357, 6285
897939527132, 897939531563, 4431
898038266515, 898038271891, 5376
898137101263, 898137105760, 4497
898235875308, 898235880207, 4899
898334648419, 898334653267, 4848
898433437334, 898433441744, 4410
898532355677, 898532360951, 5274
898630820026, 898630827232, 7206
898729602355, 898729607503, 5148
898829069912, 898829078795, 8883
898927856106, 898927864743, 8637
899026428835, 899026436863, 8028
899125265668, 899125274296, 8628
899224311696, 899224322364, 10668
538964357271, 538964357463, 192
539063411990, 539063418686, 6696
539162529098, 539162534555, 5457
539245066239, 539245069548, 3309
539351712950, 539351716865, 3915
539370817480, 539370820105, 2625
539450652527, 539450655950, 3423
539489404366, 539489406724, 2358
539489464102, 539489465107, 1005
539520853156, 539520858232, 5076
539520878626, 539520879556, 930
539783406873, 539783410095, 3222
539841760070, 539841766943, 6873
539841799358, 539841800687, 1329
539925656720, 539925656975, 255
540110845366, 540110849920, 4554
540110871892, 540110873077, 1185
541191648732, 541191649002, 270
541191773049, 541191779826, 6777
541318926562, 541318926868, 306
541490440310, 541490443340, 3030
541493588930, 541493591672, 2742
541493608712, 541493609714, 1002
541626210121, 541626210379, 258
541657765078, 541657767439, 2361
541781727392, 541781727677, 285
541801350017, 541801354277, 4260
541801371767, 541801372721, 954
541877783625, 541877789589, 5964
541877813679, 541877814825, 1146
542019160442, 542019160746, 304
542026758005, 542026761194, 3189
542026776872, 542026777865, 993
542116861250, 542116863329, 2079
542116999979, 542117001152, 1173
542152491847, 542152498084, 6237
542187133545, 542187143364, 9819
542251310587, 542251317970, 7383
542058112737, 542058119985, 7248
542115827177, 542115834062, 6885
542126978455, 542126986375, 7920
542127010762, 542127011722, 960
542262508780, 542262509065, 285
542271901106, 542271907892, 6786
542273505095, 542273509895, 4800
542363182049, 542363184173, 2124
542363203940, 542363204933, 993
542562264467, 542562264914, 447
542562422840, 542562424760, 1920
542562535910, 542562537743, 1833
542661616800, 542661621600, 4800
542760597722, 542760604262, 6540
542859712593, 542859719532, 6939
542958355663, 542958359476, 3813
543057273544, 543057277189, 3645
543156191424, 543156196869, 5445
543255113862, 543255119163, 5301
543354037682, 543354042455, 4773
543452945377, 543452950000, 4623
543551992448, 543551999747, 7299
543595383008, 543595391342, 8334
543650782332, 543650786883, 4551
543749705636, 543749710352, 4716
543848753537, 543848761466, 7929
543947521819, 543947526439, 4620
544046478245, 544046482781, 4536
544145609197, 544145614363, 5166
544244309269, 544244313931, 4662
544343271966, 544343276565, 4599
544442160836, 544442165543, 4707
544540985512, 544540990909, 5397
544639792984, 544639800919, 7935
544738741499, 544738752431, 10932
544837852591, 544837858129, 5538
544936684394, 544936689071, 4677
545035735902, 545035740666, 4764
545134630312, 545134635598, 5286
545233543533, 545233550853, 7320
545332455051, 545332459845, 4794
545431365585, 545431371360, 5775
545530274923, 545530281544, 6621
545629220773, 545629225402, 4629
545728170841, 545728176994, 6153
545827050254, 545827055009, 4755
545926040445, 545926045083, 4638
546024679892, 546024687725, 7833
546123812827, 546123817579, 4752
546222760299, 546222765138, 4839
546321723425, 546321728504, 5079
546420515730, 546420520686, 4956
546519519152, 546519523640, 4488
546505853202, 546505862649, 9447
546544964645, 546544973744, 9099
546604278149, 546604288016, 9867
546649249363, 546649257280, 7917
546703345687, 546703357348, 11661
546735614675, 546735622346, 7671
546802292194, 546802302232, 10038
546844877032, 546844887439, 10407
546900874036, 546900880594, 6558
547000151932, 547000166137, 14205
547037254126, 547037263549, 9423
547099071175, 547099081990, 10815
547138151545, 547138161352, 9807
547197984776, 547197994571, 9795
547238202417, 547238212020, 9603
547395217629, 547395225960, 8331
547431184341, 547431193050, 8709
547494703397, 547494713198, 9801
547527353145, 547527361149, 8004
547593676832, 547593686723, 9891
547630921662, 547630930539, 8877
547692590711, 547692599576, 8865
547726336032, 547726343658, 7626
547791670341, 547791679638, 9297
547830497973, 547830506217, 8244
547890434985, 547890443832, 8847
547935392251, 547935400999, 8748
547989450036, 547989459858, 9822
548021526254, 548021534201, 7947
548088259060, 548088267934, 8874
548124282432, 548124290385, 7953
548187440911, 548187453436, 12525
548229935644, 548229948289, 12645
548286124707, 548286135279, 10572
548317137993, 548317148376, 10383
548384963232, 548384972940, 9708
548419206370, 548419216603, 10233
548483927975, 548483937740, 9765
548515663792, 548515672252, 8460
548582833714, 548582843650, 9936
548614106864, 548614115471, 8607
548681792433, 548681803428, 10995
548732533107, 548732541834, 8727
548794755527, 548794760507, 4980
548893711996, 548893717834, 5838
548992304110, 548992313122, 9012
549091542736, 549091549195, 6459
549190300557, 549190305345, 4788
549289061794, 549289069339, 7545
549388299297, 549388305453, 6156
549486900985, 549486908464, 7479
549586168444, 549586173100, 4656
549572395032, 549572405430, 10398
549611267941, 549611278714, 10773
549670987998, 549670997406, 9408
549722272458, 549722283252, 10794
549769909585, 549769920250, 10665
549809764638, 549809774025, 9387
549868855041, 549868864962, 9921
549919611589, 549919628407, 16818
549967764073, 549967775433, 11360
550066669533, 550066679274, 9741
550109711992, 550109720440, 8448
550165630475, 550165641764, 11289
550210550726, 550210558655, 7929
550264625246, 550264640864, 15618
550309458633, 550309467192, 8559
550378348973, 550378356053, 7080
550476464733, 550476470829, 6096
550575433436, 550575440537, 7101
550674386919, 550674395559, 8640
550773096572, 550773101453, 4881
550872033297, 550872037755, 4458
550970779545, 550970784753, 5208
551072996570, 551073003209, 6639
551168733810, 551168741022, 7212
551267485400, 551267493263, 7863
551352037548, 551352043659, 6111
551398749792, 551398758003, 8211
551451370181, 551451376883, 6702
551481643796, 551481652910, 9114
551550703792, 551550713269, 9477
551582190708, 551582199069, 8361
551649809065, 551649819784, 10719
551695604389, 551695621084, 16695
551748570217, 551748578917, 8700
551783322806, 551783332811, 10005
551847255189, 551847265854, 10665
551883314017, 551883323110, 9093
551946010071, 551946021327, 11256
551980050666, 551980061319, 10653
552045053462, 552045061973, 8511
552079711527, 552079719486, 7959
552143965725, 552143974572, 8847
552172135811, 552172143860, 8049
552242880256, 552242890675, 10419
552274504601, 552274512269, 7668
552341881083, 552341890737, 9654
552373632503, 552373640783, 8280
552440834828, 552441098812, 263984
552473805643, 552473813194, 7551
552539667013, 552539677447, 10434
552571367699, 552571378055, 10356
552638632043, 552638643047, 11004
552693068570, 552693077774, 9204
552737526077, 552737538992, 12915
552787391484, 552787402086, 10602
552836433589, 552836443594, 10005
552884491980, 552884499807, 7827
552966691996, 552966701158, 9162
553048199440, 553048204453, 5013
553078454227, 553078460548, 6321
553147212581, 553147218923, 6342
553231756698, 553231764363, 7665
553239851949, 553239855387, 3438
553239871389, 553239872805, 1416
553271869722, 553271877684, 7962
553330861913, 553330869683, 7770
553360766894, 553360775753, 8859
553430079840, 553430086872, 7032
553462732195, 553462741669, 9474
553528571015, 553528578857, 7842
553564064336, 553564071449, 7113
553628058271, 553628075434, 17163
553663640592, 553663648008, 7416
553726743911, 553726752707, 8796
553758765161, 553758773663, 8502
553825657032, 553825667349, 10317
553859795370, 553859803983, 8613
553924541756, 553924552265, 10509
553980227324, 553980239243, 11919
554023512254, 554023523702, 11448
554056196354, 554056203611, 7257
554122435563, 554122445340, 9777
554158057470, 554158067391, 9921
554221378220, 554221388600, 10380
554258668823, 554258677856, 9033
554320296908, 554320306208, 9300
554351878246, 554351885944, 7698
554419221558, 554419231995, 10437
554453612687, 554453622509, 9822
554517887615, 554517897884, 10269
554546446871, 554546454533, 7662
554617014052, 554617024672, 10620
554651971144, 554651980336, 9192
554715966036, 554715976848, 10812
554747077625, 554747085896, 8271
554814930870, 554814945147, 14277
554844713326, 554844722116, 8790
554913786246, 554913796302, 10056
554946799950, 554946810135, 10185
555012718159, 555012727792, 9633
555050806480, 555050814688, 8208
555111660321, 555111670188, 9867
555141238157, 555141246506, 8349
555210643850, 555210658346, 14496
555255541237, 555255549664, 8427
555309467017, 555309477931, 10914
555346451543, 555346459631, 8088
555408377894, 555408388796, 10902
555442459242, 555442466985, 7743
555507286066, 555507297277, 11211
555537497330, 555537504743, 7413
555606211948, 555606223102, 11154
555661862026, 555661870849, 8823
555705143195, 555705153125, 9930
555733313968, 555733321762, 7794
555804057498, 555804067101, 9603
555835141339, 555835149199, 7860
555902985745, 555902995918, 10173
555936956401, 555936964048, 7647
556001893352, 556002162234, 268882
556031593147, 556031602246, 9099
556100808696, 556100818488, 9792
556199772863, 556199782682, 9819
556229708960, 556229718488, 9528
556298630146, 556298639416, 9270
556328427605, 556328436059, 8454
556397605665, 556397615451, 9786
556430008398, 556430016381, 7983
556496414954, 556496425598, 10644
556525696297, 556525704934, 8637
556595399074, 556595410726, 11652
556629486821, 556629495782, 8961
556694340768, 556694351778, 11010
556729535248, 556729543618, 8370
556793203966, 556793216437, 12471
556825603789, 556825612327, 8538
556892189137, 556892198869, 9732
556920476044, 556920484441, 8397
556991077705, 556991088289, 10584
557023885598, 557023906649, 21051
557090067111, 557090080935, 13824
557136751899, 557136761823, 9924
557189193557, 557189205185, 11628
557242741433, 557242751519, 10086
557287889086, 557287898794, 9708
557323710390, 557323722501, 12111
557386772773, 557386785478, 12705
557428990359, 557429000121, 9762
557485573918, 557485584448, 10530
557520217638, 557520226755, 9117
557584576878, 557584585923, 9045
557619321205, 557619330643, 9438
557683836917, 557683846352, 9435
557722296903, 557722306974, 10071
557782730141, 557782739438, 9297
557817130993, 557817139084, 8091
557881208605, 557881218049, 9444
557925214070, 557925221603, 7533
557980506743, 557980516559, 9816
558015872922, 558015883275, 10353
558079515375, 558079523423, 8048
558111343370, 558111353036, 9666
558178191032, 558178201256, 10224
558225362011, 558225371974, 9963
558277098238, 558277108702, 10464
558307836739, 558307844239, 7500
558376012212, 558376021569, 9357
558415963454, 558415971149, 7695
558474946577, 558474957080, 10503
558507619441, 558507632251, 12810
558573825469, 558573834823, 9354
558605901682, 558605910982, 9300
558673261191, 558673268091, 6900
558731492211, 558731500302, 8091
558785417916, 558785422446, 4530
558884550059, 558884554835, 4776
558983608499, 558983613125, 4626
559021235180, 559021242272, 7092
559082639711, 559082647049, 7338
559181277299, 559181281658, 4359
559211264056, 559211271100, 7044
559280187830, 559280194541, 6711
559379197915, 559379202661, 4746
559478103880, 559478108437, 4557
559577043839, 559577049215, 5376
559675927768, 559675932844, 5076
559774840845, 559774845525, 4680
559873851021, 559873855656, 4635
559972729822, 559972735387, 5565
560071421845, 560071430131, 8286
560116384398, 560116391265, 6867
560269445588, 560269450676, 5088
560368508106, 560368514478, 6372
560467355825, 560467360364, 4539
560566267338, 560566271715, 4377
560665085379, 560665090383, 5004
560764071191, 560764075970, 4779
560863002078, 560863007586, 5508
560961991960, 560961996409, 4449
561060783375, 561060788499, 5124
561159748935, 561159757353, 8418
561258624729, 561258630261, 5532
561357405604, 561357412764, 7160
561456408823, 561456414535, 5712
561555401844, 561555406332, 4488
561654261389, 561654266630, 5241
561753162380, 561753166958, 4578
561851960446, 561851970559, 10113
561951186558, 561951193065, 6507
562050039349, 562050044074, 4725
562148935745, 562148941382, 5637
562247909524, 562247915251, 5727
562293942130, 562293948415, 6285
562346780804, 562346786381, 5577
562445714610, 562445719254, 4644
562544505300, 562544518938, 13638
562629258610, 562629264706, 6096
562669855638, 562669863888, 8250
562727844766, 562727848819, 4053
562767693965, 562767701906, 7941
562827721641, 562827728445, 6804
562855604655, 562855612761, 8106
562926659979, 562926669003, 9024
562965303412, 562965311563, 8151
563025515020, 563025521692, 6672
563059483111, 563059493302, 10191
563124392160, 563124402420, 10260
563172472146, 563172481527, 9381
563222979444, 563222989689, 10245
563259432551, 563259440645, 8094
563322107194, 563322116824, 9630
563358193605, 563358204258, 10653
563420296824, 563420303916, 7092
563454237291, 563454246882, 9591
563519877460, 563519885284, 7824
563563306716, 563563321176, 14460
563618963877, 563618974581, 10704
563660875131, 563660883606, 8475
563718335445, 563718344835, 9390
563761267649, 563761277714, 10065
563816463849, 563816470422, 6573
563850291851, 563850299495, 7644
563915293209, 563915301615, 8406
563954758107, 563954774358, 16251
564014294559, 564014304186, 9627
564047805905, 564047815001, 9096
564113591768, 564113600657, 8889
564153542509, 564153551401, 8892
564212037019, 564212044912, 7893
564244841685, 564244856148, 14463
564311246866, 564311256715, 9849
564344906362, 564344914915, 8553
564409869851, 564409876748, 6897
564445215963, 564445225065, 9102
564509049959, 564509059199, 9240
564541199940, 564541214088, 14148
564607878143, 564607886540, 8397
564640715162, 564640722914, 7752
564706863960, 564706873698, 9738
564739020798, 564739032018, 11220
564806074597, 564806083969, 9372
564838474909, 564838483597, 8688
564904762370, 564904772018, 9648
564956958262, 564956968129, 9867
565003139256, 565003144857, 5601
565036083209, 565036091231, 8022
565102723008, 565102734255, 11247
565135225684, 565135233427, 7743
565201520185, 565201531246, 11061
565229598979, 565229611873, 12894
565300411443, 565300422423, 10980
565399238366, 565399248494, 10128
565432747057, 565432755247, 8190
565498464913, 565498473880, 8967
565529012727, 565529026290, 13563
565597322457, 565597332243, 9786
565627987265, 565627995143, 7878
565696383676, 565696393117, 9441
565727919189, 565727931498, 12309
565795456812, 565795466739, 9927
565826790186, 565826797809, 7623
565894108282, 565894117549, 9267
565927734244, 565927743448, 9204
565992895370, 565992904925, 9555
566024557878, 566024570304, 12426
566092071212, 566092079750, 8538
566124564651, 566124573651, 9000
566190690869, 566190699230, 8361
566225831494, 566225839984, 8490
566289866064, 566289875016, 8952
566321863394, 566321871728, 8334
566388943309, 566388953707, 10398
566427014855, 566427024806, 9951
566487473797, 566487484447, 10650
566518943803, 566518952686, 8883
566586638353, 566586651169, 12816
566617064994, 566617074072, 9078
566685330097, 566685341407, 11310
566722645453, 566722654474, 9021
566784207752, 566784218291, 10539
566813808335, 566813816438, 8103
566883041626, 566883052576, 10950
566915553431, 566915561522, 8091
566981890462, 566981900770, 10308
567018216350, 567018226292, 9942
567080711504, 567080720522, 9018
567110081251, 567110089246, 7995
567179562382, 567179572555, 10173
567212073228, 567212082849, 9621
567278400355, 567278409373, 9018
567311155741, 567311164495, 8754
567377312647, 567377322283, 9636
567408190718, 567408200411, 9693
567476140791, 567476149296, 8505
567509144690, 567509152919, 8229
567574980932, 567574991603, 10671
567602890092, 567602899347, 9255
567673781868, 567673790895, 9027
567719194323, 567719202756, 8433
567772584755, 567772594214, 9459
567808106633, 567808115810, 9177
567871455966, 567871465035, 9069
567903065139, 567903074037, 8898
567970296620, 567970306115, 9495
568006765835, 568006774067, 8232
568069162937, 568069173485, 10548
568112761407, 568112769804, 8397
568167999772, 568168015378, 15606
568199966246, 568199974589, 8343
568266835714, 568266846514, 10800
568302333188, 568302341423, 8235
568365663898, 568365675139, 11241
568464371780, 568464376238, 4458
568503832616, 568503842369, 9753
568563357153, 568563367659, 10506
568593721411, 568593728461, 7050
568662180051, 568662190389, 10338
568691878490, 568691886581, 8091
568760710620, 568760720253, 9633
568789741910, 568789749329, 7419
568859867009, 568859876891, 9882
568899875684, 568899885101, 9417
568958528112, 568958542413, 14301
569001658994, 569001669017, 10023
569057566080, 569057576529, 10449
569089621329, 569089630782, 9453
569156421653, 569156431799, 10146
569184529242, 569184536919, 7677
569254807007, 569254815269, 8262
569296824278, 569296832486, 8208
569354088038, 569354099156, 11118
569391719463, 569391728556, 9093
569452955726, 569452965458, 9732
569498544162, 569498552583, 8421
569551803983, 569551814195, 10212
569585724379, 569585733652, 9273
569650417593, 569650423980, 6387
569680808585, 569680817573, 8988
569749284567, 569749292904, 8337
569795134109, 569795142647, 8538
569848266090, 569848276968, 10878
569886787093, 569886795346, 8253
569947134617, 569947144916, 10299
570003823435, 570003833341, 9906
570046003051, 570046013221, 10170
570084299760, 570084307707, 7947
570144667994, 570144678638, 10644
570175748907, 570175756629, 7722
570243488050, 570243499069, 11019
570274153786, 570274161310, 7524
570342746558, 570342759920, 13362
570371824265, 570371831597, 7332
570441395818, 570441410755, 14937
570474724603, 570474732496, 7893
570540157225, 570540166489, 9264
570576398073, 570576407481, 9408
570638991755, 570639002141, 10386
570670635668, 570670643150, 7482
570737839647, 570737849646, 9999
570785583544, 570785596276, 12732
570836663070, 570836672301, 9231
570935521843, 570935826185, 304342
570985256284, 570985263976, 7692
571034391988, 571034401483, 9495
571075732400, 571075746794, 14394
571133219923, 571133231116, 11193
571170887025, 571170895776, 8751
571232058855, 571232070678, 11823
571266008351, 571266016823, 8472
571330894731, 571330904460, 9729
571368507771, 571368517368, 9597
571429734285, 571429744647, 10362
571528373844, 571528383111, 9267
571568264249, 571568275043, 10794
571627446361, 571627456696, 10335
571659454765, 571659462574, 7809
571726250194, 571726259803, 9609
571758830772, 571758838806, 8034
571825072102, 571825082377, 10275
571857673422, 571857681759, 8337
571923947573, 571923958550, 10977
571955409944, 571955417903, 7959
572022781409, 572022791708, 10299
572058499846, 572058508666, 8820
572121626717, 572121636995, 10278
572152168522, 572152176652, 8130
572220458024, 572220467555, 9531
572251941623, 572251949168, 7545
572319352706, 572319363161, 10455
572358558575, 572358567572, 8997
572418132669, 572418141903, 9234
572449698878, 572449706282, 7404
572516987692, 572516998378, 10686
572547520067, 572547526970, 6903
572615844416, 572615865200, 20784
572649165519, 572649176688, 11169
572714690783, 572714700497, 9714
572757911252, 572757919808, 8556
572813514874, 572813524000, 9126
572860560781, 572860570795, 10014
572911950256, 572911954615, 4359
572943153010, 572943160579, 7569
573011199843, 573011207457, 7614
573044339793, 573044347431, 7638
573110131192, 573110140105, 8913
573154176607, 573154187017, 10410
573208846790, 573208856828, 10038
573241449358, 573241457056, 7698
573307734273, 573307744653, 10380
573351130326, 573351138498, 8172
573406644320, 573406654787, 10467
573448784924, 573448793786, 8862
573505383549, 573505394019, 10470
573543295025, 573543304373, 9348
573604253132, 573604262537, 9405
573648795531, 573648805503, 9972
573703029010, 573703039576, 10566
573732136314, 573732145305, 8991
573801968082, 573801978114, 10032
573832119745, 573832128322, 8577
573900450092, 573900457001, 6909
573933096407, 573933104363, 7956
573999574574, 573999584279, 9705
574031234481, 574031243040, 8559
574098046710, 574098057816, 11106
574136293680, 574136303292, 9612
574197482520, 574197499245, 16725
574228930367, 574228939742, 9375
574296200912, 574296210455, 9543
574340596211, 574340604869, 8658
574395019633, 574395029449, 9816
574429492436, 574429503080, 10644
574493819079, 574493830707, 11628
574592774726, 574592787614, 12888
574637050021, 574637065750, 15729
574691520490, 574691530855, 10365
574733282303, 574733295359, 13056
574790321227, 574790331181, 9954
574825280695, 574825289329, 8634
574889176404, 574889185677, 9273
574925131431, 574925145162, 13731
574987992230, 574988000747, 8517
575019445969, 575019454279, 8310
575086877735, 575086887542, 9807
575118595056, 575118602994, 7938
575185721504, 575185728308, 6804
575221472788, 575221480675, 7887
575284573064, 575284582622, 9558
575317296353, 575317305422, 9069
575383452648, 575383460940, 8292
575419897646, 575419905725, 8079
575482250179, 575482259602, 9423
575518145768, 575518154045, 8277
575581090163, 575581100981, 10818
575613935157, 575613949404, 14247
575680017319, 575680026847, 9528
575726841317, 575726854493, 13176
575778921636, 575778934782, 13146
575812574655, 575812583403, 8748
575877648606, 575877659322, 10716
575907290854, 575907302839, 11985
575976561894, 575976573354, 11460
576014010050, 576014019191, 9141
576074849750, 576074860232, 10482
576115036662, 576115045590, 8928
576174105449, 576174113882, 8433
576215758137, 576215766837, 8700
576272661230, 576272667383, 6153
576306022190, 576306029879, 7689
576371426304, 576371432343, 6039
576402331601, 576402339713, 8112
576470542883, 576470550983, 8100
576521841321, 576521851809, 10488
576583230965, 576583235828, 4863
576682095918, 576682103139, 7221
576781247160, 576781253970, 6810
576814920906, 576814931241, 10335
576881228450, 576881234867, 6417
576978591098, 576978596825, 5727
577077673339, 577077678811, 5472
577176305739, 577176314937, 9198
577275121728, 577275129399, 7671
577374151761, 577374156573, 4812
577472986473, 577472990997, 4524
577571945206, 577571950759, 5553
577603574867, 577603589822, 14955
577671304720, 577671321130, 16410
577769358563, 577769370746, 12183
577868396379, 577868401548, 5169
577967361461, 577967365751, 4290
578066079358, 578066084008, 4650
578164974562, 578164980022, 5460
578263721065, 578263726474, 5409
578364026686, 578364039322, 12636
578462198273, 578462210498, 12225
578560251060, 578560255770, 4710
578659227040, 578659232869, 5829
578757926965, 578757931438, 4473
578856578280, 578856587367, 9087
578955614253, 578955618804, 4551
579054304502, 579054317699, 13197
579082014812, 579082022024, 7212
579153665750, 579153670493, 4743
579252050191, 579252056683, 6492
579336593474, 579336601376, 7902
579373997390, 579374006039, 8649
579436242146, 579436249181, 7035
579471418032, 579471425160, 7128
579534703158, 579534713553, 10395
579564180368, 579564187565, 7197
579633617857, 579633627772, 9915
579676095601, 579676104073, 8472
579732716715, 579732726264, 9549
579766614250, 579766626916, 12666
579831260375, 579831271208, 10833
579877647089, 579877657544, 10455
579943846379, 579943851164, 4785
580042878496, 580042883776, 5280
580141797376, 580141804153, 6777
580240577176, 580240581892, 4716
580339251001, 580339258540, 7539
580438013561, 580438018361, 4800
580536911832, 580536925719, 13887
580621691830, 580621696366, 4536
580671227869, 580671235816, 7947
580721141618, 580721151296, 9678
580763702012, 580763711627, 9615
580819797208, 580819814404, 17196
580863838760, 580863856001, 17241
580918547460, 580918559553, 12093
580961805753, 580961815560, 9807
581016723710, 581016729386, 5676
581049073313, 581049081140, 7827
581116246957, 581116257172, 10215
581146972235, 581146980923, 8688
581215022240, 581215031999, 9759
581249619228, 581249627688, 8460
581313886261, 581313895636, 9375
581344685802, 581344698699, 12897
581412722359, 581412733123, 10764
581443813841, 581443822595, 8754
581511461023, 581511470071, 9048
581542883080, 581542898929, 15849
581610406267, 581610416770, 10503
581651993835, 581652009702, 15867
581709543644, 581709552938, 9294
581740904850, 581740913799, 8949
581808092624, 581808102563, 9939
581839753747, 581839764664, 10917
581906939837, 581906949848, 10011
581938206125, 581938214087, 7962
582005664324, 582005672826, 8502
582035746808, 582035761676, 14868
582104144798, 582104155757, 10959
582154025821, 582154038298, 12477
582203185639, 582203193751, 8112
582232357449, 582232365228, 7779
582301873234, 582301882516, 9282
582334476761, 582334490567, 13806
582401412942, 582401422881, 9939
582432858525, 582432868293, 9768
582500361401, 582500556302, 194901
582535490515, 582535507741, 17226
582599060872, 582599070949, 10077
582628680389, 582628687652, 7263
582697572734, 582697581260, 8526
582744260560, 582744276988, 16428
582795959923, 582795965059, 5136
582834450544, 582834459550, 9006
582895331128, 582895340485, 9357
582929701158, 582929709024, 7866
582994141097, 582994151936, 10839
583036816284, 583036824861, 8577
583093060617, 583093070562, 9945
583125762064, 583125770536, 8472
583192018597, 583192034860, 16263
583224837427, 583224846067, 8640
583290678083, 583290689891, 11808
583321126110, 583321134681, 8571
583389547588, 583389557536, 9948
583422201945, 583422210525, 8580
583488335636, 583488347033, 11397
583520170200, 583520183652, 13452
583586942497, 583586951209, 8712
583619410705, 583619420326, 9621
583685859148, 583685871484, 12336
583784782806, 583784790282, 7476
583826716881, 583826724810, 7929
583883735239, 583883746303, 11064
583919674994, 583919682839, 7845
583982576613, 583982586702, 10089
584017222177, 584017231018, 8841
584081406090, 584081417034, 10944
584134154350, 584134163509, 9159
584179838874, 584179844142, 5268
584210773559, 584210781941, 8382
584279080589, 584279091080, 10491
584310300153, 584310307548, 7395
584377937605, 584377948222, 10617
584420848621, 584420863582, 14961
584476764156, 584476774575, 10419
584506278175, 584506286626, 8451
584575613097, 584575627515, 14418
584604479210, 584604486413, 7203
584674480334, 584674492553, 12219
584704791364, 584704801411, 10047
584773603014, 584773615602, 12588
584803449893, 584803457171, 7278
584872428114, 584872441185, 13071
584905631599, 584905640509, 8910
584971041769, 584971052491, 10722
585002172449, 585002187293, 14844
585070070625, 585070080057, 9432
585100060633, 585100064866, 4233
585168924886, 585168933055, 8169
585216369622, 585216378934, 9312
585267520702, 585267530065, 9363
585300244244, 585300252092, 7848
585366275957, 585366760308, 484351
585400158599, 585400172780, 14181
585485904372, 585485915859, 11487
585486720969, 585486726708, 5739
585515016948, 585515020194, 3246
585515038074, 585515039163, 1089
585572479807, 585572488522, 8715
585622717358, 585622721933, 4575
585628990532, 585628994105, 3573
585675080084, 585675087647, 7563
585730051205, 585730053905, 2700
585730310711, 585730312379, 1668
585736426949, 585736430198, 3249
585777336731, 585777344615, 7884
585823590633, 585823594788, 4155
585874311215, 585874319318, 8103
585973423242, 585973430148, 6906
586072192123, 586072197063, 4940
586171029090, 586171034940, 5850
586269866830, 586269873454, 6624
586368712106, 586368716930, 4824
586467548291, 586467553160, 4869
586566458584, 586566463975, 5391
586665441308, 586665446375, 5067
586764081190, 586764085708, 4518
586794917461, 586794925027, 7566
586862798481, 586862804145, 5664
586961787362, 586961792798, 5436
587060636517, 587060646255, 9738
587159474539, 587159479075, 4536
587258256915, 587258262150, 5235
587357514029, 587357522939, 8910
587456000444, 587456005049, 4605
587555035556, 587555043968, 8412
587653497477, 587653509996, 12519
587752504018, 587752508659, 4641
587851312944, 587851318155, 5211
587950295138, 587950300565, 5427
588049042170, 588049048098, 5928
588147868295, 588147873179, 4884
588246675314, 588246679973, 4659
588345546118, 588345550645, 4527
588444389792, 588444394082, 4290
588543239565, 588543244857, 5292
588642073449, 588642078039, 4590
588740944799, 588740950100, 5301
588839753028, 588839757666, 4638
588938589356, 588938593889, 4533
589037564806, 589037768362, 203556
589136067918, 589136073105, 5187
589235130275, 589235134835, 4560
589334044833, 589334049333, 4500
589432647357, 589432659321, 11964
589531668019, 589531672399, 4380
589630366245, 589630371828, 5583
589729352520, 589729357311, 4791
589828160676, 589828165074, 4398
589927037852, 589927042154, 4302
590025880639, 590025885520, 4881
590124690894, 590124695733, 4839
590223628514, 590223633473, 4959
590322407790, 590322413013, 5223
590421256762, 590421262699, 5937
590520031586, 590520036116, 4530
590618965758, 590618971863, 6105
590717807754, 590717812227, 4473
590816577506, 590816582675, 5169
590915607055, 590915617366, 10311
591014277456, 591014282484, 5028
591113086869, 591113091453, 4584
591211765822, 591211774129, 8307
591310780862, 591310785755, 4893
591409649912, 591409655645, 5733
591508492952, 591508497938, 4986
591607449057, 591607457751, 8694
591706182176, 591706188131, 5955
591804996936, 591805001787, 4851
591903858302, 591903865571, 7269
592002817761, 592002822576, 4815
592101601083, 592101606192, 5109
592200363005, 592200367766, 4761
592299220261, 592299225331, 5070
592398074289, 592398080103, 5814
592496879472, 592496884521, 5049
592595728882, 592595732701, 3819
592694609623, 592694615347, 5724
592793447706, 592793452794, 5088
592892331733, 592892337271, 5538
592919062063, 592919069086, 7023
592991088685, 592991092555, 3870
593089748573, 593089756124, 7551
593188843440, 593188848537, 5097
593287638969, 593287643544, 4575
593386488087, 593386492713, 4626
593485329597, 593485334610, 5013
593584139762, 593584144511, 4749
593682774291, 593682779205, 4914
593781896863, 593781903841, 6978
593880634722, 593880639612, 4890
593979567805, 593979576343, 8538
594078257273, 594078262907, 5634
594177202283, 594177208355, 6072
594276035147, 594276039998, 4851
594374903599, 594374908315, 4716
594473822251, 594473829325, 7074
594572548461, 594572552685, 4224
594671478544, 594671483836, 5292
594770057964, 594770066316, 8352
594869112341, 594869120147, 7806
594967983203, 594967988042, 4839
595066912180, 595066918210, 6030
595165562345, 595165566950, 4605
595264586255, 595264596134, 9879
595363381465, 595363386790, 5325
595462145369, 595462150553, 5184
595561083323, 595561088627, 5304
595659821752, 595659826963, 5211
595758752658, 595758757803, 5145
595857493672, 595857498904, 5232
595956196084, 595956201376, 5292
595997320230, 595997327595, 7365
596055212240, 596055217622, 5382
596153999794, 596154004543, 4749
596252869132, 596252873947, 4815
596351819845, 596351827840, 7995
596450353380, 596450362677, 9297
596549351224, 596549355925, 4701
596648268287, 596648275127, 6840
596747060634, 596747065515, 4881
596845883338, 596845887622, 4284
596944728810, 596944733784, 4974
597043596707, 597043601279, 4572
597142507691, 597142516295, 8604
597241292663, 597241298213, 5550
597340121105, 597340125902, 4797
597438971181, 597438975624, 4443
597537775890, 597537780408, 4518
597636558278, 597636562898, 4620
597735467289, 597735471939, 4650
597834242988, 597834247761, 4773
597933176198, 597933182105, 5907
598032029587, 598032034153, 4566
598130685488, 598130698130, 12642
598229699914, 598229892130, 192216
598328518418, 598328524376, 5958
598427384224, 598427388529, 4305
598526126482, 598526132086, 5604
598625027393, 598625031965, 4572
598723856538, 598723861908, 5370
598822781861, 598822787306, 5445
598921595971, 598921601173, 5202
599020488481, 599020494166, 5685
599048806516, 599048814445, 7929
599119236440, 599119240850, 4410
599218220934, 599218226286, 5352
599316943062, 599316951012, 7950
599415802712, 599415808451, 5739
599514784103, 599514790502, 6399
599613437324, 599613442526, 5202
599712375945, 599712382989, 7044
599811326170, 599811335416, 9246
599909799697, 599909806984, 7287
600008778592, 600008784481, 5889
600107684265, 600107689257, 4992
600206516521, 600206522128, 5607
600305330914, 600305335618, 4704
600404140479, 600404145189, 4710
600503063853, 600503070981, 7128
600601651983, 600601659066, 7083
600700740081, 600700745173, 5092
600799511488, 600799516516, 5028
600898366797, 600898371768, 4971
600997273434, 600997279590, 6156
601096260292, 601096267738, 7446
601194955424, 601194960833, 5409
601293658648, 601293674176, 15528
601392626047, 601392630718, 4671
601491426568, 601491431494, 4926
601590283960, 601590289654, 5694
601689081251, 601689085922, 4671
601787949239, 601787953523, 4284
601886853185, 601886858939, 5754
601985606838, 601985611665, 4827
602084475359, 602084479682, 4323
602183183973, 602183188569, 4596
602282147299, 602282151682, 4383
602381062039, 602381068585, 6546
602479848052, 602479852786, 4734
602578715111, 602578720031, 4920
602677734145, 602677739521, 5376
602776364769, 602776370940, 6171
602875198978, 602875205287, 6309
602974038868, 602974044094, 5226
603072728354, 603072740456, 12102
603171943279, 603171951754, 8475
603270560055, 603270565068, 5013
603369454413, 603369459978, 5565
603468533942, 603468538826, 4884
603567165480, 603567171798, 6318
603665997386, 603666004049, 6663
603764773387, 603764777776, 4389
603863646414, 603863652615, 6201
603962450224, 603962455735, 5511
604061327955, 604061333151, 5196
604160142928, 604160148643, 5715
604258989310, 604258993822, 4512
604357851622, 604357857094, 5472
604456619075, 604456626149, 7074
604555524271, 604555529098, 4827
604654351055, 604654355621, 4566
604753208863, 604753213537, 4674
604852187573, 604852194587, 7014
604889070021, 604889077038, 7017
604950917751, 604950923502, 5751
605049736120, 605049740392, 4272
605148600875, 605148611249, 10374
605191208461, 605191217920, 9459
605247479377, 605247484108, 4731
605346267887, 605346272432, 4545
605445121761, 605445127041, 5280
605543967715, 605543972488, 4773
605642840391, 605642846538, 6147
605741626836, 605741632671, 5835
605840493084, 605840499696, 6612
605939372410, 605939380537, 8127
606038171236, 606038175988, 4752
606137034348, 606137039187, 4839
606235853314, 606235858465, 5151
606334713170, 606334717892, 4722
606433481359, 606433486180, 4821
606532379258, 606532384118, 4860
606729997152, 606730001958, 4806
606828852336, 606828856791, 4455
606927526426, 606927533263, 6837
607026574603, 607026579838, 5235
607125426156, 607125433425, 7269
607224239195, 607224245672, 6477
607323204159, 607323210906, 6747
607421926969, 607421932510, 5541
607520764480, 607520770309, 5829
607620417797, 607620422309, 4512
607718490678, 607718496705, 6027
607817390411, 607817395571, 5160
607916043776, 607916049953, 6177
608015099833, 608015104276, 4443
608113821442, 608113827523, 6081
608212779743, 608212791989, 12246
608311723621, 608311730455, 6834
608410329653, 608410334315, 4662
608509164682, 608509170319, 5637
608608045645, 608608050004, 4359
608706884115, 608706890187, 6072
608805751532, 608805757025, 5493
608904613140, 608904621285, 8145
609003388080, 609003394404, 6324
609102272880, 609102278559, 5679
609200919479, 609200931386, 11907
609299902343, 609299907317, 4974
609398964212, 609398973533, 9321
609497556403, 609497562016, 5613
609596441488, 609596447392, 5904
609695543488, 609695561533, 18045
609794166322, 609794171806, 5484
609893005589, 609893012240, 6651
609991811152, 609991818082, 6930
610090610008, 610090614877, 4869
610288344681, 610288349952, 5271
610387015868, 610387021193, 5325
610486068727, 610486075810, 7083
610584833878, 610584839209, 5331
610683788794, 610683795541, 6747
610782543934, 610782548623, 4689
610881260179, 610881264826, 4647
610980241755, 610980246663, 4908
610669720198, 610669730254, 10056
610713459721, 610713468532, 8811
610768295006, 610768302923, 7917
610797721876, 610797730258, 8382
610867423064, 610867432217, 9153
610915842025, 610915850368, 8343
610966269659, 610966279082, 9423
610998163011, 610998171906, 8895
611065104588, 611065114764, 10176
611105165003, 611105172965, 7962
611163928448, 611163938492, 10044
611197649792, 611197659044, 9252
611262789596, 611262800012, 10416
611361640498, 611361651010, 10512
611403432260, 611403441266, 9006
611460457806, 611460467340, 9534
611492521244, 611492531354, 10110
611559305821, 611559315280, 9459
611590829823, 611590838292, 8469
611658175581, 611658181842, 6261
611696522165, 611696531768, 9603
611756702576, 611756712120, 9544
611796295316, 611796303470, 8154
611855846655, 611855856492, 9837
611893635251, 611893643924, 8673
611954507693, 611954516351, 8658
611985222404, 611985230720, 8316
612053535752, 612053544329, 8577
612092945322, 612093019371, 74049
612152381812, 612152393047, 11235
612181831034, 612181838672, 7638
612250973012, 612250982789, 9777
612283634585, 612283646438, 11853
612350059997, 612350069210, 9213
612382598683, 612382606729, 8046
612448819854, 612448830540, 10686
612479573887, 612479582521, 8634
612547734609, 612547745208, 10599
612583233170, 612583241156, 7986
612646578671, 612646588196, 9525
612675669551, 612675677525, 7974
612745478485, 612745488226, 9741
612787335248, 612787343561, 8313
612844084419, 612844092945, 8526
612876021328, 612876029665, 8337
612943086791, 612943096760, 9969
612980599468, 612980610535, 11067
613041936982, 613041947092, 10110
613079493684, 613079503566, 9882
613140764127, 613140773613, 9486
613179451186, 613179460951, 9765
613239605043, 613239618732, 13689
613285823173, 613285833259, 10086
613337797571, 613337802386, 4815
613372852737, 613372860408, 7671
613437322477, 613437331975, 9498
613469181638, 613469189063, 7425
613536133021, 613536142420, 9399
613570403153, 613570410266, 7113
613635096560, 613635112727, 16167
613667400006, 613667410278, 10272
613733779821, 613733790912, 11091
613766911790, 613766919257, 7467
613832640009, 613832650989, 10980
613871069564, 613871081774, 12210
613931500458, 613931511555, 11097
613971754152, 613971763515, 9363
614030318250, 614030327814, 9564
614060542511, 614060550056, 7545
614129137751, 614129152718, 14967
614168644499, 614168655566, 11067
614227917839, 614227928066, 10227
614256532057, 614256539482, 7425
614326787165, 614326797386, 10221
614425713436, 614425723723, 10287
614461967681, 614461977275, 9594
614524494672, 614524504281, 9609
614554962261, 614554969959, 7698
614623387861, 614623399069, 11208
614653399312, 614653407724, 8412
614722222579, 614722233973, 11394
614751892589, 614751901733, 9144
614821081074, 614821091253, 10179
614865424116, 614865433131, 9015
614919920618, 614919931514, 10896
614954629438, 614954642449, 13011
615018834910, 615018850333, 15423
615047588616, 615047597040, 8424
615117589380, 615117599589, 10209
615151096342, 615151103719, 7377
615216438459, 615216449271, 10812
615246135752, 615246143387, 7635
615315293336, 615315304382, 11046
615346286155, 615346294318, 8163
615414135230, 615414144716, 9486
615461963724, 615461971632, 7908
615512964245, 615512974154, 9909
615543963148, 615543971008, 7860
615611828460, 615611838636, 10176
615642913418, 615642921230, 7812
615710961728, 615710975750, 14022
615754229413, 615754241797, 12384
615809489168, 615809502272, 13104
615840403579, 615840410782, 7203
615907679921, 615907685768, 5847
615949872998, 615949882892, 9894
616006959042, 616006969269, 10227
616040078499, 616040087802, 9303
616106018243, 616106027582, 9339
616137526418, 616137534194, 7776
616204854235, 616204863814, 9579
616236295682, 616236309959, 14277
616303700042, 616303710029, 9987
616335505822, 616335513664, 7842
616402547641, 616402556689, 9048
616449114966, 616449123294, 8328
616501353805, 616501364185, 10380
616534008045, 616534016184, 8139
616600206857, 616600217732, 10875
616640686548, 616640695371, 8823
616699059153, 616699069326, 10173
616746495656, 616746503489, 7833
616798096470, 616798106739, 10269
616845327125, 616845341060, 13935
616896717932, 616896729677, 11745
616955368402, 616955377345, 8943
616995291194, 616995297710, 6516
617029461489, 617029472289, 10800
617094288204, 617094297210, 9006
617130281819, 617130289529, 7710
617193292774, 617193302236, 9462
617223545336, 617223557960, 12624
617292292088, 617292301307, 9219
617333615414, 617333622080, 6666
617390947108, 617390957353, 10245
617434019061, 617434028661, 9600
617489992496, 617490002438, 9942
617525519457, 617525530215, 10758
617588605897, 617588619328, 13431
617619080230, 617619088849, 8619
617687296179, 617687304789, 8610
617720410367, 617720421326, 10959
617800314022, 617800318780, 4758
617900479760, 617900486138, 6378
617998122910, 617998131973, 9063
618096854825, 618096861158, 6333
618195545307, 618195549825, 4518
618294452115, 618294456645, 4530
618393101552, 618393110372, 8820
618492091490, 618492096284, 4794
618591013054, 618591017968, 4914
618689879952, 618689884953, 5001
618788659936, 618788664454, 4518
618887517067, 618887522260, 5193
618986432528, 618986441858, 9330
619085249916, 619085254962, 5046
619184001421, 619184007178, 5757
619282872556, 619282877227, 4671
619381524301, 619381532767, 8466
619480567131, 619480572357, 5226
619579471774, 619579476322, 4548
619678352904, 619678357962, 5058
619777093975, 619777099159, 5184
619875978707, 619875983276, 4569
619974843505, 619974848620, 5115
620073624620, 620073630029, 5409
620172471951, 620172477045, 5094
620271426405, 620271432009, 5604
620370195916, 620370200824, 4908
620469001531, 620469006427, 4896
620503050437, 620503057967, 7530
620567914541, 620567919416, 4875
620666484872, 620666496395, 11523
620765453639, 620765458262, 4623
620864332001, 620864337113, 5112
620963204077, 620963209723, 5646
621062045921, 621062050901, 4980
621160898282, 621160902986, 4704
621259729299, 621259734156, 4857
621358536822, 621358541829, 5007
621457377962, 621457382531, 4569
621556248922, 621556253950, 5028
621655088548, 621655093429, 4881
621753904485, 621753909516, 5031
621852742786, 621852747421, 4635
621951565395, 621951570324, 4929
622050431541, 622050436680, 5139
622149280519, 622149286660, 6141
622248109478, 622248115034, 5556
622346770759, 622346783008, 12249
622445580307, 622445586779, 6472
622544717481, 622544722167, 4686
622643527007, 622643532761, 5754
622742352476, 622742357588, 5112
622841097294, 622841102046, 4752
622940037423, 622940044332, 6909
623038883630, 623038892900, 9270
623137820027, 623137826930, 6903
623236649252, 623236656731, 7479
623335445536, 623335449952, 4416
623434298115, 623434304520, 6405
623533070861, 623533075805, 4944
623631683589, 623631687213, 3624
623730722334, 623730726960, 4626
623829599291, 623829604460, 5169
623928443063, 623928447800, 4737
624027248295, 624027252858, 4563
624126118584, 624126124230, 5646
624224782788, 624224795133, 12345
624323770996, 624323775931, 4935
624422616494, 624422621048, 4554
624112069896, 624112078602, 8706
624147016983, 624147025527, 8544
624210987147, 624210998898, 11751
624253452540, 624253463454, 10914
624309845078, 624309854840, 9762
624341419360, 624341429737, 10377
624408672902, 624408682193, 9291
624438002744, 624438010019, 7275
624507533176, 624507544264, 11088
624536086425, 624536094183, 7758
624606358726, 624606368803, 10077
624637811767, 624637832845, 21078
624704829525, 624704839569, 10044
624734217779, 624734231393, 13614
624804054750, 624804063270, 8520
624833238796, 624833247934, 9138
624902746382, 624902756660, 10278
624930755495, 624930762977, 7482
625001727502, 625001737975, 10473
625048862117, 625048870253, 8136
625100586740, 625100596508, 9768
625139572341, 625139581323, 8982
625199509662, 625199520243, 10581
625228136398, 625228143613, 7215
625298258160, 625298268186, 10026
625326806606, 625326814265, 7659
625396881039, 625396891380, 10341
625424887406, 625424896766, 9360
625495740464, 625495747118, 6654
625527724035, 625527732201, 8166
625594792263, 625594802910, 10647
625623166249, 625623174931, 8682
625693623726, 625693634586, 10860
625732806948, 625732839501, 32553
625792453253, 625792462844, 9591
625823399559, 625823407044, 7485
625891134222, 625891142262, 8040
625919260988, 625919268515, 7527
625989922233, 625989932550, 10317
626033760226, 626033769886, 9660
626089028306, 626089038167, 9861
626117501165, 626117513477, 12312
626187975482, 626187985982, 10500
626216744877, 626216752251, 7374
626286570350, 626286577319, 6969
626385198067, 626385207070, 9003
626417098938, 626417132250, 33312
626484586997, 626484595502, 8505
626514117364, 626514125965, 8601
626582972189, 626582981549, 9360
626622221510, 626622230744, 9234
626682309578, 626682317840, 8262
626711512107, 626711520273, 8166
626780743808, 626780753528, 9720
626829140778, 626829150036, 9258
626879453562, 626879458635, 5073
626908051562, 626908059815, 8253
626978597297, 626978607914, 10617
627024858938, 627024868793, 9855
627077411025, 627077423124, 12099
627110214622, 627110222842, 8220
627176250164, 627176259848, 9684
627206630416, 627206638447, 8031
627274955339, 627274963130, 7791
627305931062, 627305946839, 15777
627373892844, 627373901340, 8496
627403301495, 627403309844, 8349
627472940823, 627472949748, 8925
627503290903, 627503304001, 13098
627571557070, 627571566142, 9072
627602525452, 627602538775, 13323
627670544559, 627670556514, 11955
627700422254, 627700430180, 7926
627769293987, 627769305222, 11235
627799264727, 627799279616, 14889
627868162490, 627868240713, 78223
627910574498, 627910584194, 9696
627966976307, 627966984395, 8088
628010078224, 628010087896, 9672
628065821747, 628065832421, 10674
628094349767, 628094357264, 7497
628164723114, 628164734523, 11409
628212871361, 628212880859, 9498
628263490136, 628263500195, 10059
628293409668, 628293417732, 8064
628362328814, 628362338915, 10101
628394232874, 628394241718, 8844
628461144949, 628461156145, 11196
628491186099, 628491194298, 8199
628560016779, 628560025761, 8982
628588926543, 628588934286, 7743
628658831313, 628658842857, 11544
628695247280, 628695256337, 9057
628757658040, 628757668465, 10425
628794189585, 628794201807, 12222
628856511101, 628856522225, 11124
628885980493, 628885990444, 9951
628955466186, 628955482599, 16413
628984417270, 628984430317, 13047
629054307633, 629054324070, 16437
629093960949, 629093976924, 15975
629153022930, 629153033421, 10491
629181684761, 629181692399, 7638
629251596983, 629251604474, 7491
629290317218, 629290325576, 8358
629350724626, 629350734496, 9870
629384140620, 629384148627, 8007
629449565416, 629449577308, 11892
629478626212, 629478634048, 7836
629548471054, 629548483762, 12708
629589147831, 629589157314, 9483
629646916445, 629646922349, 5904
629746120528, 629746130068, 9540
629781611609, 629781619082, 7473
629844959363, 629844969320, 9957
629875790042, 629875799888, 9846
629943632524, 629943643093, 10569
629984853770, 629984861819, 8049
630042646093, 630042656410, 10317
630079196116, 630079204921, 8805
630141528421, 630141538126, 9705
630172477664, 630172485950, 8286
630240196240, 630240204913, 8673
630290218223, 630290229125, 10902
630338531159, 630338536841, 5682
630384610886, 630384619652, 8766
630438054558, 630438063735, 9177
630467877132, 630467884986, 7854
630536717926, 630536726527, 8601
630568462138, 630568472353, 10215
630635965987, 630635974738, 8751
630681574866, 630681590214, 15348
630734693478, 630734705772, 12294
630762663764, 630762672155, 8391
630833632711, 630833642791, 10080
630870229387, 630870239770, 10383
630932212644, 630932221815, 9171
630964768708, 630964776649, 7941
631031040151, 631031051371, 11220
631058505306, 631058513013, 7707
631129879582, 631129888582, 9000
631175726641, 631175735083, 8442
631228715174, 631228726661, 11487
631257501599, 631257509264, 7665
631327583707, 631327860929, 277222
631426271251, 631426278880, 7629
631458795820, 631458803830, 8010
631525253352, 631525262910, 9558
631555533150, 631555549413, 16263
631624089495, 631624098111, 8616
631650973503, 631650980973, 7470
631723325328, 631723335366, 10038
631758387381, 631758396210, 8829
631821776722, 631821787534, 10812
631852059584, 631852067882, 8298
631920648907, 631920658846, 9939
631950604687, 631950613231, 8544
632019744407, 632019759470, 15063
632069280650, 632069290601, 9951
632118312498, 632118321609, 9111
632153967425, 632153976923, 9498
632217213869, 632217222902, 9033
632248974371, 632248985234, 10863
632316273527, 632316292679, 19152
632346251529, 632346260832, 9303
632414828546, 632414837912, 9366
632456777983, 632456787232, 9249
632513672016, 632513683143, 11127
632549541077, 632549549384, 8307
632612546090, 632612555135, 9045
632644934696, 632644949888, 15192
632711579364, 632711591361, 11997
632759476726, 632759484574, 7848
632810217103, 632810226916, 9813
632841985496, 632841997334, 11838
632909086868, 632909099198, 12330
632943555203, 632943564116, 8913
633007953009, 633007961502, 8493
633039777699, 633039786309, 8610
633106758574, 633106768657, 10083
633137949272, 633137958536, 9264
633205556212, 633205565818, 9606
633237516717, 633237525843, 9126
633304375797, 633304385496, 9699
633350906652, 633350918610, 11958
633403123180, 633403130857, 7677
633432805488, 633432813969, 8481
633502086123, 633502095240, 9117
633541817823, 633541826376, 8553
633600938202, 633600947262, 9060
633633488735, 633633497798, 9063
633700212791, 633700225756, 12965
633738688387, 633738696913, 8526
633798585054, 633798593535, 8481
633841006194, 633841019736, 13542
633897678996, 633897686970, 7974
633930774077, 633930782294, 8217
633996192855, 633996204183, 11328
634028309614, 634028317105, 7491
634094851130, 634094860448, 9318
634128185548, 634128193657, 8109
634194045021, 634194058563, 13542
634224892784, 634224902897, 10113
634292609887, 634292619538, 9651
634339346889, 634339355754, 8865
634391663424, 634391672544, 9120
634425813546, 634425822510, 8964
634490516926, 634490529103, 12177
634534657160, 634534674722, 17562
634589339243, 634589350148, 10905
634617918625, 634617926809, 8184
634688488039, 634688498179, 10140
634726943023, 634726952101, 9078
634787062698, 634787073771, 11073
634824121007, 634824136811, 15804
634885872711, 634885883520, 10809
634919919688, 634919928556, 8868
634984716094, 634984726042, 9948
635020506221, 635020515236, 9015
635083578714, 635083589499, 10785
635111752857, 635111760972, 8115
635182382938, 635182393948, 11010
635210887130, 635210895119, 7989
635281506165, 635281515042, 8877
635328263985, 635328272847, 8862
635380063926, 635380073886, 9960
635414659382, 635414667728, 8346
635478909865, 635479172903, 263038
635519668073, 635519676428, 8355
635577735765, 635577746418, 10653
635609864919, 635609875707, 10788
635676603824, 635676614105, 10281
635704688306, 635704697723, 9417
635775431905, 635775442021, 10116
635818427925, 635818438122, 10197
635874250984, 635874260716, 9732
635915887592, 635915896202, 8610
635973103778, 635973114323, 10545
636001301528, 636001310228, 8700
636071793583, 636071805070, 11487
636109837856, 636109848365, 10509
636170837640, 636170851917, 14277
636212771352, 636212779950, 8598
636269612571, 636269623866, 11295
636297936154, 636297947002, 10848
636368455859, 636368466632, 10773
636400185328, 636400193422, 8094
636467302694, 636467312351, 9657
636509982634, 636509992537, 9903
636566147332, 636566157550, 10218
636599782105, 636599789308, 7203
636664997341, 636665007883, 10542
636696766983, 636696779523, 12540
636763750645, 636763762246, 11601
636792382658, 636792390212, 7554
636862387821, 636862397865, 10044
636907112994, 636907121091, 8097
636961679459, 636961693139, 13680
637007998403, 637008006923, 8520
637060379571, 637060390116, 10545
637099647801, 637099656615, 8814
637158969692, 637158980294, 10602
637194567681, 637194576336, 8655
637258044538, 637258054876, 10338
637356874679, 637356884768, 10089
637385990984, 637385998940, 7956
637455715073, 637455725918, 10845
637490686850, 637490695577, 8727
637554568310, 637554578789, 10479
637583228865, 637583237499, 8634
637653418826, 637653430520, 11694
637699604575, 637699617949, 13374
637752251263, 637752262999, 11736
637792243727, 637792252976, 9249
637851099329, 637851108809, 9480
637889940959, 637889950214, 9255
637949844224, 637949854430, 10206
637979558442, 637979566332, 7890
638048814525, 638048824866, 10341
638077572323, 638077582301, 9978
638147601569, 638147612378, 10809
638176051875, 638176059828, 7953
638246300037, 638246309235, 9198
638285160456, 638285169243, 8787
638345292677, 638345302412, 9735
638373867058, 638373874798, 7740
638444043026, 638444055338, 12312
638542873002, 638542883802, 10800
638581637049, 638581645581, 8532
638641813235, 638641824044, 10809
638684551682, 638684565848, 14166
638740926450, 638740940343, 13893
638782969415, 638782979678, 10263
638839598062, 638839615477, 17415
638938453072, 638938465708, 12636
638976673783, 638976681610, 7827
639037242392, 639037252778, 10386
639073241697, 639073251504, 9807
639136063177, 639136074370, 11193
639163921725, 639163929159, 7434
639234917966, 639234927632, 9666
639275752533, 639275761902, 9369
639333736947, 639333747798, 10851
639362147588, 639362155724, 8136
639432582671, 639432593330, 10659
639461540449, 639461549452, 9003
639531010234, 639531019801, 9567
639559820630, 639559828199, 7569
639629908071, 639629918505, 10434
639674674850, 639674682431, 7581
639729123840, 639729134235, 10395
639758127896, 639758135930, 8034
639827917119, 639827927991, 10872
639869876129, 639869886563, 10434
639926774444, 639926785592, 11148
639955445237, 639955454039, 8802
640025612795, 640025622899, 10104
640061306463, 640061315322, 8859
640124464876, 640124475757, 10881
640223277539, 640223288879, 11340
640252069308, 640252078200, 8892
640322320250, 640322331245, 10995
640351069931, 640351084286, 14355
640420813527, 640420824507, 10980
640451091635, 640451098961, 7326
640520022146, 640520032145, 9999
640551118998, 640551126828, 7830
640618440859, 640618450066, 9207
640648217382, 640648233894, 16512
640717655907, 640717664616, 8709
640757414331, 640757423574, 9243
640816506599, 640816516418, 9819
640845859368, 640845867627, 8259
640915161970, 640915469890, 307920
640945235026, 640945246276, 11250
641014219587, 641014228545, 8958
641055618991, 641055628438, 9447
641112483136, 641112492049, 8913
641144803099, 641144810563, 7464
641211750338, 641211759572, 9234
641242383339, 641242391505, 8166
641310576384, 641310586083, 9699
641339490237, 641339500629, 10392
641409389786, 641409401201, 11415
641438113309, 641438121592, 8283
641508238408, 641508248878, 10470
641536535701, 641536543015, 7314
641607023002, 641607034057, 11055
641705848469, 641705859326, 10857
641757144927, 641757155976, 11049
641804960319, 641804970045, 9726
641846688549, 641846698248, 9699
641903474634, 641903486967, 12333
641942974309, 641942982991, 8682
642002444177, 642002454134, 9957
642101091236, 642101105624, 14388
642133420786, 642133428751, 7965
642200399812, 642200409733, 9921
642231800343, 642231808494, 8151
642298517251, 642298526272, 9021
642327221812, 642327234406, 12594
642397790178, 642397801344, 11166
642428588706, 642428601294, 12588
642496803699, 642496813314, 9615
642525430726, 642525444004, 13278
642595723299, 642595733214, 9915
642629899243, 642629907787, 8544
642694326153, 642694337031, 10878
642723718855, 642723727453, 8598
642793283804, 642793294163, 10359
642839683503, 642839692254, 8751
642892004416, 642892014280, 9864
642919693670, 642919701581, 7911
642990655438, 642990665113, 9675
643018408219, 643018416370, 8151
643089431048, 643089439169, 8121
643134635910, 643134644355, 8445
643188538640, 643188549854, 11214
643217568286, 643217580688, 12402
643287290691, 643287299631, 8940
643315843866, 643315850973, 7107
643386181957, 643386191869, 9912
643419309366, 643419319176, 9810
643485025413, 643485034263, 8850
643513262869, 643513270825, 7956
643583862137, 643583872478, 10341
643615450472, 643615459778, 9306
643682691069, 643682970081, 279012
643711669463, 643711678958, 9495
643781401000, 643781409853, 8853
643837664245, 643837672795, 8550
643894403182, 643894407562, 4380
643993216712, 643993221590, 4878
644092304092, 644092310983, 6891
644190914348, 644190919472, 5124
644289732945, 644289737469, 4524
644388506044, 644388510775, 4731
644487355387, 644487361021, 5634
644586232022, 644586237401, 5379
644685142511, 644685148586, 6075
644783950966, 644783955328, 4362
644882949692, 644882957408, 7716
644981653064, 644981658887, 5823
645080434617, 645080439102, 4485
645179281104, 645179285697, 4593
645278176474, 645278181130, 4656
645376968542, 645376973945, 5403
645475832284, 645475837075, 4791
645574680664, 645574685779, 5115
645673526667, 645673532790, 6123
645772333643, 645772339196, 5553
645871165560, 645871170819, 5259
645969952157, 645969961913, 9756
646000967429, 646000976783, 9354
646068854118, 646068860568, 6450
646167688875, 646167693696, 4821
646266541868, 646266547529, 5661
646365404510, 646365409811, 5301
646464249942, 646464254904, 4962
646562996755, 646563001435, 4680
646661890214, 646661897981, 7767
646760826930, 646760834070, 7140
646859391357, 646859400221, 8864
646958428698, 646958434566, 5868
647057290112, 647057294978, 4866
647156185950, 647156192763, 6813
647254968834, 647254976601, 7767
647353797771, 647353802700, 4929
647452625761, 647452630522, 4761
647551770278, 647551774895, 4617
647650337251, 647650342153, 4902
647749163819, 647749169132, 5313
647848006414, 647848011829, 5415
647946838279, 647946845599, 7320
648045708177, 648045713586, 5409
648173289192, 648173298795, 9603
648243318854, 648243323573, 4719
648342185968, 648342191035, 5067
648426786870, 648426795243, 8373
648455000862, 648455009082, 8220
648525872505, 648525879171, 6666
648554237417, 648554244479, 7062
648624501560, 648624510323, 8763
648652992063, 648652996122, 4059
648723625934, 648723633010, 7076
648754456392, 648754463745, 7353
648822372779, 648822382535, 9756
648864139873, 648864149071, 9198
648921333458, 648921343034, 9576
648951303846, 648951317766, 13920
649020321750, 649020332746, 10996
649051863072, 649051871163, 8091
649119020362, 649119032785, 12423
649153839048, 649153846482, 7434
649217853170, 649217863949, 10779
649247582245, 649247589469, 7224
649316694819, 649316704869, 10050
649346568395, 649346575460, 7065
649415282616, 649415293377, 10761
649448422364, 649448432771, 10407
649514332152, 649514341833, 9681
649545028069, 649545036184, 8115
649613011499, 649613019368, 7869
649646918042, 649646926259, 8217
649711716838, 649711726525, 9687
649756923959, 649756932377, 8418
649810946911, 649810957153, 10242
649851670224, 649851678735, 8511
649909569199, 649909578151, 8952
649957229768, 649957241867, 12099
650008673673, 650008683498, 9825
650040612787, 650040621910, 9123
650107151986, 650107159657, 7671
650139780353, 650139789233, 8880
650206043391, 650206052226, 8835
650243842953, 650243850942, 7989
650304852263, 650304862430, 10167
650336343176, 650336351771, 8595
650404208128, 650404465936, 257808
650437470044, 650437479323, 9279
650502920667, 650502929811, 9144
650542175582, 650542183235, 7653
650601638749, 650601648682, 9933
650629888951, 650629902562, 13611
650700493444, 650700502231, 8787
650733485545, 650733493408, 7863
650799407346, 650799419409, 12063
650845721128, 650845737355, 16227
650898083860, 650898094702, 10842
650940209585, 650940217580, 7995
650996990116, 650996999620, 9504
651044987830, 651044996803, 8973
651095337567, 651095347491, 9924
651156117975, 651156124749, 6774
651194592302, 651194601569, 9267
651227424588, 651227432733, 8145
651293467030, 651293476099, 9069
651325696096, 651325704091, 7995
651392739770, 651392749058, 9288
651441005603, 651441014531, 8928
651504990470, 651504996440, 5970
651603968899, 651603973756, 4857
651702675364, 651702679606, 4242
651801727027, 651801735400, 8373
651900497121, 651900502068, 4947
651999328609, 651999333205, 4596
652097958897, 652097963568, 4671
652197038708, 652197043358, 4650
652295692495, 652295703994, 11499
652394491740, 652394496090, 4350
652493532607, 652493537677, 5070
652592368844, 652592373341, 4497
652691231625, 652691236134, 4509
652790103000, 652790108229, 5229
652888984291, 652888992880, 8589
652987794769, 652987799509, 4740
653086602527, 653086606916, 4389
653185451499, 653185457877, 6378
653284278407, 653284282823, 4416
653383091991, 653383096278, 4287
653481949588, 653481955771, 6183
653580806963, 653580811892, 4929
653679638521, 653679644170, 5649
653778496332, 653778501492, 5160
653877333943, 653877339163, 5220
653976614251, 653976629191, 14940
654075012943, 654075018493, 5550
654173689692, 654173700168, 10476
654214705884, 654214712307, 6423
654272712406, 654272718079, 5673
654371524370, 654371528858, 4488
654470412043, 654470418046, 6003
654569242522, 654569247001, 4479
654668044682, 654668049305, 4623
654766790779, 654766795534, 4755
654865731810, 654865736301, 4491
654964668276, 654964673805, 5529
655063506525, 655063512396, 5871
655162289499, 655162293882, 4383
655261146337, 655261152145, 5808
655359942642, 655359948126, 5484
655458800812, 655458805870, 5058
655557528520, 655557534751, 6231
655656651543, 655656658305, 6762
655755589793, 655755597377, 7584
655853989156, 655853994379, 5223
655889510708, 655889519681, 8973
655953014126, 655953018818, 4692
656051828052, 656051832663, 4611
656150510491, 656150514694, 4203
656249621154, 656249626455, 5301
656348386257, 656348392569, 6312
656450243334, 656450248785, 5451
656549414074, 656549421622, 7548
656644867880, 656644872158, 4278
656743720806, 656743725717, 4911
656842589177, 656842595051, 5874
656941407985, 656941412782, 4797
657040314770, 657040319561, 4791
657139058814, 657139063899, 5085
657237922378, 657237927229, 4851
657336803902, 657336811078, 7176
657435638949, 657435644814, 5865
657534634233, 657534641628, 7395
657633288820, 657633293572, 4752
657732165254, 657732170267, 5013
657830964212, 657830969495, 5283
657929773723, 657929779864, 6141
658028665120, 658028670103, 4983
658127525685, 658127531538, 5853
658226344126, 658226350156, 6030
658325188699, 658325193739, 5040
658424033271, 658424038206, 4935
658522907883, 658522912680, 4797
658621700583, 658621706172, 5589
658720554200, 658720732550, 178350
658819185750, 658819193550, 7800
658918267863, 658918273026, 5163
659017144026, 659017148799, 4773
659115925331, 659115930350, 5019
659214768109, 659214772657, 4548
659313492738, 659313497403, 4665
659412417319, 659412421825, 4506
659511817989, 659511823872, 5883
659610106202, 659610113177, 6975
659708955823, 659708960686, 4863
659807919417, 659807925078, 5661
659906429067, 659906437503, 8436
660005619980, 660005625377, 5397
660104316144, 660104320389, 4245
660203150690, 660203155397, 4707
660301949112, 660301953600, 4488
660400878711, 660400883418, 4707
660499686053, 660499690406, 4353
660598535188, 660598539859, 4671
660697360560, 660697365495, 4935
660796222704, 660796229733, 7029
660895017455, 660895022105, 4650
660993930825, 660993935253, 4428
661092759987, 661092764784, 4797
661191638629, 661191644569, 5940
661290390022, 661290395512, 5490
661389102231, 661389113808, 11577
661488137726, 661488142643, 4917
661587025442, 661587033848, 8406
661685807343, 661685812647, 5304
661784608247, 661784612846, 4599
661883489124, 661883494458, 5334
661982323125, 661982327793, 4668
662081162844, 662081172474, 9630
662180011651, 662180016526, 4875
662278800848, 662278805315, 4467
662377711150, 662377716460, 5310
662476544399, 662476549088, 4689
662575369137, 662575375110, 5973
662674193451, 662674198980, 5529
662773097559, 662773102794, 5235
662871880105, 662871885898, 5793
662970696828, 662970703695, 6867
663069542363, 663069546773, 4410
663168371111, 663168378332, 7221
663267365407, 663267373369, 7962
663366182172, 663366188235, 6063
663464750429, 663464762183, 11754
663563796813, 663563801514, 4701
663662652674, 663662660786, 8112
663761444333, 663761449712, 5379
663860331259, 663860337244, 5985
663959133345, 663959137584, 4239
664058009564, 664058014400, 4836
664156885164, 664156890930, 5766
664255690137, 664255694601, 4464
664354494509, 664354498790, 4281
664453469745, 664453477140, 7395
664551977207, 664551985859, 8652
664651057404, 664651062848, 5444
664749897308, 664749901925, 4617
664848492046, 664848499465, 7419
664950500624, 664950513647, 13023
665046377732, 665046382154, 4422
665145215650, 665145220012, 4362
665243906498, 665243915870, 9372
665342875552, 665342880922, 5370
665441782248, 665441786790, 4542
664968308379, 664968318246, 9867
665032444022, 665032454738, 10716
665062744610, 665062757615, 13005
665131255433, 665131266656, 11223
665160942022, 665160950692, 8670
665229964917, 665229972837, 7920
665268690872, 665268702953, 12081
665328948857, 665328959855, 10998
665359046122, 665359053586, 7464
665427790403, 665427799793, 9390
665458054928, 665458067255, 12327
665529683682, 665529692550, 8868
665559027655, 665559038242, 10587
665625795604, 665625805567, 9963
665655364590, 665655373458, 8868
665724338654, 665724349592, 10938
665753933521, 665753946712, 13191
665823142641, 665823152523, 9882
665852023481, 665852032097, 8616
665921422928, 665921432540, 9612
665951704191, 665951717037, 12846
666020845150, 666020854234, 9084
666046378432, 666046382674, 4242
666119508561, 666119516985, 8424
666151790810, 666151798733, 7923
666218173175, 666218182040, 8865
666251729058, 666251738604, 9546
666317883976, 666317894905, 10929
666346568883, 666346576776, 7893
666416520826, 666416530078, 9252
666515194009, 666515200222, 6213
666557755495, 666557767375, 11880
666613861000, 666613871734, 10734
666642613975, 666642621889, 7914
666712698182, 666712707230, 9048
666745935893, 666745942847, 6954
666811567616, 666811579409, 11793
666840574497, 666840583149, 8652
666910420252, 666910431505, 11253
666948427827, 666948437037, 9210
667009257456, 667009269036, 11580
667108107661, 667108117945, 10284
667139995444, 667140003028, 7584
667206933479, 667206944270, 10791
667237729026, 667237738458, 9432
667305733674, 667305743580, 9906
667363706695, 667363714702, 8007
667404608353, 667404618913, 10560
667432617347, 667432625375, 8028
667503502524, 667503512478, 9954
667546388049, 667546397835, 9786
667602205428, 667602215274, 9846
667630740734, 667630748198, 7464
667701183323, 667701192965, 9642
667730864950, 667730871901, 6951
667799766989, 667799773985, 6996
667836078387, 667836090060, 11673
667898850443, 667898861885, 11442
667927913677, 667927921234, 7557
667997682749, 667997693990, 11241
668039058909, 668039065683, 6774
668096506677, 668096517915, 11238
668126106653, 668126117378, 10725
668195557127, 668195573672, 16545
668240612683, 668240622775, 10092
668294215115, 668294224439, 9324
668337302580, 668337314355, 11775
668393255615, 668393265797, 10182
668424713277, 668424721572, 8295
668491895321, 668491906256, 10935
668523229188, 668523236835, 7647
668590742281, 668590752556, 10275
668619638796, 668619655611, 16815
668689590884, 668689599878, 8994
668718892576, 668718898981, 6405
668788583518, 668788592032, 8514
668830532771, 668830541879, 9108
668887257528, 668887267500, 9972
668918839989, 668918849865, 9876
668986292240, 668986300712, 8472
669017607376, 669017616718, 9342
669084899405, 669084908519, 9114
669114756421, 669114764362, 7941
669183941053, 669183950809, 9756
669223381621, 669223390921, 9300
669282488887, 669282498376, 9489
669327949559, 669327961979, 12420
669381460150, 669381470896, 10746
669411905731, 669411918688, 12957
669480588726, 669480599100, 10374
669524564000, 669524572292, 8292
669579112759, 669579121741, 8982
669605869264, 669605880184, 10920
669677988999, 669677999970, 10971
669709487229, 669709494696, 7467
669777009757, 669777019066, 9309
669806742791, 669806756768, 13977
669875678342, 669875688830, 10488
669905281845, 669905289486, 7641
669974881608, 669974893797, 12189
670020803661, 670020812118, 8457
670073405879, 670073416331, 10452
670124468582, 670124477333, 8751
670171954840, 670171965397, 10557
670202034572, 670202041895, 7323
670270745514, 670270755396, 9882
670323615620, 670323630023, 14403
670369437268, 670369446085, 8817
670403247544, 670403255233, 7689
670468675803, 670468687290, 11487
670505128737, 670505139087, 10350
670568009623, 670568019193, 9570
670616616132, 670616625837, 9705
670666388771, 670666399214, 10443
670706896788, 670706904369, 7581
670765290324, 670765299291, 8967
670803899466, 670803907722, 8256
670864106846, 670864117487, 10641
670916109598, 670916117941, 8343
670962921060, 670962931380, 10320
670993139177, 670993146557, 7380
671061778578, 671061787647, 9069
671093741892, 671093750247, 8355
671160489348, 671160495765, 6417
671194973911, 671194981783, 7872
671259356854, 671259368274, 11420
671295574107, 671295583170, 9063
671358264860, 671358274937, 10077
671400524915, 671400533852, 8937
671457120127, 671457129682, 9555
671490375818, 671490383063, 7245
671555588331, 671555595666, 7335
671587538871, 671587545879, 7008
671654675383, 671654686660, 11277
671691228365, 671691237722, 9357
671753681153, 671753690627, 9474
671784731727, 671784738861, 7134
671852512485, 671852522934, 10449
671887607788, 671887616824, 9036
671951342073, 671951351592, 9519
671990204297, 671990213621, 9324
672050175201, 672050186307, 11106
672084372683, 672084381509, 8826
672149037178, 672149047861, 10683
672179513414, 672179521862, 8448
672247862955, 672247873611, 10656
672276608738, 672276616328, 7590
672346729042, 672346739500, 10458
672376824863, 672376832762, 7899
672445509943, 672445520029, 10086
672481709689, 672481722415, 12726
672544362115, 672544372474, 10359
672587920764, 672587927892, 7128
672643075157, 672643083701, 8544
672676447752, 672676459425, 11673
672742394872, 672742407430, 12558
672781938979, 672781946515, 7536
672841028871, 672841045206, 16335
672882507993, 672882517884, 9891
672939428539, 672939435322, 6783
672975336017, 672975343700, 7683
673038255480, 673038267099, 11619
673079321301, 673079329560, 8259
673137498770, 673137509189, 10419
673169100265, 673169108278, 8013
673236279232, 673236289258, 10026
673267358651, 673267366079, 7428
673335117659, 673335127487, 9828
673371560077, 673371568960, 8883
673433951487, 673433962233, 10746
673468096316, 673468108460, 12144
673532848260, 673532858427, 10167
673561451588, 673561459199, 7611
673631617812, 673631628903, 11091
673664606785, 673664614909, 8124
673730496577, 673730505988, 9411
673762440039, 673762448958, 8919
673829361787, 673829371633, 9846
673872190740, 673872199452, 8712
673928273773, 673928284603, 10830
673972315544, 673972324517, 8973
674026980299, 674026992094, 11795
674058187653, 674058196677, 9024
674125858849, 674125870096, 11247
674157597123, 674157604584, 7461
674224680045, 674224690590, 10545
674256213957, 674256222468, 8511
674323416780, 674323426716, 9936
674363564479, 674363575516, 11037
674422066388, 674422076378, 9990
674460938231, 674460953204, 14973
674521190230, 674521201459, 11229
674549506733, 674549513735, 7002
674620031097, 674620041480, 10383
674648945721, 674648953812, 8091
674718898727, 674718908042, 9315
674754594062, 674754603068, 9006
674817738536, 674817749327, 10791
674847976303, 674847983542, 7239
674916685181, 674916699311, 14130
674961713314, 674961721744, 8430
675015399312, 675015408849, 9537
675056056923, 675056065605, 8682
675114238427, 675114250193, 11766
675148053425, 675148061192, 7767
675213100879, 675213111055, 10176
675244944012, 675244951164, 7152
675311928521, 675311939216, 10695
675347919543, 675347929023, 9480
675410708494, 675410719051, 10557
675443070699, 675443077194, 6495
675509604264, 675509615421, 11157
675540623652, 675540632388, 8736
675608265339, 675608274525, 9186
675707302545, 675707312184, 9639
675738121356, 675738130359, 9003
675806145148, 675806155195, 10047
675839496991, 675839504902, 7911
675904999265, 675905010005, 10740
675935834110, 675935844706, 10596
676003823051, 676003832822, 9771
676047519034, 676047528517, 9483
676102659996, 676102669281, 9285
676136813589, 676136821731, 8142
676201525527, 676201535490, 9963
676240083917, 676240096619, 12702
676300584239, 676300592522, 8283
676335650812, 676335658951, 8139
676399412336, 676399422209, 9873
676429131758, 676429146467, 14709
676498042592, 676498051823, 9231
676540343060, 676540351472, 8412
676597179949, 676597191772, 11823
676640004778, 676640013562, 8784
676695734603, 676695744749, 10146
676725232345, 676725240724, 8379
676794541590, 676794551661, 10071
676824964413, 676824972591, 8178
676893434475, 676893444936, 10461
676921394818, 676921403743, 8925
676992247494, 676992257469, 9975
677019437726, 677019445457, 7731
677091089160, 677091098700, 9540
677126651176, 677126663434, 12258
677189914163, 677189924900, 10737
677218595604, 677218602843, 7239
677288787055, 677288795716, 8661
677317152201, 677317163874, 11673
677387593898, 677387604191, 10293
677415613503, 677415621696, 8193
677486554644, 677486566251, 11607
677531066242, 677531077138, 10896
677585543850, 677585650367, 106517
677615685371, 677615694122, 8751
677683608146, 677683615496, 7350
677716986811, 677716995142, 8331
677782612337, 677782622684, 10347
677813385790, 677813394295, 8505
677881774917, 677881787565, 12648
677924157020, 677924166335, 9315
677980674489, 677980685160, 10671
678011762004, 678011770455, 8451
678079315842, 678079326234, 10392
678122490725, 678122500034, 9309
678178345612, 678178356355, 10743
678207773310, 678207783789, 10479
678277001529, 678277011096, 9567
678319930355, 678319939514, 9159
678376137694, 678376149433, 11739
678428630169, 678428643864, 13695
678474575505, 678474582180, 6675
678504453285, 678504461244, 7959
678573753174, 678573763668, 10494
678618800714, 678618809480, 8766
678672227690, 678672232709, 5019
678771404832, 678771415263, 10431
678801432596, 678801440051, 7455
678870261348, 678870270126, 8778
678915561071, 678915570872, 9801
678969263684, 678969273524, 9840
678999407359, 678999414655, 7296
679067900290, 679067910289, 9999
679105870726, 679105880362, 9636
679166797417, 679166805784, 8367
679199111388, 679199122326, 10938
679265429715, 679265438475, 8760
679294397941, 679294407196, 9255
679364456060, 679364466947, 10887
679405913641, 679405923337, 9696
679463469705, 679463480571, 10866
679507584164, 679507592642, 8478
679561767447, 679561776579, 9132
679597642349, 679597650491, 8142
679660974119, 679660984316, 10197
679690855833, 679690863807, 7974
679759824023, 679759836245, 12222
679790348622, 679790361504, 12882
679858483871, 679858492859, 8988
679897693600, 679897702171, 8571
679957808595, 679957817268, 8673
679996665337, 679996673548, 8211
680056703469, 680056712856, 9387
680086492323, 680086500069, 7746
680155179197, 680155188104, 8907
680189968297, 680189977546, 9249
680254002761, 680254013366, 10605
680294465283, 680294479533, 14250
680352831663, 680352841221, 9558
680383395826, 680383404667, 8841
680451531472, 680451543088, 11616
680484150147, 680484158409, 8262
680550529620, 680550540705, 11085
680580132582, 680580141666, 9084
680649261844, 680649272647, 10803
680680010003, 680680096643, 86640
680748448354, 680748458263, 9909
680778980242, 680778996844, 16602
680847300679, 680847309664, 8985
680876787584, 680876795204, 7620
680946486285, 680946492615, 6330
680976283734, 680976296553, 12819
681044567791, 681044578138, 10347
681075634470, 681075642237, 7767
681143549813, 681143560529, 10716
681174610630, 681174621838, 11208
681242755643, 681242769266, 13623
681289461775, 681289469233, 7458
681341245372, 681341254993, 9621
681378626794, 681378634891, 8097
681439794661, 681439803796, 9135
681481886774, 681481896671, 9897
681538918699, 681538928821, 10122
681569691155, 681569700524, 9369
681637810443, 681637821411, 10968
681668239901, 681668248550, 8649
681736645981, 681736656580, 10599
681782664466, 681782680741, 16275
681835496319, 681835506111, 9792
681864345497, 681864357059, 11562
681934342166, 681934352894, 10728
681962912837, 681962924759, 11922
682033768767, 682033780713, 11946
682062686688, 682062693834, 7146
682131916641, 682131926601, 9960
682161822325, 682161833056, 10731
682230781561, 682230791962, 10401
682268711281, 682268718418, 7137
682329575645, 682329584417, 8772
682359279755, 682359286928, 7173
682428610793, 682428624707, 13914
682464012476, 682464020525, 8049
682527596606, 682527612266, 15660
682570086759, 682570094721, 7962
682626292939, 682626303271, 10332
682655288105, 682655300966, 12861
682724631235, 682724640457, 9222
682755328752, 682755343329, 14577
682824264434, 682824273902, 9468
682865198560, 682865207278, 8718
682922734646, 682922744309, 9663
682961584304, 682961593076, 8772
683021559663, 683021569641, 9978
683048934513, 683048942130, 7617
683120371287, 683120382198, 10911
683152545087, 683152554159, 9072
683219467014, 683219476299, 9285
683248556600, 683248563578, 6978
683318112529, 683318121676, 9147
683355147332, 683355157769, 10437
683416934984, 683416946480, 11496
683446019322, 683446030956, 11634
683515785419, 683515795097, 9678
683544488531, 683544497942, 9411
683614822804, 683614831876, 9072
683657253238, 683657262457, 9219
683713654109, 683713663109, 9000
683743266048, 683743274547, 8499
683812306450, 683812315822, 9372
683842272065, 683842280702, 8637
683911159451, 683911170083, 10632
683954594709, 683954602341, 7632
684009888252, 684009899796, 11544
684047105015, 684047113505, 8490
684108826095, 684108836607, 10512
684137995679, 684138003548, 7869
684207657530, 684207668021, 10491
684236655882, 684236667165, 11283
684306750894, 684306761226, 10332
684405021792, 684405030822, 9030
684434459778, 684434468301, 8523
684504542065, 684504553819, 11754
684549244008, 684549254790, 10782
684602728421, 684602736587, 8166
684634282575, 684634289949, 7374
684701881828, 684701892319, 10491
684732187747, 684732195391, 7644
684800405722, 684800414698, 8976
684856180763, 684856190663, 9900
684899403897, 684899416137, 12240
684944491775, 684944502404, 10629
684998401594, 684998412508, 10914
685026447554, 685026455606, 8052
685097237092, 685097246377, 9285
685133787711, 685133804940, 17229
685196089115, 685196099237, 10122
685224465002, 685224473027, 8025
685294922455, 685294932037, 9582
685323026394, 685323034581, 8187
685393757233, 685393767511, 10278
685424547715, 685424555173, 7458
685492611932, 685492621898, 9966
685521275170, 685521282769, 7599
685591457465, 685591466315, 8850
685623371275, 685623379879, 8604
685690295861, 685690306796, 10935
685721809115, 685721816954, 7839
685789136910, 685789146753, 9843
685818053987, 685818062003, 8016
685887987691, 685887997240, 9549
685919332551, 685919342073, 9522
685986821836, 685986830941, 9105
686015640946, 686015649832, 8886
686085165805, 686085201203, 35398
686117807818, 686117816044, 8226
686184489059, 686184498392, 9333
686215141256, 686215149272, 8016
686283167553, 686283176502, 8949
686313527523, 686313534783, 7260
686382103319, 686382112670, 9351
686480867304, 686480875080, 7776
686510948311, 686510955574, 7263
686579843334, 686579853714, 10380
686613202401, 686613209961, 7560
686678673670, 686678684053, 10383
686706061652, 686706069653, 8001
686777590537, 686777600446, 9909
686807348490, 686807355876, 7386
686876398713, 686876410929, 12216
686906972000, 686906980829, 8829
686975243121, 686975253543, 10422
687016531641, 687016539804, 8163
687074077639, 687074087851, 10212
687115488804, 687115496721, 7917
687172907684, 687172919198, 11514
687204552852, 687204563790, 10938
687271737746, 687271747106, 9360
687302002599, 687302011071, 8472
687370583843, 687370592915, 9072
687403354504, 687403362814, 8310
687469436254, 687469446523, 10269
687500496100, 687500504353, 8253
687568280014, 687568290304, 10290
687598629866, 687598637900, 8034
687667120627, 687667130827, 10200
687706835342, 687706848527, 13185
687765962248, 687765973099, 10851
687797433534, 687797441724, 8190
687864825524, 687864836990, 11466
687963640636, 687963649477, 8841
688009777508, 688009786616, 9108
688062518357, 688062532403, 14046
688101163927, 688101171832, 7905
688161321510, 688161331674, 10164
688260177382, 688260186952, 9570
688296848340, 688296857175, 8835
688359000394, 688359010096, 9702
688394828647, 688394836633, 7986
688457832724, 688457843110, 10386
688490460357, 688490469219, 8862
688556479747, 688556490827, 11080
688596240333, 688596249705, 9372
688655332219, 688655340664, 8445
688702886586, 688702895589, 9003
688754413610, 688754427173, 13563
688788318179, 688788326123, 7944
688853531137, 688853545513, 14376
688892406969, 688892414286, 7317
688952105662, 688952116771, 11109
688991930563, 688991940055, 9492
689050953857, 689050961537, 7680
689087021524, 689087030455, 8931
689149775562, 689149785186, 9624
689184223620, 689184233091, 9471
689248306131, 689248317975, 11844
689286926479, 689286934660, 8181
689347458714, 689347467960, 9246
689380407934, 689380416493, 8559
689446219622, 689446229978, 10356
689481284775, 689481296019, 11244
689545109658, 689545118496, 8838
689583936729, 689583951939, 15210
689643951027, 689643960462, 9435
689683797014, 689683805360, 8346
689742770650, 689742780097, 9447
689777049263, 689777058434, 9171
689841658888, 689841668959, 10071
689872180029, 689872188417, 8388
689940477997, 689940487726, 9729
690039326501, 690039335825, 9324
690070952080, 690070964056, 11976
690138141838, 690138151768, 9930
690173312519, 690173321450, 8931
690236920498, 690236928790, 8292
690281001414, 690281013102, 11688
690335690272, 690335701453, 11181
690365987649, 690365996019, 8370
690434539021, 690434549797, 10776
690480413521, 690480423829, 10308
690533530781, 690533542448, 11667
690579126792, 690579152580, 25788
690632057370, 690632067201, 9831
690680174410, 690680185006, 10596
690731182660, 690731193076, 10416
690781054025, 690781062080, 8055
690830066012, 690830081408, 15396
690871525163, 690871534748, 9585
690928849195, 690928859776, 10581
691027452071, 691027459019, 6948
691072116431, 691072123742, 7311
691126840490, 691126848632, 8142
691164583593, 691164592212, 8619
691225385195, 691225394582, 9387
691260856322, 691260864281, 7959
691338295241, 691338303335, 8094
691437083219, 691437090083, 6864
691535631604, 691535636062, 4458
691634770562, 691634775827, 5265
691733616088, 691733621677, 5589
691832398284, 691832403870, 5586
691931188102, 691931192521, 4419
692030038016, 692030043356, 5340
692128998679, 692129004112, 5433
692227801763, 692227807487, 5724
692326694284, 692326699630, 5346
692425218305, 692425226522, 8217
692510022919, 692510029072, 6153
692543865567, 692543874120, 8553
692609196675, 692609206527, 9852
692636649194, 692636656910, 7716
692707998682, 692708008942, 10260
692747775341, 692747784431, 9090
692806849199, 692806859036, 9837
692837063281, 692837072953, 9672
692905687684, 692905698068, 10384
692939014750, 692939024908, 10158
693004553400, 693004562847, 9447
693034884521, 693034893014, 8493
693103453933, 693103464166, 10233
693146919742, 693146934328, 14586
693202179040, 693202188136, 9096
693232599230, 693232606556, 7326
693301039114, 693301049299, 10185
693330258071, 693330266813, 8742
693399891914, 693399901619, 9705
693432784152, 693432793770, 9618
693498770848, 693498779608, 8760
693527388703, 693527397070, 8367
693597604839, 693597614385, 9546
693642947274, 693642955797, 8523
693696431695, 693696442057, 10362
693725307001, 693725315209, 8208
693794659730, 693794664665, 4935
693835886600, 693835894655, 8055
693894097217, 693894106226, 9009
693936110544, 693936119052, 8508
693992963600, 693992972219, 8619
694033626144, 694033634841, 8697
694091540361, 694091548521, 8160
694126654365, 694126662432, 8067
694190667680, 694190676638, 8958
694220975307, 694220988969, 13662
694289271305, 694289280578, 9273
694332435552, 694332448731, 13179
694388053459, 694388058103, 4644
694420792152, 694420800270, 8118
694487196671, 694487210768, 14097
694515523726, 694515531484, 7758
694585623167, 694585629134, 5967
694623798386, 694623806468, 8082
694684902087, 694684912410, 10323
694713966940, 694713976033, 9093
694783663804, 694783674268, 10464
694816747689, 694816756110, 8421
694882268057, 694882278749, 10692
694928541483, 694928557251, 15768
694981191653, 694981201424, 9771
695010195655, 695010204418, 8763
695080195826, 695080206623, 10797
695112582751, 695112590917, 8166
695178998570, 695179009646, 11076
695210708477, 695210720921, 12444
695277866579, 695277877826, 11247
695309447001, 695309458494, 11493
695376707722, 695376718528, 10806
695414599236, 695414608506, 9270
695475553171, 695475562783, 9612
695504358624, 695504366244, 7620
695574400153, 695574410014, 9861
695621403864, 695621412078, 8214
695673233341, 695673268747, 35406
695701248425, 695701256480, 8055
695771846968, 695771856562, 9594
695811458754, 695811467730, 8976
695870913940, 695870925415, 11475
695904059647, 695904067012, 7365
695969816249, 695969827709, 11460
695998693428, 695998704756, 11328
696068616662, 696068627336, 10674
696097624570, 696097633426, 8856
696167606880, 696167625765, 18885
696196668161, 696196676627, 8466
696266270248, 696266281080, 10832
696306008763, 696306017961, 9198
696364785372, 696364795254, 9882
696396616968, 696396630519, 13551
696463981876, 696463993138, 11262
696494853592, 696494865976, 12384
696562807232, 696562818503, 11271
696592201042, 696592209583, 8541
696661674677, 696661685474, 10797
696695780198, 696695788901, 8703
696760435501, 696760446712, 11211
696791253701, 696791262116, 8415
696859357715, 696859369565, 11850
696887360104, 696887368165, 8061
696958187924, 696958199627, 11703
696996202528, 696996210643, 8115
697057017986, 697057028099, 10113
697099410034, 697099418440, 8406
697155860589, 697155871146, 10557
697197752803, 697197762577, 9774
697254847333, 697254863200, 15867
697285055589, 697285063611, 8022
697353646046, 697353655781, 9735
697399140344, 697399148903, 8559
697452290961, 697452300903, 9942
697483920912, 697483928454, 7542
697551217663, 697551227443, 9780
697581954703, 697581962518, 7815
697650079668, 697650089337, 9669
697682951262, 697682960796, 9534
697748929134, 697748939106, 9972
697781095610, 697781104403, 8793
697847805453, 697847815617, 10164
697878231252, 697878238620, 7368
697946542412, 697946551175, 8763
697980276429, 697980285528, 9099
698045457875, 698045467844, 9969
698074285129, 698074298188, 13059
698144318551, 698144329093, 10542
698184369366, 698184376983, 7617
698242924409, 698242938893, 14484
698279642998, 698279651362, 8364
698341907906, 698341926731, 18825
698373672622, 698373681127, 8505
698440944268, 698440959949, 15681
698473375868, 698473385462, 9594
698540068146, 698540082402, 14256
698575321073, 698575328918, 7845
698638515382, 698638524778, 9396
698669034756, 698669044833, 10077
698737554115, 698737563244, 9129
698778464076, 698778472278, 8202
698836170075, 698836180992, 10917
698869428864, 698869438818, 9954
698934950451, 698934960513, 10062
698966431556, 698966439299, 7743
699033819179, 699033829742, 10563
699073224107, 699073232111, 8004
699132690256, 699132701056, 10800
699173611133, 699173620556, 9423
699231520853, 699231532169, 11316
699261141127, 699261151348, 10221
699330327894, 699330338502, 10608
699361600711, 699361612441, 11730
699429434961, 699429444765, 9804
699458346894, 699458355597, 8703
699528206279, 699528216530, 10251
699565740957, 699565749357, 8400
699627441954, 699627453579, 11625
699659008675, 699659016811, 8136
699725707144, 699725717827, 10683
699767735361, 699767745387, 10026
699824875200, 699824882877, 7677
699857511187, 699857519155, 7968
699923632613, 699923642036, 9423
699963902969, 699963914864, 11895
700022426042, 700022437496, 11454
700069204158, 700069212900, 8742
700121293159, 700121302210, 9051
700176131944, 700176150298, 18354
700233888970, 700233893742, 4772
700332735065, 700332739940, 4875
700431354913, 700431363286, 8373
700530204019, 700530211876, 7857
700629277474, 700629282907, 5433
700728141839, 700728147413, 5574
700826935630, 700826940244, 4614
700925977072, 700925981856, 4784
701024733529, 701024738404, 4875
701123407511, 701123412155, 4644
701222298710, 701222304086, 5376
701321144266, 701321150071, 5805
701419794818, 701419802027, 7209
701518892718, 701518896996, 4278
701617664721, 701617669965, 5244
701716529141, 701716533758, 4617
701815405700, 701815411241, 5541
701914222434, 701914226907, 4473
702013004732, 702013009433, 4701
702111955972, 702111963109, 7137
702210744659, 702210749225, 4566
702309558473, 702309562913, 4440
702408211871, 702408217646, 5775
702507266555, 702507272414, 5859
702606077177, 702606083165, 5988
702704891584, 702704897173, 5589
702803819637, 702803825619, 5982
702902616043, 702902620870, 4827
703001442260, 703001448638, 6378
703100128462, 703100139538, 11076
703199177318, 703199183273, 5955
703231724852, 703231731926, 7074
703297937497, 703297942177, 4680
703396800714, 703396807668, 6954
703495641822, 703495648347, 6525
703594508367, 703594512927, 4560
703693436339, 703693442051, 5712
703792163225, 703792167764, 4539
703891914628, 703891919884, 5256
703989855382, 703989859924, 4542
704088657851, 704088663458, 5607
704187406542, 704187411201, 4659
704286327401, 704286332108, 4707
704385237990, 704385243513, 5523
704484050464, 704484055195, 4731
704582966020, 704582971492, 5472
704683079044, 704683084159, 5115
704780392385, 704780401268, 8883
704879446977, 704879451678, 4701
704978421453, 704978433450, 11997
705077153985, 705077160783, 6798
705175982110, 705175986943, 4833
705274822697, 705274828190, 5493
705373608140, 705373613006, 4866
705472505387, 705472510643, 5256
705571341465, 705571346304, 4839
705670134624, 705670139586, 4962
705769029665, 705769035170, 5505
705867809648, 705867814544, 4896
705966658508, 705966663017, 4509
706065629285, 706065634733, 5448
706164364704, 706164372324, 7620
706263193030, 706263197944, 4914
706291376464, 706291384930, 8466
706362073124, 706362077549, 4425
706460717372, 706460727728, 10356
706559759206, 706559765752, 6546
706658559830, 706658564579, 4749
706757436216, 706757442372, 6156
706856468933, 706856477408, 8475
706955115509, 706955121371, 5862
707053925038, 707053930219, 5181
707152834744, 707152839766, 5022
707251613025, 707251617597, 4572
707350404434, 707350412192, 7758
707449352110, 707449357891, 5781
707548113750, 707548118364, 4614
707647022067, 707647026906, 4839
707745853106, 707745858146, 5040
707844751610, 707844757268, 5658
707943721510, 707943726382, 4872
708042374843, 708042379538, 4695
708141220796, 708141225620, 4824
708240075965, 708240080540, 4575
708338867108, 708338872109, 5001
708437531627, 708437537999, 6372
708536574704, 708536579018, 4314
708635421891, 708635426892, 5001
708734140586, 708734145188, 4602
708833078770, 708833084230, 5460
708932143984, 708932155783, 11799
709030780889, 709030786010, 5121
709129638438, 709129643184, 4746
709228465534, 709228470319, 4785
709327343757, 709327349679, 5922
709366194823, 709366203673, 8850
709426140836, 709426145462, 4626
709525012439, 709525017080, 4641
709623841357, 709623845977, 4620
709722441668, 709722448901, 7233
709754966393, 709754975870, 9477
709821525026, 709821529472, 4446
709920393785, 709920399017, 5232
710019212559, 710019217359, 4800
710118060479, 710118066143, 5664
710216956350, 710216961750, 5400
710315858905, 710315865805, 6900
710414543223, 710414548284, 5061
710513173348, 710513181025, 7677
710612239321, 710612245192, 5871
710711062463, 710711067557, 5094
710809749451, 710809762228, 12777
710908686202, 710908691281, 5079
711007614313, 711007619344, 5031
711106470821, 711106476479, 5658
711205275511, 711205281142, 5631
711304477950, 711304485609, 7659
711402986281, 711402990652, 4371
711501917473, 711501922639, 5166
711600595489, 711600600271, 4782
711699510888, 711699516198, 5310
711798407692, 711798412066, 4374
711897187560, 711897192318, 4758
711996017170, 711996021796, 4626
712094885797, 712094890909, 5112
712193528749, 712193542456, 13707
712292598736, 712292604400, 5664
712391410533, 712391415084, 4551
712419106725, 712419113052, 6327
712489981196, 712489987028, 5832
712589050618, 712589055922, 5304
712687719621, 712687723929, 4308
712786775888, 712786780814, 4926
712885740328, 712885745095, 4767
712984435736, 712984440626, 4890
713083313227, 713083319857, 6630
713182087171, 713182092583, 5412
713280777015, 713280784566, 7551
713379776487, 713379781422, 4935
713478670494, 713478674877, 4383
713577466065, 713577470604, 4539
713676294470, 713676299237, 4767
713775329914, 713775339415, 9501
713874011243, 713874016694, 5451
713972829812, 713972834543, 4731
714071727997, 714071733499, 5502
714170481932, 714170487311, 5379
714269359619, 714269364578, 4959
714368211571, 714368215921, 4350
714467079906, 714467085351, 5445
714565884108, 714565888644, 4536
714664561246, 714664572073, 10827
714763545118, 714763550404, 5286
714862392039, 714862399500, 7461
714961276650, 714961281780, 5130
715060099688, 715060104248, 4560
715158872596, 715158877249, 4653
715257730278, 715257735180, 4902
715356649810, 715356655681, 5871
715456331427, 715456336560, 5133
715554313165, 715554317992, 4827
715653186886, 715653191371, 4485
715752058495, 715752064327, 5832
715836565006, 715836573286, 8280
715863274910, 715863283082, 8172
715935690471, 715935697809, 7338
715970907988, 715970917758, 9770
716034244627, 716034253783, 9156
716072692964, 716072702432, 9468
716133402895, 716133412627, 9732
716177709891, 716177717544, 7653
716232243651, 716232252261, 8610
716331150515, 716331160556, 10041
716376124551, 716376134073, 9522
716429637338, 716429643560, 6222
716465377576, 716465385523, 7947
716528772990, 716528782917, 9927
716574231170, 716574239273, 8103
716627605946, 716627615969, 10023
716666704270, 716666712484, 8214
716726203711, 716726215090, 11379
716771647387, 716771656354, 8967
716825263630, 716825278720, 15090
716873236170, 716873244141, 7971
716924101480, 716924109697, 8217
716963852532, 716963861163, 8631
717022913054, 717022922987, 9933
717057669538, 717057678007, 8469
717121825864, 717121835662, 9798
717152942054, 717152949782, 7728
717220462804, 717220471087, 8283
717262762841, 717262777790, 14949
717319474913, 717319485686, 10773
717360535415, 717360546737, 11322
717418253071, 717418267579, 14508
717452339242, 717452348434, 9192
717517172962, 717517183759, 10797
717557345132, 717557357021, 11889
717615986884, 717615997543, 10659
717651194800, 717651202735, 7935
717714853132, 717714864181, 11049
717750194835, 717750201888, 7053
717813674080, 717813684697, 10617
717848423852, 717848432012, 8160
717912604844, 717912613874, 9030
717943614898, 717943623040, 8142
718011392131, 718011401995, 9864
718047133374, 718047140997, 7623
718110292698, 718110303942, 11244
718153523690, 718153533578, 9888
718208910786, 718208954762, 43976
718252477115, 718252486697, 9582
718307743279, 718307750119, 6840
718347948137, 718347956849, 8712
718406549188, 718406558788, 9600
718444220783, 718444229543, 8760
718505509581, 718505516871, 7290
718604479993, 718604490676, 10683
718649783588, 718649791913, 8325
718703437856, 718703451125, 13269
718751147640, 718751155884, 8244
718802368840, 718802377600, 8760
718834532001, 718834546749, 14748
718900768678, 718900775851, 7173
718942470327, 718942479048, 8721
719000118075, 719000132460, 14385
719050760582, 719050769678, 9096
719098796856, 719098808139, 11283
719132118573, 719132133558, 14985
719197761289, 719197769551, 8262
719245628663, 719245637894, 9231
719296320736, 719296331098, 10362
719347230625, 719347240108, 9483
719395155744, 719395166160, 10416
719434407813, 719434417929, 10116
719494015292, 719494024259, 8967
719528169687, 719528179368, 9681
719592862356, 719592870582, 8226
719634481643, 719634498311, 16668
719691683159, 719691692804, 9645
719725110420, 719725126245, 15825
719790730606, 719790739903, 9297
719835532590, 719835541830, 9240
719889371804, 719889382391, 10587
719922431219, 719922438398, 7179
719987882027, 719987893013, 10986
720029345766, 720029363064, 17298
720087041562, 720087052449, 10887
720122128602, 720122136903, 8301
720185902633, 720185910877, 8244
720218398636, 720218405473, 6837
720284697815, 720284706863, 9048
720316598829, 720316629990, 31161
720383316201, 720383321994, 5793
720420798224, 720420806933, 8709
720482345829, 720482355528, 9699
720525262295, 720525270851, 8556
720581227460, 720581236445, 8985
720610258912, 720610266283, 7371
720680314494, 720680324421, 9927
720722825090, 720722837117, 12027
720778940570, 720778950227, 9657
720811465141, 720811472344, 7203
720877832771, 720877839686, 6915
720909627236, 720909634961, 7725
720976709103, 720976718499, 9396
721009222154, 721009230374, 8220
721075447278, 721075456875, 9597
721106856612, 721106868423, 11811
721174308100, 721174317571, 9471
721204381642, 721204389454, 7812
721273155147, 721273164678, 9531
721305013255, 721305029029, 15774
721372279060, 721372295408, 16348
721404021137, 721404028202, 7065
721470943358, 721470951695, 8337
721503194867, 721503208298, 13431
721569817275, 721569827406, 10131
721669031457, 721669040757, 9300
721722681004, 721722689806, 8802
721767624602, 721767634340, 9738
721812087705, 721812097299, 9594
721866180586, 721866190768, 10182
721906648781, 721906656902, 8121
721964811681, 721964818053, 6372
722001301981, 722001310003, 8022
722063862203, 722063873054, 10851
722094593697, 722094609363, 15666
722162455089, 722162466237, 11148
722212203634, 722212213705, 10071
722261530583, 722261540120, 9537
722294221803, 722294228466, 6663
722360239556, 722360249585, 10029
722408233906, 722408252647, 18741
722459225771, 722459233283, 7512
722496105793, 722496114043, 8250
722558230417, 722558245522, 15105
722608394183, 722608401788, 7605
722656744183, 722656753159, 8976
722707180871, 722707189415, 8544
722755513423, 722755521373, 7950
722810708128, 722810719756, 11628
722868353533, 722868358537, 5004
722967378859, 722967383344, 4485
723066205336, 723066209593, 4257
723164892275, 723164906549, 14274
723264047809, 723264053986, 6177
723362769267, 723362774385, 5118
723462429358, 723462434134, 4776
723560457197, 723560462150, 4953
723659297550, 723659302125, 4575
723758191135, 723758198539, 7404
723856929984, 723856934796, 4812
723955818579, 723955824084, 5505
724054650946, 724054656199, 5253
724153497502, 724153503025, 5523
724252336892, 724252342004, 5112
724351179503, 724351186022, 6519
724450039304, 724450045970, 6666
724548853103, 724548857831, 4728
724647526349, 724647537452, 11103
724681944638, 724681951400, 6762
724746549211, 724746553597, 4386
724845450513, 724845456429, 5916
724944056742, 724944060912, 4170
725043049932, 725043054426, 4494
725141917378, 725141921761, 4383
725240758800, 725240763255, 4455
725339530642, 725339538142, 7500
725438384985, 725438390436, 5451
725537279735, 725537284223, 4488
725636145242, 725636150435, 5193
725734970965, 725734976215, 5250
725833826802, 725833831248, 4446
725932598097, 725932602510, 4413
726031599523, 726031605292, 5769
726130156586, 726130161545, 4959
726228991987, 726229005460, 13473
726327994631, 726328000094, 5463
726426851428, 726426856735, 5307
726525613845, 726525618900, 5055
726624512384, 726624519371, 6987
726723370466, 726723375371, 4905
726822274903, 726822279949, 5046
726920980442, 726920987954, 7512
727019893136, 727019898047, 4911
727118692888, 727118698258, 5370
727217569005, 727217573925, 4920
727316373521, 727316378015, 4494
727415374941, 727415380812, 5871
727514126135, 727514132600, 6465
727612857447, 727612862535, 5088
727711610032, 727711622284, 12252
727744502517, 727744510182, 7665
727810554783, 727810559601, 4818
727909501044, 727909507389, 6345
728008274322, 728008279731, 5409
728107140665, 728107145402, 4737
728206044451, 728206049617, 5166
728304827180, 728304832106, 4926
728403672333, 728403677202, 4869
728502341377, 728502346300, 4923
728601351039, 728601355680, 4641
728700327299, 728700334712, 7413
728798989864, 728798994688, 4824
728897836021, 728897841499, 5478
728996739194, 728996743946, 4752
729095551738, 729095557027, 5289
729194366685, 729194372568, 5883
729293072717, 729293083229, 10512
729392042951, 729392047502, 4551
729490873109, 729490881560, 8451
729589766540, 729589770959, 4419
729688579522, 729688584595, 5073
729787482304, 729787488034, 5730
729886289451, 729886294104, 4653
729985195954, 729985204936, 8982
730083938682, 730083943602, 4920
730182806590, 730182810964, 4374
730281622607, 730281628199, 5592
730380591807, 730380595944, 4137
730479430785, 730479437064, 6279
730578208863, 730578215148, 6285
730676996188, 730677001456, 5268
730775879613, 730775884503, 4890
730807203663, 730807212159, 8496
730874478783, 730874483706, 4923
730973372827, 730973384251, 11424
731072450851, 731072457277, 6426
731171285187, 731171290590, 5403
731270079448, 731270085196, 5748
731368906669, 731368911841, 5172
731467992221, 731467997246, 5025
731566575349, 731566579735, 4386
731665558463, 731665566422, 7959
731764448156, 731764458911, 10755
731863103240, 731863108181, 4941
731964267312, 731964273402, 6090
732060813245, 732060817853, 4608
732159694512, 732159698961, 4449
732258434745, 732258439212, 4467
732357305076, 732357309846, 4770
732456136958, 732456141632, 4674
732554979762, 732554984598, 4836
732653816123, 732653823332, 7209
732684228732, 732684236670, 7938
732752655940, 732752660560, 4620
732851549634, 732851555973, 6339
732950426944, 732950433670, 6726
733049185034, 733049189723, 4689
733148067209, 733148071829, 4620
733246905956, 733246910489, 4533
733345765167, 733345769484, 4317
733444538120, 733444542800, 4680
733543513768, 733543519285, 5517
733642277974, 733642283395, 5421
733741074441, 733741079115, 4674
733840444300, 733840449532, 5232
733876355712, 733876362705, 6993
733938776078, 733938780551, 4473
734037635792, 734037641216, 5424
734136561661, 734136568618, 6957
734188962582, 734188971015, 8433
734235140183, 734235147707, 7524
734289458789, 734289462701, 3912
734289480998, 734289482258, 1260
734319613834, 734319614242, 408
734325656310, 734325661722, 5412
734330323776, 734330328207, 4431
734375033059, 734375042248, 9189
734419115552, 734419128266, 12714
734463421272, 734463431760, 10488
734517904968, 734517914436, 9468
734549870421, 734549879043, 8622
734616439389, 734616447321, 7932
734648261835, 734648268498, 6663
734715211841, 734715223103, 11262
734750914444, 734750924050, 9606
734814444930, 734814455604, 10674
734853750321, 734853758028, 7707
734913526679, 734913536081, 9402
734947630365, 734947639026, 8661
735012027002, 735012045731, 18729
735047046102, 735047055837, 9735
735110949027, 735110964414, 15387
735140781572, 735140790329, 8757
735209780323, 735209790241, 9918
735258181505, 735258190355, 8850
735308551645, 735308561536, 9891
735343278049, 735343287892, 9843
735406925402, 735406937081, 11679
735450160835, 735450169124, 8289
735506285566, 735506295814, 10248
735550221276, 735550229424, 8148
735605109277, 735605121037, 11760
735637636094, 735637644296, 8202
735703729244, 735703778175, 48931
735746837633, 735746844914, 7281
735802791948, 735802801449, 9501
735834432856, 735834441850, 8994
735901627039, 735901637083, 10044
736000139673, 736000143666, 3993
736030382013, 736030390443, 8430
736099315745, 736099325600, 9855
736133192757, 736133200761, 8004
736198162423, 736198173301, 10878
736228555806, 736228563891, 8085
736296930574, 736296939916, 9342
736337173226, 736337181311, 8085
736395875018, 736395885443, 10425
736494558704, 736494570794, 12090
736535257280, 736535266247, 8967
736593526828, 736593538213, 11385
736623311609, 736623318740, 7131
736692195246, 736692205020, 9774
736725134498, 736725150704, 16206
736791257313, 736791267504, 10191
736825586512, 736825595968, 9456
736890075541, 736890090337, 14796
736988761967, 736988773619, 11652
737021112404, 737021120492, 8088
737087768636, 737087779520, 10884
737117936718, 737117944254, 7536
737186582878, 737186591605, 8727
737220739341, 737220747867, 8526
737285211236, 737285222183, 10947
737329228171, 737329242601, 14430
737384288125, 737384298166, 10041
737413477310, 737413484705, 7395
737483133397, 737483144203, 10806
737518469380, 737518478659, 9279
737582100572, 737582115257, 14685
737628446797, 737628456652, 9855
737680818380, 737680829405, 11025
737716783424, 737716791629, 8205
737779842966, 737779848576, 5610
737810521952, 737810530094, 8142
737878500955, 737878510966, 10011
737911051336, 737911058977, 7641
737977139513, 737977148465, 8952
738017058020, 738017069300, 11280
738075952297, 738075961852, 9555
738125976829, 738125988760, 11931
738175043203, 738175053481, 10278
738223126572, 738223134693, 8121
738273839760, 738273849867, 10107
738312386120, 738312394481, 8361
738372626213, 738372636881, 10668
738407792315, 738407800211, 7896
738471594813, 738471632496, 37683
738503110091, 738503118917, 8826
738570385727, 738570395060, 9333
738603274120, 738603281821, 7701
738669220497, 738669231054, 10557
738709754966, 738709763813, 8847
738768076804, 738768086905, 10101
738807428352, 738807436590, 8238
738866622750, 738866673184, 50434
738899330446, 738899340313, 9867
738965763900, 738965773743, 9843
739064006761, 739064014882, 8121
739078338325, 739078346692, 8367
739177572643, 739177578529, 5886
739276188027, 739276193004, 4977
739375097300, 739375102028, 4728
739473915817, 739473921133, 5316
739572742230, 739572746589, 4359
739671661635, 739671667221, 5586
739770469300, 739770474574, 5274
739869226026, 739869232095, 6069
739968143524, 739968148159, 4635
740000121278, 740000127584, 6306
740066907737, 740066913833, 6096
740165602899, 740165612679, 9780
740200142271, 740200148523, 6252
740264702835, 740264707410, 4575
740349184923, 740349191016, 6093
740390000500, 740390008753, 8253
740448216201, 740448220896, 4695
740501866735, 740501877379, 10644
740547174885, 740547184296, 9411
740577491067, 740577499203, 8136
740646414085, 740646423922, 9837
740685937322, 740685947069, 9747
740744867884, 740744876389, 8505
740789473591, 740789487553, 13962
740843736372, 740843746965, 10593
740897574869, 740897583902, 9033
740942540669, 740942550632, 9963
740982431817, 740982439047, 7230
741041403336, 741041741186, 337850
741091755236, 741091763819, 8583
741140311705, 741140322928, 11223
741172004098, 741172010860, 6762
741239448539, 741239460494, 11955
741289490287, 741289497997, 7710
741337918053, 741337927617, 9564
741382839361, 741382849171, 9810
741436687274, 741436696913, 9639
741469212039, 741469221303, 9264
741535467763, 741535479304, 11541
741567668030, 741567676547, 8517
741634578211, 741634588735, 10524
741669239984, 741669251429, 11445
741733541397, 741733551108, 9711
741765488910, 741765500100, 11190
741832130731, 741832140877, 10146
741864271696, 741864282610, 10914
741930946870, 741930958411, 11541
741959720858, 741959728904, 8046
742029799530, 742029808707, 9177
742061695181, 742061702507, 7326
742128496528, 742128504973, 8445
742171322865, 742171331199, 8334
742227507209, 742227516086, 8877
742259956458, 742259964123, 7665
742325947375, 742325957671, 10296
742359087286, 742359095272, 7986
742424844539, 742424854208, 9669
742458226211, 742458239531, 13320
742524061188, 742524072786, 11598
742555090320, 742555098294, 7974
742622886009, 742622898732, 12723
742669228958, 742669237565, 8607
742721877927, 742721895051, 17124
742765371945, 742765380963, 9018
742820541450, 742820552556, 11106
742857188335, 742857196246, 7911
742919373472, 742919385040, 11568
742950837980, 742950845051, 7071
743018241211, 743018252587, 11376
743117028891, 743117038905, 10014
743149169235, 743149178283, 9048
743215927954, 743215938655, 10701
743248069703, 743248078538, 8835
743314764826, 743314776448, 11622
743356850816, 743356859213, 8397
743413666448, 743413677458, 11010
743447445586, 743447452585, 6999
743512480493, 743512490273, 9780
743545575957, 743545583748, 7791
743611298402, 743611308707, 10305
743644432879, 743644440781, 7902
743710173258, 743710187952, 14694
743742850232, 743742860009, 9777
743809070995, 743809081765, 10770
743841038956, 743841047797, 8841
743907836228, 743907844748, 8520
743953375712, 743953383542, 7830
744006540498, 744006549582, 9084
744038837967, 744038846049, 8082
744105316434, 744105323964, 7530
744142260044, 744142267613, 7569
744204361536, 744204371538, 10002
744237252984, 744237266037, 13053
744303425396, 744303433166, 7770
744332353199, 744332361794, 8595
744402195432, 744402203946, 8514
744435136717, 744435151069, 14352
744500845837, 744500855503, 9666
744532782108, 744532789365, 7257
744599722545, 744599731134, 8589
744634217794, 744634225867, 8073
744698479757, 744698490584, 10827
744734075190, 744734082972, 7782
744797409314, 744797419763, 10449
744829690431, 744829699116, 8685
744896200551, 744896210586, 10035
744927660265, 744927670582, 10317
744995321295, 744995331207, 9912
745026728286, 745026735900, 7614
745093876281, 745093886184, 9903
745127677112, 745127691818, 14706
745192693687, 745192704214, 10527
745234181145, 745234194276, 13131
745291579152, 745291590348, 11196
745322757795, 745322765502, 7707
745389991271, 745390000091, 8820
745436843598, 745436855322, 11724
745489509753, 745489520097, 10344
745518245064, 745518253875, 8811
745588087389, 745588097070, 9681
745621103357, 745621112453, 9096
745686978982, 745686989749, 10767
745718039440, 745718047783, 8343
745785798967, 745785810100, 11133
745820258577, 745820266896, 8319
745885503919, 745885510957, 7038
745917153484, 745917164446, 10962
745983453149, 745983465119, 11970
746018367499, 746018382088, 14589
746082482394, 746082490647, 8253
746181145089, 746181154689, 9600
746212834587, 746212848897, 14310
746280362498, 746280374600, 12102
746311395461, 746311403063, 7602
746378902586, 746378909387, 6801
746428238245, 746428249435, 11190
746493380290, 746493387556, 7266
746590452414, 746590460343, 7929
746689272926, 746689279643, 6717
746788094469, 746788101549, 7080
746886673917, 746886678765, 4848
746985583205, 746985588245, 5040
747084394336, 747084399271, 4935
747183148600, 747183153352, 4752
747281960019, 747281964678, 4659
747380799834, 747380804961, 5127
747479593681, 747479598382, 4701
747578478485, 747578485655, 7170
747677025329, 747677029961, 4632
747775881095, 747775885985, 4890
747874702092, 747874708179, 6087
747973276780, 747973283644, 6864
748072255312, 748072261051, 5739
748171112003, 748171118534, 6531
748269906592, 748269911341, 4749
748368715447, 748368723796, 8349
748467408949, 748467413800, 4851
748566007475, 748566012791, 5316
748664989706, 748664993957, 4251
748763828245, 748763834020, 5775
748848273254, 748848281147, 7893
748880940377, 748880947610, 7233
748947485900, 748947493031, 7131
748998127138, 748998137260, 10122
749046468093, 749046478433, 10340
749074614748, 749074622545, 7797
749145046245, 749145056322, 10077
749243867396, 749243876741, 9345
749273187174, 749273199276, 12102
749342625845, 749342637002, 11157
749372452345, 749372461381, 9036
749441760337, 749441767885, 7548
749471643888, 749471652045, 8157
749540120097, 749540127279, 7182
749573972445, 749573979753, 7308
749638746975, 749638755612, 8637
749687246655, 749687257242, 10587
749737813181, 749737824251, 11070
749768338439, 749768346248, 7809
749836881020, 749836891196, 10176
749872269850, 749872278187, 8337
749935591610, 749935600835, 9225
749979280877, 749979289661, 8784
750034274900, 750034284809, 9909
750062974795, 750062983531, 8736
750132960139, 750132969721, 9582
750163269057, 750163282170, 13113
750231772632, 750231779220, 6588
750260875498, 750260884801, 9303
750330448741, 750330458821, 10080
750361515621, 750361527900, 12279
750429329123, 750429337808, 8685
750458778610, 750458785843, 7233
750528091973, 750528101693, 9720
750583456771, 750583467910, 11139
750626933161, 750626944438, 11277
750659860262, 750659869502, 9240
750725986031, 750725996515, 10484
750763778353, 750763786744, 8391
750824341926, 750824353065, 11139
750866393711, 750866407454, 13743
750923263237, 750923274046, 10809
750957409680, 750957418509, 8829
751022308433, 751022317790, 9357
751068246553, 751068255211, 8658
751121073432, 751121082498, 9066
751156004950, 751156013488, 8538
751219678389, 751219689477, 11088
751256614605, 751256623107, 8502
751318486202, 751318496255, 10053
751357761088, 751357770232, 9144
751417258068, 751417267779, 9711
751447526199, 751447534872, 8673
751515868005, 751515874734, 6729
751550163056, 751550171294, 8238
751615105491, 751615116855, 11364
751660480261, 751660487980, 7719
751713291440, 751713297767, 6327
751745390191, 751745400868, 10677
751811895521, 751811904426, 8905
751857209774, 751857219650, 9876
751910661383, 751910668178, 6795
751940902281, 751940909841, 7560
752009963329, 752009968708, 5379
752062178190, 752062187235, 9045
752108139083, 752108143823, 4740
752155386034, 752155396315, 10281
752207294435, 752207300219, 5784
752306080385, 752306088236, 7851
752357276379, 752357291604, 15225
752404668932, 752404674671, 5739
752437607876, 752437616693, 8817
752503725382, 752503730953, 5571
752543384310, 752543392677, 8367
752616662805, 752616667770, 4965
752715677096, 752715685136, 8040
752814051149, 752814056507, 5358
752913130143, 752913134874, 4731
753011823141, 753011827341, 4200
753110621882, 753110627822, 5940
753209472799, 753209477854, 5055
753308244598, 753308251033, 6435
753406962278, 753406966895, 4617
753505775785, 753505780936, 5151
753604604036, 753604608905, 4869
753703215911, 753703227485, 11574
753802193994, 753802198728, 4734
753901003428, 753901011393, 7965
753999744628, 753999749584, 4956
754098502025, 754098506651, 4626
754197406743, 754197411837, 5094
754296164642, 754296169415, 4773
754395040144, 754395045412, 5268
754493749712, 754493754779, 5067
754592519319, 754592524230, 4911
754691316170, 754691320664, 4494
754790131035, 754790136069, 5034
754888923481, 754888928662, 5181
754987732528, 754987743799, 11271
755086516088, 755086522694, 6606
755185444740, 755185452414, 7674
755284220152, 755284225255, 5103
755315941474, 755315948347, 6873
755383251947, 755383256675, 4728
755481461706, 755481468867, 7161
755580465634, 755580470431, 4797
755679251808, 755679256272, 4464
755778042264, 755778047688, 5424
755877050809, 755877063901, 13092
755975614220, 755975619524, 5304
756074417893, 756074422693, 4800
756173169882, 756173174295, 4413
756271999227, 756272003559, 4332
756370841403, 756370852071, 10668
756469609258, 756469616623, 7365
756568369826, 756568375238, 5412
756667178146, 756667183447, 5301
756765962838, 756765967971, 5133
756864752111, 756864756716, 4605
756963511914, 756963516849, 4935
757062334991, 757062339650, 4659
757160995400, 757161007421, 12021
757259957900, 757259962325, 4425
757358803703, 757358809520, 5817
757400050328, 757400059289, 8961
757457273188, 757457276926, 3738
757556264417, 757556269193, 4776
757655065694, 757655071145, 5451
757753859670, 757753866048, 6378
757852907423, 757852918532, 11109
757951449692, 757951454357, 4665
758050218340, 758050223272, 4932
758163363888, 758163370386, 6498
758247869525, 758247874160, 4635
758346606782, 758346612077, 5295
758445436566, 758445441717, 5151
758544427282, 758544434062, 6780
758642984146, 758642990005, 5859
758741789813, 758741794841, 5028
758840533215, 758840537868, 4653
758939267117, 758939278586, 11469
758985461004, 758985468690, 7686
759038342029, 759038348512, 6483
759137042250, 759137047284, 5034
759235877663, 759235882901, 5238
759334564102, 759334569493, 5391
759433311624, 759433316181, 4557
759532110153, 759532114569, 4416
759630934961, 759630939704, 4743
759729786273, 759729792774, 6501
759828515194, 759828519742, 4548
759927315729, 759927321240, 5511
760026103580, 760026107981, 4401
760124865729, 760124870508, 4779
760223687005, 760223691550, 4545
760322487397, 760322492593, 5196
760421269157, 760421273789, 4632
760520240945, 760520248988, 8043
760618901652, 760618906308, 4656
760717441784, 760717453904, 12120
760816446686, 760816451822, 5136
760915239511, 760915244509, 4998
761014026120, 761014031451, 5331
761112790684, 761112795691, 5007
761211555361, 761211560266, 4905
761310392541, 761310400449, 7908
761409122329, 761409126682, 4353
761507939659, 761507945398, 5739
761606751114, 761606755731, 4617
761705560067, 761705566298, 6231
761804330997, 761804335476, 4479
761903154284, 761903159135, 4851
762001942259, 762001949123, 6864
762100701987, 762100706394, 4407
762199453563, 762199474857, 21294
762298390165, 762298395214, 5049
762397112281, 762397117195, 4914
762495914887, 762495920371, 5484
762594498495, 762594507603, 9108
762693391688, 762693396743, 5055
762792270248, 762792275894, 5646
762891039255, 762891044607, 5352
762989703055, 762989708113, 5058
763088803324, 763088809501, 6177
763187426404, 763187431504, 5100
763287004839, 763287022740, 17901
763385026420, 763385031505, 5085
763483835487, 763483840329, 4842
763582609711, 763582614586, 4875
763681366706, 763681371227, 4521
763780094785, 763780103767, 8982
763878776415, 763878786474, 10059
763977717541, 763977721990, 4449
764076544328, 764076549497, 5169
764175365074, 764175369589, 4515
764274128168, 764274132959, 4791
764373166902, 764373180318, 13416
764471640945, 764471645394, 4449
764570481152, 764570485775, 4623
764669298020, 764669302763, 4743
764768105531, 764768112482, 6951
764866893706, 764866898266, 4560
764965675543, 764965680286, 4743
765064518990, 765064525206, 6216
765163376733, 765163382157, 5424
765261879233, 765261888560, 9327
765360825379, 765360830047, 4668
765459659992, 765459664651, 4659
765558450418, 765558455191, 4773
765657250375, 765657255487, 5112
765756008537, 765756013949, 5412
765854801586, 765854807010, 5424
765953616271, 765953621320, 5049
766052376903, 766052382501, 5598
766151112286, 766151117242, 4956
766249964094, 766249969815, 5721
766348760828, 766348766348, 5520
766447547405, 766447552454, 5049
766546328612, 766546333514, 4902
766645297933, 766645305598, 7665
766743894044, 766743899417, 5373
766842553330, 766842560863, 7533
766941536582, 766941541103, 4521
767040332736, 767040338550, 5814
767139221197, 767139227767, 6570
767238009691, 767238015829, 6138
767336705989, 767336711929, 5940
767435572007, 767435577926, 5919
767534350852, 767534357713, 6861
767567928251, 767567935433, 7182
767633081439, 767633089446, 8007
767830618682, 767830623476, 4794
767859450818, 767859459884, 9066
767929443360, 767929450848, 7488
768028282614, 768028287195, 4581
768126858885, 768126863055, 4170
768225793594, 768225799606, 6012
768324441343, 768324446017, 4674
768423381275, 768423386372, 5097
768521969521, 768521976922, 7401
768620982431, 768620987516, 5085
768719750843, 768719755814, 4971
768818541869, 768818547206, 5337
768917371130, 768917375702, 4572
769016126033, 769016130650, 4617
769119961178, 769119970175, 8997
769213697640, 769213703787, 6147
769312717156, 769312725355, 8199
769411237123, 769411241782, 4659
769510013815, 769510019035, 5220
769608937028, 769608942413, 5385
769707739323, 769707743844, 4521
769806502286, 769806506126, 3840
769905279463, 769905283672, 4209
770003899633, 770003907139, 7506
770102888770, 770102893387, 4617
770201680652, 770201687912, 7260
770300526373, 770300535337, 8964
770399202253, 770399207422, 5169
770498116467, 770498127807, 11340
770596929309, 770596934919, 5610
770638114529, 770638126106, 11577
770695611899, 770695619213, 7314
770794406706, 770794411974, 5268
770893340727, 770893345848, 5121
770991996446, 770992002572, 6126
771090716610, 771090721404, 4794
771189573534, 771189579411, 5877
771288386781, 771288391557, 4776
771386948774, 771386957006, 8232
771485898518, 771485903603, 5085
771584789198, 771584794727, 5529
771683520136, 771683525119, 4983
771782309638, 771782314537, 4899
771881193027, 771881198769, 5742
771979911382, 771979916038, 4656
772078683443, 772078689491, 6048
772177299165, 772177303260, 4095
772276253977, 772276258594, 4617
772374886211, 772374890042, 3831
772473859426, 772473865687, 6261
772572679533, 772572686472, 6939
772671474467, 772671479597, 5130
772770064260, 772770074118, 9858
772868990707, 772868995534, 4827
772967783875, 772967789548, 5673
773066687736, 773066692755, 5019
773165413953, 773165418621, 4668
773264199637, 773264204794, 5157
773363023885, 773363029585, 5700
773461797604, 773461802332, 4728
773560613617, 773560618348, 4731
773659147832, 773659154936, 7104
773693996602, 773694005190, 8588
773758165918, 773758170619, 4701
773856989659, 773856994687, 5028
773955683714, 773955688385, 4671
774054542561, 774054547373, 4812
774153119908, 774153126544, 6636
774252128665, 774252134296, 5631
774350871832, 774350876638, 4806
774449694060, 774449699190, 5130
774548625988, 774548631211, 5223
774647273660, 774647278511, 4851
774746280085, 774746286409, 6324
774844819815, 774844826349, 6534
774943836008, 774943843538, 7530
775042457219, 775042462508, 5289
775141219696, 775141224364, 4668
775240068570, 775240074801, 6231
775338859556, 775338867368, 7812
775437441502, 775437453676, 12174
775536418334, 775536422771, 4437
775636096541, 775636102247, 5706
775733961886, 775733966230, 4344
775832884664, 775832890076, 5412
775931546967, 775931552442, 5475
776030367869, 776030372891, 5022
776132623083, 776132630307, 7224
776227720511, 776227725491, 4980
776326701532, 776326706662, 5130
776425520012, 776425524713, 4701
776524293375, 776524297974, 4599
776634028552, 776634047152, 18600
776721879427, 776721884953, 5526
776749320228, 776749327089, 6861
776820671289, 776820676017, 4728
776919297855, 776919306387, 8532
777018279794, 777018284540, 4746
777117084399, 777117089001, 4602
777215847894, 777215852844, 4950
777314632188, 777314637669, 5481
777413427841, 777413432953, 5112
777512269783, 777512274361, 4578
777611140992, 777611147848, 6856
777709844300, 777709850255, 5955
777808579465, 777808584169, 4704
777907494487, 777907499539, 5052
778006189791, 778006194402, 4611
778105119946, 778105124674, 4728
778203839878, 778203844438, 4560
778302411358, 778302418429, 7071
778387052626, 778387062136, 9510
778431572134, 778431581848, 9714
778486013753, 778486018250, 4497
778516593763, 778516601242, 7479
778584854801, 778584861938, 7137
778625682158, 778625690042, 7884
778683823475, 778683834851, 11376
778712191489, 778712201764, 10275
778782609297, 778782617679, 8382
778822751431, 778822759966, 8535
778881590538, 778881599400, 8862
778922395688, 778922403785, 8097
778980202543, 778980213265, 10722
779008023367, 779008030846, 7479
779079182131, 779079191125, 8994
779114881789, 779114888908, 7119
779178069863, 779178080378, 10515
779216194074, 779216202486, 8412
779276796538, 779276804242, 7704
779316206559, 779316214617, 8058
779375373117, 779375383806, 10689
779416656378, 779416665132, 8754
779474140788, 779474154174, 13386
779509214208, 779509221849, 7641
779572681475, 779572692830, 11355
779617762129, 779617772515, 10386
779672200536, 779672209440, 8904
779705168931, 779705176296, 7365
779770693396, 779770703636, 10240
779814161489, 779814169841, 8352
779869648414, 779869659025, 10611
779904893256, 779904904029, 10773
779967836562, 779967847728, 11166
779998442755, 779998451500, 8745
780067083052, 780067091353, 8301
780096041123, 780096054611, 13488
780165690817, 780165701476, 10659
780194739209, 780194747933, 8724
780264450674, 780264461183, 10509
780292858069, 780292865788, 7719
780363273993, 780363284595, 10602
780392845831, 780392853259, 7428
780462109594, 780462117097, 7503
780501947583, 780501956484, 8901
780560876793, 780560886417, 9624
780590473452, 780590486604, 13152
780659646827, 780659656331, 9504
780688402240, 780688411060, 8820
780758630342, 780758638820, 8478
780790774831, 780790784494, 9663
780856865759, 780856874189, 8430
780885859243, 780885866857, 7614
780955892073, 780955902753, 10680
780986859411, 780986868228, 8817
781054847300, 781054857221, 9921
781093403043, 781093412052, 9009
781153569177, 781153574685, 5508
781185204532, 781185216556, 12024
781252501031, 781252513991, 12960
781283062927, 781283070388, 7461
781351229207, 781351236881, 7674
781382725925, 781382743505, 17580
781449978893, 781449987914, 9021
781478790452, 781478797871, 7419
781548735039, 781548744777, 9738
781578383060, 781578389996, 6936
781647811458, 781647820671, 9213
781677741270, 781677752811, 11541
781746721001, 781746731534, 10533
781776941604, 781776949992, 8388
781845068404, 781845077902, 9498
781881643927, 781881651685, 7758
781943940975, 781943951289, 10314
781975666540, 781975676257, 9717
782042723816, 782042734031, 10215
782084172241, 782084179798, 7557
782141518462, 782141528200, 9738
782171496362, 782171504294, 7932
782240102036, 782240110226, 8190
782268601807, 782268610477, 8670
782339157584, 782339168495, 10911
782385395859, 782385405465, 9606
782437886485, 782437897792, 11307
782477971879, 782477980156, 8277
782536688430, 782536698810, 10380
782565815230, 782565822418, 7188
782635402069, 782635412218, 10149
782668909917, 782668917804, 7887
782734305949, 782734317223, 11274
782772927311, 782772936455, 9144
782833077538, 782833088431, 10893
782878635030, 782878643115, 8085
782931855572, 782931866615, 11043
782964627959, 782964637181, 9222
783030640400, 783030650228, 9828
783060033230, 783060041810, 8580
783129441968, 783129451559, 9591
783160402442, 783160410902, 8460
783228139486, 783228150763, 11277
783257268691, 783257276578, 7887
783327020433, 783327031689, 11256
783356651821, 783356661013, 9192
783425813654, 783425823803, 10149
783456602470, 783456610069, 7599
783524567819, 783524575361, 7542
783560257846, 783560266831, 8985
783623432382, 783623442099, 9717
783655107559, 783655115752, 8193
783722325926, 783722338205, 12279
783765509746, 783765519277, 9531
783821072582, 783821085071, 12489
783849768652, 783849776587, 7935
783919768398, 783919777785, 9387
783953869062, 783953877432, 8370
784018543896, 784018553775, 9879
784049017933, 784049025634, 7701
784117340801, 784117351889, 11088
784147943701, 784147951330, 7629
784216147467, 784216157742, 10275
784257513646, 784257522430, 8784
784314541913, 784314549593, 7680
784356613335, 784356621357, 8022
784413375004, 784413384301, 9297
784511915291, 784511923874, 8583
784513571861, 784513574387, 2526
784513593404, 784513594910, 1506
784559957510, 784559977772, 20262
784611091479, 784611100611, 9132
784640257181, 784640265992, 8811
784709742295, 784709752684, 10389
784741562964, 784741571751, 8787
784808885740, 784808893492, 7752
784839402155, 784839409667, 7512
784907477350, 784907486806, 9456
784957665635, 784957675310, 9675
785005893740, 785005899437, 5697
785034983224, 785034994036, 10812
785105009297, 785105017652, 8355
785145605146, 785145616444, 11298
785203772118, 785203780869, 8751
785250804845, 785250814817, 9972
785302509187, 785302517372, 8185
785352402879, 785352412908, 10029
785401373535, 785401382040, 8505
785454221603, 785454233033, 11430
785500148614, 785500155544, 6930
785539549313, 785539560731, 11418
785613980180, 785613987851, 7671
785697403426, 785697409051, 5625
785712516212, 785712526220, 10008
785796437850, 785796446193, 8343
785810764427, 785810768957, 4530
785853404477, 785853411839, 7362
785909748418, 785909757106, 8688
785938260647, 785938268153, 7506
786008315051, 786008320895, 5844
786106915483, 786106923259, 7776
786205916378, 786205921553, 5175
786290429102, 786290436914, 7812
786319762243, 786319769857, 7614
786389582155, 786389587165, 5010
786420868096, 786420875332, 7236
786488356231, 786488366266, 10035
786520821508, 786520839718, 18210
786586932651, 786586941900, 9249
786615285853, 786615294367, 8514
786685836575, 786685845965, 9390
786723344275, 786723352321, 8046
786784549495, 786784560067, 10572
786813859749, 786813868632, 8883
786883553528, 786883564340, 10812
786920162626, 786920169763, 7137
786982332192, 786982341495, 9303
787018619105, 787018631987, 12882
787081174601, 787081183709, 9108
787121045587, 787121054866, 9279
787179928879, 787179938566, 9687
787217041267, 787217054392, 13125
787278657259, 787278666289, 9030
787307775550, 787307782621, 7071
787377513328, 787377523975, 10647
787411706231, 787411717373, 11142
787476345086, 787476352154, 7068
787505569465, 787505576752, 7287
787575077144, 787575086390, 9246
787620207226, 787620216454, 9228
787673874454, 787673884150, 9696
787704465648, 787704473487, 7839
787772653281, 787772663253, 9972
787805377041, 787805394681, 17640
787871327063, 787871336219, 9156
787916178066, 787916190306, 12240
787969906546, 787969915603, 9057
787999265845, 787999273672, 7827
788069094417, 788069110047, 15630
788112088845, 788112096762, 7917
788167945104, 788167955541, 10437
788202635967, 788202645333, 9366
788266592862, 788266602828, 9966
788303251119, 788303260161, 9042
788365088690, 788365096646, 7956
788405659255, 788405666266, 7011
788464132381, 788464139191, 6810
788512210300, 788512226767, 16467
788562491716, 788562501553, 9837
788604005713, 788604014845, 9132
788661469047, 788661481452, 12405
788694459721, 788694469363, 9642
788760424675, 788760435085, 10410
788792268069, 788792275794, 7725
788859235934, 788859245360, 9426
788888232384, 788888239449, 7065
788957862040, 788957871525, 9485
789056966053, 789056976568, 10515
789086727446, 789086738675, 11229
789155764158, 789155777010, 12852
789186160979, 789186168335, 7356
789254262187, 789254269375, 7188
789305351325, 789305361147, 9822
789352657336, 789352662856, 5520
789381879672, 789381888354, 8682
789452130257, 789452139908, 9651
789499811582, 789499821344, 9762
789550909183, 789550918051, 8868
789589825574, 789589836692, 11118
789649717894, 789649726549, 8655
789690313804, 789690322513, 8709
789748498722, 789748509207, 10485
789781670948, 789781679504, 8556
789847334409, 789847344306, 9897
789946098793, 789946109317, 10524
789979923010, 789979930525, 7515
790044861301, 790044871609, 10308
790075453643, 790075465376, 11733
790143719543, 790143733519, 13976
790185030250, 790185038125, 7875
790242245654, 790242254489, 8835
790273222430, 790273230263, 7833
790341219210, 790341229617, 10407
790381765314, 790381774068, 8754
790440026016, 790440036363, 10347
790478053638, 790478063313, 9675
790538813638, 790538825194, 11556
790578244151, 790578253019, 8868
790637594770, 790637605984, 11214
790668496778, 790668504098, 7320
790736287747, 790736296474, 8727
790771183904, 790771195862, 11958
790835191053, 790835202366, 11313
790865811390, 790865820150, 8760
790933973666, 790933984469, 10803
790962353419, 790962361228, 7809
791032786197, 791032796160, 9963
791065366026, 791065372674, 6648
791131556128, 791131567423, 11295
791160063340, 791160071674, 8334
791229940230, 791229950466, 10236
791266755614, 791266769231, 13617
791328931987, 791328939577, 7590
791358330298, 791358339667, 9369
791427936815, 791427947288, 10473
791482830323, 791482839410, 9087
791526721539, 791526733113, 11574
791557245999, 791557254093, 8094
791625268588, 791625276963, 8375
791661096927, 791661105402, 8475
791724301235, 791724311732, 10497
791752945081, 791752953262, 8181
791823113147, 791823124025, 10878
791854638936, 791854654335, 15399
791921992284, 791922006744, 14460
791950982738, 791950990160, 7422
792020720162, 792020728556, 8394
792066143747, 792066153032, 9285
792119471891, 792119482706, 10815
792148692787, 792148699816, 7029
792218360295, 792218371746, 11451
792246489624, 792246498006, 8382
792316689724, 792316698325, 8601
792346546968, 792346557069, 10101
792415842323, 792415852544, 10221
792446792694, 792446801586, 8892
792514521883, 792514530730, 8847
792545940691, 792545949139, 8448
792613424931, 792613438173, 13242
792642176367, 792642184443, 8076
792711939939, 792711950791, 10852
792744623616, 792744632628, 9012
792810704072, 792810715532, 11460
792854185961, 792854201822, 15861
792909827116, 792909836704, 9588
792938522297, 792938530616, 8319
793008434145, 793008443658, 9513
793052490497, 793052500016, 9519
793107458960, 793107469220, 10260
793143391008, 793143400278, 9270
793206195853, 793206205825, 9972
793245307496, 793245316316, 8820
793304998672, 793305009412, 10740
793337496650, 793337504348, 7698
793403768664, 793403780157, 11493
793444813737, 793444822254, 8517
793502577621, 793502587986, 10365
793532545899, 793532553252, 7353
793601361372, 793601372616, 11244
793634281898, 793634289272, 7374
793700160791, 793700170010, 9219
793739172154, 793739180263, 8109
793798969018, 793798978975, 9957
793829430173, 793829437043, 6870
793897740382, 793897750462, 10080
793930244371, 793930253230, 8859
793996532291, 793996542296, 10005
794025731865, 794025739335, 7470
794095356964, 794095366663, 9699
794134264418, 794134277186, 12768
794194163155, 794194172422, 9267
794226974136, 794226981396, 7260
794292862221, 794292872328, 10107
794321334028, 794321341531, 7503
794391703563, 794391714036, 10473
794425698861, 794425706322, 7461
794490444442, 794490454333, 9891
794519341753, 794519350213, 8460
794589287610, 794589299166, 11556
794629371344, 794629380305, 8961
794688089625, 794688100905, 11280
794716716730, 794716724125, 7395
794786867196, 794786876925, 9729
794817287079, 794817295302, 8223
794885437627, 794885446006, 8379
794915215162, 794915225614, 10452
794984246424, 794984253513, 7089
795020043254, 795020050922, 7668
795083247569, 795083258282, 10713
795124606470, 795124616658, 10188
795182042552, 795182055029, 12477
795224393423, 795224402417, 8994
795280710534, 795280720593, 10059
795319826219, 795319842191, 15972
795379663518, 795379673172, 9654
795412214620, 795412223749, 9129
795478423322, 795478432856, 9534
795509451361, 795509459335, 7974
795577211250, 795577221069, 9819
795620812808, 795620822636, 9828
795675746273, 795675754769, 8496
795703999729, 795704008399, 8670
795774804844, 795774814768, 9924
795803345844, 795803353497, 7653
795873360962, 795873370772, 9810
795920053260, 795920066271, 13011
795972375822, 795972387186, 11364
796001271273, 796001278797, 7524
796071186496, 796071197596, 11100
796100838087, 796100848377, 10290
796169993505, 796170004539, 11034
796203393462, 796203407469, 14007
796268468474, 796268475623, 7149
796300450891, 796300459546, 8655
796367372187, 796367379873, 7686
796399671301, 796399678843, 7542
796466267266, 796466276413, 9147
796503652605, 796503661101, 8496
796565137315, 796565147764, 10449
796596702845, 796596714209, 11364
796663572361, 796663583923, 11562
796708294684, 796708302142, 7458
796762678699, 796762689082, 10383
796792500158, 796792510295, 10137
796861476462, 796861488003, 11541
796890900302, 796890907682, 7380
796960594433, 796960603466, 9033
796999669942, 796999680475, 10533
797059050770, 797059061123, 10353
797098010927, 797098021445, 10518
797157844813, 797157855787, 10974
797190210926, 797190218483, 7557
797256645341, 797256656360, 11019
797290382212, 797290401865, 19653
797355407390, 797355422066, 14676
797402117253, 797402126301, 9048
797454196878, 797454207444, 10566
797489589665, 797489598719, 9054
797553032600, 797553043139, 10539
797595546142, 797595554095, 7953
797651480366, 797651490923, 10557
797680053617, 797680062032, 8415
797750603614, 797750613007, 9393
797796502402, 797796511426, 9024
797849407256, 797849418695, 11439
797880090290, 797880098054, 7764
797948217198, 797948228022, 10824
797977472843, 797977481240, 8397
798047000388, 798047010900, 10512
798076760039, 798076771004, 10965
798145922140, 798145933099, 10959
798244326610, 798244332574, 5964
798292740610, 798292750429, 9819
798343384848, 798343396680, 11832
798383429225, 798383440121, 10896
798441801716, 798441809961, 8245
798477273935, 798477283718, 9783
798540691180, 798540696448, 5268
798580681734, 798580688988, 7254
798639744797, 798639756164, 11367
798680799534, 798680808321, 8787
798738625804, 798738639613, 13809
798787713744, 798787724418, 10674
798837335377, 798837347074, 11697
798870511958, 798870521240, 9282
798936115842, 798936126867, 11025
798972514027, 798972526819, 12792
799034909085, 799034919711, 10626
799063288456, 799063296811, 8355
799133722403, 799133731553, 9150
799163079283, 799163088340, 9057
799232583374, 799232596091, 12717
799261596920, 799261611254, 14334
799331073330, 799331082105, 8775
799363654032, 799363663128, 9096
799430102400, 799430110206, 7806
799461888268, 799461896782, 8514
799528871387, 799528881113, 9726
799573163222, 799573171070, 7848
799627720010, 799627729904, 9894
799662084402, 799662094170, 9768
799726465349, 799726475291, 9942
799755534862, 799755544303, 9441
799824988402, 799824997381, 8979
799856848947, 799856857083, 8136
799923957843, 799923969267, 11424
800022813931, 800022823180, 9249
800051371514, 800051379608, 8094
800121446032, 800121456691, 10659
800165518097, 800165529263, 11166
800220342942, 800220352608, 9666
800248622052, 800248630170, 8118
800319029374, 800319039916, 10542
800367051035, 800367061931, 10896
800418107579, 800418117767, 10188
800452236769, 800452246339, 9570
800516813507, 800516824538, 11031
800559017684, 800559026834, 9150
800615643603, 800615743879, 100276
800647139114, 800647146965, 7851
800714367351, 800714379507, 12156
800743433688, 800743442124, 8436
800813071725, 800813082510, 10785
800853046309, 800853053914, 7605
800911971474, 800911981167, 9693
800949284103, 800949292650, 8547
801010755889, 801010766626, 10737
801109547582, 801109558427, 10845
801142386217, 801142394680, 8463
801208326215, 801208336244, 10029
801260337355, 801260347108, 9753
801307127658, 801307138503, 10845
801343332605, 801343340708, 8103
801405596081, 801405605276, 9195
801441114716, 801441123350, 8634
801504716621, 801504726677, 10056
801540897419, 801540906551, 9132
801603520730, 801603530951, 10221
801632916311, 801632923970, 7659
801702025594, 801702033839, 8245
801744121539, 801744130584, 9045
801801106828, 801801117145, 10317
801830169174, 801830177559, 8385
801900037914, 801900055905, 17991
801937764369, 801937773762, 9393
801998776255, 801998790829, 14574
802042005310, 802042013536, 8226
802097473863, 802097483772, 9909
802135360435, 802135367947, 7512
802196332632, 802196342364, 9732
802233011064, 802233019377, 8313
802295129491, 802295138752, 9261
802331020454, 802331029985, 9531
802393851073, 802393861414, 10341
802428819553, 802428826357, 6804
802492643954, 802492653599, 9645
802540197915, 802540205076, 7161
802591449636, 802591459911, 10275
802627288767, 802627297059, 8292
802689891286, 802689898416, 7130
802729948167, 802729961790, 13623
802788982620, 802788992775, 10155
802824504909, 802824512916, 8007
802887809463, 802887819045, 9582
802923465839, 802923474215, 8376
802986612258, 802986622410, 10152
803027452751, 803027460920, 8169
803085404596, 803085415776, 11180
803125895805, 803125904748, 8943
803184227731, 803184237559, 9828
803213686525, 803213697184, 10659
803283010769, 803283020699, 9930
803311250412, 803311262925, 12513
803381778039, 803381788947, 10908
803414057660, 803414064974, 7314
803480526813, 803480537214, 10401
803512962483, 803512970109, 7626
803579375102, 803579385323, 10221
803614442523, 803614451715, 9192
803678162370, 803678173023, 10653
803722529341, 803722540511, 11170
803776938586, 803776947757, 9171
803811809370, 803811817875, 8505
803876067283, 803876076175, 8892
803911654610, 803911663520, 8910
803974426293, 803974434207, 7914
804009199363, 804009207916, 8553
804073334074, 804073344388, 10314
804109981575, 804109989570, 7995
804172018255, 804172028389, 10134
804218657602, 804218666197, 8595
804270967048, 804270975451, 8403
804322278153, 804322288032, 9879
804369729194, 804369741026, 11832
804398585224, 804398592706, 7482
804468577852, 804468593404, 15552
804524203039, 804524214691, 11652
804567290726, 804567301448, 10722
804597023710, 804597032440, 8730
804666097473, 804666106953, 9480
804697794905, 804697803113, 8208
804764878644, 804764889039, 10395
804800818038, 804800828229, 10191
804863651915, 804863664071, 12156
804902551263, 804902560257, 8994
804962483775, 804962493234, 9459
805003201455, 805003211211, 9756
805061240481, 805061251494, 11013
805101431361, 805101444900, 13539
805160031986, 805160041418, 9432
805197163846, 805197173344, 9498
805258604167, 805258612648, 8481
805289561870, 805289571695, 9825
805357429557, 805357439337, 9780
805402898212, 805402909717, 11505
805456394437, 805456405090, 10653
805486110778, 805486118068, 7290
805555109029, 805555120261, 11232
805595936822, 805595946464, 9642
805653991045, 805654000417, 9372
805685271597, 805685279154, 7557
805752770183, 805752780035, 9852
805799725475, 805799734001, 8526
805851155169, 805851160416, 5247
805881637273, 805881644947, 7674
805950358973, 805950371261, 12288
805978898915, 805978907339, 8424
806049127667, 806049138359, 10692
806086652927, 806086661432, 8505
806147929661, 806147940410, 10749
806177900714, 806177909177, 8463
806246510862, 806246519367, 8505
806303043678, 806303052159, 8481
806344866813, 806344873944, 7131
806387804041, 806387813245, 9204
806444338840, 806444348872, 10032
806487240639, 806487249180, 8541
806543086624, 806543096614, 9990
806575667062, 806575675234, 8172
806641887458, 806641899038, 11580
806674851910, 806674865332, 13422
806740694119, 806740703554, 9435
806771457729, 806771465130, 7401
806839488131, 806839499024, 10893
806873268887, 806873277494, 8607
806937963321, 806937974421, 11100
806979821241, 806979829503, 8262
807037082055, 807037092528, 10473
807135589851, 807135623376, 33525
807178196283, 807178204503, 8220
807234897323, 807234907223, 9900
807267408415, 807267418234, 9819
807333516974, 807333527276, 10302
807432290899, 807432300424, 9525
807462571731, 807462582099, 10368
807531083825, 807531093137, 9312
807564167169, 807564176433, 9264
807629838733, 807629847796, 9063
807662268722, 807662275928, 7206
807728624438, 807728644577, 20139
807762280134, 807762289356, 9222
807827539104, 807827551260, 12156
807866130288, 807866144205, 13917
807926114809, 807926122300, 7491
807955284689, 807955294793, 10104
808024975928, 808024985198, 9270
808061036676, 808061045304, 8628
808123433351, 808123442819, 9468
808158394768, 808158403342, 8574
808222298147, 808222310381, 12234
808267115261, 808267126346, 11085
808321114753, 808321124734, 9981
808353193079, 808353200945, 7866
808420153089, 808420162797, 9708
808456604421, 808456612635, 8214
808518962362, 808518972019, 9657
808546670134, 808546677340, 7206
808617739726, 808617750286, 10560
808649918484, 808649927610, 9126
808716540071, 808716550865, 10794
808744737661, 808744745530, 7869
808814872503, 808814880744, 8241
808858258747, 808858266943, 8196
808914180282, 808914190071, 9789
808943203011, 808943212923, 9912
809012926946, 809012938253, 11307
809041944450, 809041951887, 7437
809111702799, 809111713197, 10398
809145462985, 809145470296, 7311
809210520702, 809210530989, 10287
809238461945, 809238469595, 7650
809309255518, 809309264713, 9195
809352321989, 809352330062, 8073
809408081564, 809408093150, 11586
809445868578, 809445878166, 9588
809506837865, 809506847957, 10092
809545212603, 809545221072, 8469
809605645799, 809605655486, 9687
809653065044, 809653073300, 8256
809704159332, 809704165857, 6525
809751758766, 809751769140, 10374
809817122953, 809817127360, 4407
809916013882, 809916020089, 6207
810014533508, 810014538038, 4530
810113642605, 810113650900, 8295
810212331055, 810212337358, 6303
810311145756, 810311151171, 5415
810409897623, 810409902234, 4611
810508711666, 810508717669, 6003
810607495179, 810607500300, 5121
810706298410, 810706306243, 7833
810805112881, 810805117786, 4905
810903882316, 810903888586, 6270
811002699063, 811002704937, 5874
811101482782, 811101487342, 4560
811200341047, 811200350794, 9747
811299043318, 811299049681, 6363
811397746231, 811397757370, 11139
811496660471, 811496666918, 6447
811595272370, 811595284739, 12369
811694243267, 811694247701, 4434
811793030767, 811793035372, 4605
811891869547, 811891877023, 7476
811990697410, 811990702327, 4917
812089417096, 812089424161, 7065
812188194577, 812188200109, 5532
812286967777, 812286972352, 4575
812385805648, 812385810541, 4893
812484537167, 812484543173, 6006
812583367574, 812583372514, 4940
812681942158, 812681950774, 8616
812780958543, 812780966460, 7917
812879692643, 812879697794, 5151
812981334080, 812981342660, 8580
813077321001, 813077325957, 4956
813176120884, 813176125606, 4722
813274910388, 813274915047, 4659
813373671304, 813373675807, 4503
813472497088, 813472501768, 4680
813571090842, 813571101999, 11157
813670182027, 813670186494, 4467
813768843815, 813768849359, 5544
813867644869, 813867651058, 6189
813966430165, 813966435769, 5604
814065214756, 814065219358, 4602
814164021971, 814164026675, 4704
814262642788, 814262647450, 4662
814361619663, 814361624103, 4440
814460404868, 814460411135, 6267
814559175165, 814559181051, 5886
814657996071, 814658002065, 5994
814757924428, 814758079981, 155553
814855555287, 814855561521, 6234
814954378604, 814954383710, 5106
815053158373, 815053163503, 5130
815151943328, 815151948887, 5559
815250916088, 815250923477, 7389
815349741388, 815349749113, 7725
815448350046, 815448354918, 4872
815546943192, 815546953023, 9831
815645809293, 815645814189, 4896
815744742413, 815744747930, 5517
815843437627, 815843442754, 5127
815942261030, 815942266499, 5469
816140035378, 816140041183, 5805
816238641085, 816238647745, 6660
816337410088, 816337416607, 6519
816436232815, 816436238272, 5457
816535029154, 816535034446, 5292
816561382748, 816561389861, 7113
816633780617, 816633785516, 4899
816732652444, 816732657295, 4851
816831353962, 816831361153, 7191
816930205936, 816930210694, 4758
817028819619, 817028824875, 5256
817127824837, 817127832052, 7215
817226612633, 817226617931, 5298
817325372508, 817325377782, 5274
817424162604, 817424167368, 4764
817522733825, 817522742027, 8202
817621720676, 817621726352, 5676
817720526886, 817720531704, 4818
817819328771, 817819333358, 4587
817919042699, 817919057972, 15273
818016922261, 818016928798, 6537
818115855236, 818115859928, 4692
818214471066, 818214475683, 4617
818313257409, 818313262008, 4599
818412078268, 818412082762, 4494
818510833619, 818510838569, 4950
818609676662, 818609681807, 5145
818708464372, 818708469016, 4644
818807253676, 818807258563, 4887
818905992258, 818905997037, 4779
819004800723, 819004805502, 4779
819103586374, 819103592212, 5838
819202417722, 819202424664, 6942
819308564712, 819308579928, 15216
819399800465, 819399807806, 7341
819498774087, 819498778968, 4881
819597550636, 819597556117, 5481
819696313142, 819696318221, 5079
819795219481, 819795223786, 4305
819893952862, 819893957416, 4554
819992800294, 819992806363, 6069
820091543892, 820091549676, 5784
820190291663, 820190296487, 4824
820289182113, 820289187663, 5550
820387918115, 820387923518, 5403
820486800240, 820486807650, 7410
820585582472, 820585588004, 5532
820684263900, 820684268001, 4101
820783122182, 820783126607, 4425
820882002425, 820882009295, 6870
820981521094, 820981527667, 6573
821079461611, 821079467689, 6078
821178329207, 821178334184, 4977
821277112875, 821277117897, 5022
821375652437, 821375661494, 9057
821474630850, 821474636218, 5368
821573426669, 821573431856, 5187
821672231287, 821672237260, 5973
821770946120, 821770953470, 7350
821869759526, 821869764236, 4710
821968603570, 821968609159, 5589
822067378584, 822067383936, 5352
822166126331, 822166131323, 4992
822264961027, 822264966088, 5061
822363756472, 822363761890, 5418
822462538373, 822462543386, 5013
822561341162, 822561345878, 4716
822660125127, 822660129834, 4707
822690472960, 822690479758, 6798
822758875503, 822758879946, 4443
822857819714, 822857825981, 6267
822956474828, 822956479931, 5103
823055244036, 823055249337, 5301
823154087460, 823154092137, 4677
823252793405, 823252798268, 4863
823351481618, 823351489463, 7845
823450466307, 823450471746, 5439
823549249826, 823549254704, 4878
823648037133, 823648043421, 6288
823746827562, 823746832689, 5127
823845806981, 823845816044, 9063
823944465830, 823944470762, 4932
824043155600, 824043160565, 4965
824141989120, 824141995750, 6630
824240756403, 824240760768, 4365
824339704517, 824339711591, 7074
824438347721, 824438353310, 5589
824537034546, 824537039391, 4845
824635962091, 824635969912, 7821
824734748704, 824734753627, 4923
824833865427, 824833872285, 6858
824932298242, 824932303039, 4797
825031037142, 825031042098, 4956
825129941631, 825129947229, 5598
825228715169, 825228719786, 4617
825327337979, 825327351083, 13104
825426345796, 825426350944, 5148
825525030877, 825525035785, 4908
825623831590, 825623836276, 4686
825722667822, 825722672592, 4770
825821445906, 825821452182, 6276
825920218297, 825920223130, 4833
826019049017, 826019053874, 4857
826117810234, 826117814584, 4350
826216618882, 826216623655, 4773
826315429724, 826315434245, 4521
826414165147, 826414169740, 4593
826512963446, 826512970130, 6684
826611748386, 826611754557, 6171
826710591744, 826710597420, 5676
826809402289, 826809407884, 5595
826908141705, 826908146697, 4992
827006754638, 827006761721, 7083
827105783372, 827105789592, 6220
827204497369, 827204501962, 4593
827314327792, 827314333711, 5919
827402159646, 827402164467, 4821
827501194131, 827501200959, 6828
827599710384, 827599715484, 5100
827698545191, 827698551203, 6012
827797309672, 827797314460, 4788
827896063788, 827896068660, 4872
827994651749, 827994656486, 4737
828093493541, 828093498266, 4725
828192239698, 828192246391, 6693
828291612701, 828291619409, 6708
828390007747, 828390013297, 5550
828488664662, 828488669396, 4734
828587467167, 828587479101, 11934
828686400292, 828686405713, 5421
828785225346, 828785229900, 4554
828884021499, 828884026545, 5046
828982844788, 828982850155, 5367
829081784483, 829081791620, 7137
829180342836, 829180347687, 4851
829279180794, 829279185708, 4914
829377948905, 829377953441, 4536
829476743238, 829476748383, 5145
829575569396, 829575574016, 4620
829674381995, 829674386351, 4356
829773353606, 829773365438, 11832
829871930831, 829871936432, 5601
829970564166, 829970570265, 6099
830069568625, 830069574388, 5763
830168291130, 830168296773, 5643
830267056719, 830267061459, 4740
830365704243, 830365711419, 7176
830464653592, 830464658257, 4665
830563503901, 830563508092, 4191
830662282582, 830662287466, 4884
830761059124, 830761066270, 7146
830859828123, 830859832824, 4701
830958650410, 830958655111, 4701
831057458478, 831057463599, 5121
831156203859, 831156209034, 5175
831254999009, 831255003548, 4539
831353810012, 831353815289, 5277
831452559169, 831452564956, 5787
831551392408, 831551397784, 5376
831650218731, 831650226726, 7995
831748768684, 831748773796, 5112
831847582230, 831847592409, 10179
831875771283, 831875779089, 7806
831946600494, 831946605027, 4533
832045287463, 832045292491, 5028
832144221741, 832144226352, 4611
832243033532, 832243038923, 5391
832341736066, 832341741373, 5307
832440525033, 832440529638, 4605
832539369768, 832539374259, 4491
832638138237, 832638144063, 5826
832736874072, 832736879091, 5019
832835693332, 832835698522, 5190
832934466856, 832934472802, 5946
833033222299, 833033226823, 4524
833132062407, 833132067315, 4908
833230677313, 833230690498, 13185
833329647606, 833329655616, 8010
833428399847, 833428404785, 4938
833527236123, 833527240728, 4605
833626022888, 833626028306, 5418
833724811933, 833724817633, 5700
833823572297, 833823577742, 5445
833922395730, 833922400989, 5259
834021154319, 834021159164, 4845
834119995025, 834120000104, 5079
834218763303, 834218767743, 4440
834317573197, 834317578444, 5247
834416362980, 834416367642, 4662
834514968785, 834514980080, 11295
834613961513, 834613966352, 4839
834712735918, 834712740649, 4731
834811542375, 834811546992, 4617
834910337121, 834910341699, 4578
834950150736, 834950157435, 6699
835009211596, 835009216885, 5289
835107908777, 835107913826, 5049
835206637752, 835206642339, 4587
835305452686, 835305457624, 4938
835404304952, 835404309557, 4605
835502965351, 835502970226, 4875
835601833040, 835601838329, 5289
835700658097, 835700663131, 5034
835799460675, 835799465880, 5205
835898045989, 835898056447, 10458
835997022821, 835997028329, 5508
836095679107, 836095683649, 4542
836194571892, 836194576956, 5064
836293368512, 836293373192, 4680
836392181840, 836392187165, 5325
836490943612, 836490948418, 4806
836589785139, 836589790485, 5346
836688525581, 836688530036, 4455
836787363513, 836787368109, 4596
836886143555, 836886149174, 5619
836984943931, 836984948830, 4899
837083716202, 837083722979, 6777
837182448358, 837182453161, 4803
837281327529, 837281332992, 5463
837379926665, 837379937069, 10404
837478903479, 837478907754, 4275
837577700226, 837577704759, 4533
837676479300, 837676484445, 5145
837775196821, 837775201201, 4380
837874002782, 837874007192, 4410
837972873646, 837972877975, 4329
838071677600, 838071682460, 4860
838170631212, 838170641580, 10368
838268984541, 838268988168, 3627
838368028040, 838368033569, 5529
838466886056, 838466890982, 4926
838565441202, 838565454099, 12897
838664438793, 838664443833, 5040
838763192287, 838763199163, 6876
838862027642, 838862033822, 6180
838960776845, 838960781420, 4575
839059576757, 839059581620, 4863
839158396683, 839158402206, 5523
839257215547, 839257222126, 6579
839356016071, 839356022221, 6150
839454745635, 839454750564, 4929
839553726932, 839553735668, 8736
839652294586, 839652299515, 4929
839751182003, 839751187598, 5595
839849870417, 839849875244, 4827
839948663594, 839948668259, 4665
840047372072, 840047378822, 6750
840146240012, 840146244836, 4824
840245082616, 840245089159, 6543
840343676293, 840343684375, 8082
840442644362, 840442649096, 4734
840541477630, 840541482628, 4998
840640248915, 840640254666, 5751
840739041633, 840739046184, 4551
840837832553, 840837837458, 4905
840936642087, 840936647139, 5052
841035415587, 841035420249, 4662
841069788622, 841069795888, 7266
841232810662, 841232814892, 4230
841331770162, 841331774848, 4686
841430541034, 841430546266, 5232
841529375660, 841529380220, 4560
841628130939, 841628135490, 4551
841726934387, 841726940558, 6171
841825713893, 841825719275, 5382
841924766581, 841924773913, 7332
842023329372, 842023334484, 5112
842122128672, 842122133247, 4575
842221009864, 842221018423, 8559
842319709322, 842319715493, 6171
842418560140, 842418569728, 9588
842517116236, 842517126622, 10386
842616063899, 842616068549, 4650
842715101763, 842715114903, 13140
842813685303, 842813692923, 7620
842912448177, 842912453475, 5298
843011247306, 843011252439, 5133
843110002980, 843110007651, 4671
843208953558, 843208961391, 7833
843307629741, 843307634436, 4695
843407125750, 843407131222, 5472
843505159863, 843505164690, 4827
843604006711, 843604012159, 5448
843702858320, 843702866984, 8664
843801536581, 843801542425, 5844
843900382015, 843900386599, 4584
843999225750, 843999232371, 6621
844097915858, 844097921063, 5205
844196763259, 844196768722, 5463
844295526748, 844295532583, 5835
844394343360, 844394348100, 4740
844493221051, 844493225785, 4734
844591875083, 844591880063, 4980
844690672792, 844690678108, 5316
844789465734, 844789480764, 15030
844888295791, 844888300792, 5001
844987090503, 844987095462, 4959
845085884135, 845085888911, 4776
845184645407, 845184650324, 4917
845283438202, 845283443419, 5217
845382306124, 845382310822, 4698
845481019791, 845481024579, 4788
845579937600, 845579946141, 8541
845678657392, 845678662909, 5517
845777430564, 845777435397, 4833
845876264140, 845876270866, 6726
845975019789, 845975024064, 4275
846073829285, 846073836380, 7095
845862600592, 845862619630, 19038
845895471544, 845895478993, 7449
845961063590, 845961073016, 9426
845989804524, 845989811727, 7203
846059656139, 846059664557, 8418
846091577717, 846091585238, 7521
846158626915, 846158638948, 12033
846187595527, 846187602772, 7245
846256951505, 846256960451, 8946
846285878860, 846285886213, 7353
846356012561, 846356061826, 49265
846401313546, 846401323482, 9936
846454972803, 846454982274, 9471
846483521348, 846483528680, 7332
846553832366, 846553845098, 12732
846587069386, 846587077615, 8229
846652853302, 846652862563, 9261
846689688333, 846689696037, 7704
846751399608, 846751409439, 9831
846779259889, 846779267968, 8079
846850178410, 846850188382, 9972
846889337200, 846889345591, 8391
846948971102, 846948980558, 9456
846980974464, 846980981724, 7260
847047401169, 847047411702, 10533
847075478842, 847075486987, 8145
847146562463, 847146573131, 10668
847245352803, 847245362520, 9717
847276403108, 847276411127, 8019
847344141682, 847344152188, 10506
847372436053, 847372444087, 8034
847442953248, 847442964036, 10788
847484328365, 847484337470, 9105
847541721477, 847541732046, 10569
847572199752, 847572207468, 7716
847640527655, 847640538389, 10734
847669382677, 847669390129, 7452
847739316927, 847739327865, 10938
847778634189, 847778643681, 9492
847838104575, 847838114118, 9543
847865873743, 847865882584, 8841
847936893793, 847936905649, 11856
847965499949, 847965507446, 7497
848035700310, 848035710735, 10425
848063848111, 848063858512, 10401
848134480637, 848134490975, 10338
848165985181, 848165995090, 9909
848233639140, 848233647204, 8064
848272915519, 848272924672, 9153
848332062679, 848332074157, 11478
848360653385, 848360661161, 7776
848430847132, 848430857641, 10509
848466903008, 848466912707, 9699
848529801892, 848529817645, 15753
848628435363, 848628446400, 11037
848656201722, 848656209426, 7704
848727220406, 848727229322, 8916
848762559149, 848762571110, 11961
848826037164, 848826047913, 10749
848855724330, 848855731935, 7605
848924799840, 848924808789, 8949
848958515719, 848958524287, 8568
849023604516, 849023614197, 9681
849068511447, 849068518329, 6882
849122224386, 849122234938, 10552
849154935830, 849154943537, 7707
849220770597, 849220779924, 9327
849261697225, 849261709939, 12714
849319965870, 849319978284, 12414
849359211552, 849359222760, 11208
849418777566, 849418787574, 10008
849450573814, 849450581944, 8130
849517677156, 849517688658, 11502
849555603650, 849555616220, 12570
849616436306, 849616449419, 13113
849648125264, 849648133124, 7860
849715124049, 849715133760, 9711
849746587502, 849746594933, 7431
849813979725, 849813989115, 9390
849842335567, 849842343898, 8331
849912792645, 849912799857, 7212
849944410988, 849944418854, 7866
850011327077, 850011335147, 8070
850041918402, 850041927522, 9120
850110311519, 850110327965, 16446
850142996585, 850143004373, 7788
850209038175, 850209046962, 8787
850251754692, 850251769464, 14772
850307589589, 850307599702, 10113
850338277965, 850338288906, 10941
850406676170, 850406684165, 7995
850436500905, 850436512911, 12006
850505121032, 850505129921, 8889
850550232700, 850550241853, 9153
850618221726, 850618226307, 4581
850716788981, 850716797048, 8067
850816079775, 850816086792, 7017
850914556715, 850914563570, 6855
851013361286, 851013365690, 4404
851112203205, 851112208308, 5103
851210972068, 851210977381, 5313
851309534772, 851309541489, 6717
851408751268, 851408756182, 4914
851507133365, 851507137979, 4614
851606088064, 851606093080, 5016
851704894719, 851704900353, 5634
851804735027, 851804739836, 4809
851902468820, 851902473485, 4665
852001364169, 852001369146, 4977
852100060235, 852100065452, 5217
852206472212, 852206479634, 7422
852297496377, 852297509622, 13245
852396437678, 852396442046, 4368
852495326982, 852495333441, 6459
852593986296, 852593991579, 5283
852692885542, 852692890538, 4996
852791597401, 852791602054, 4653
852891740782, 852891744856, 4074
852989160518, 852989165063, 4545
853087988999, 853087993637, 4638
853187172939, 853187177778, 4839
853286480069, 853286493572, 13503
853384574945, 853384580012, 5067
853483047403, 853483053397, 5994
853581894026, 853581903182, 9156
853666489172, 853666494941, 5769
853694466647, 853694474969, 8322
853765377342, 853765386018, 8676
853795864902, 853795873635, 8733
853864253743, 853864262813, 9070
853909196401, 853909204870, 8469
853963230550, 853963240639, 10089
853991081889, 853991450919, 369030
854061785992, 854061794896, 8904
854092569832, 854092577116, 7284
854160571257, 854160581829, 10572
854194111010, 854194120031, 9021
854259364756, 854259372682, 7926
854294271029, 854294279936, 8907
854358083019, 854358091908, 8889
854390800473, 854390808018, 7545
854456844400, 854456852863, 8463
854489599682, 854489606744, 7062
854556234565, 854556245482, 10917
854587641661, 854587649863, 8202
854654833924, 854654844343, 10419
854686693480, 854686703002, 9522
854753337756, 854753346987, 9231
854797068209, 854797076486, 8277
854852336510, 854852347226, 10716
854879880637, 854879888110, 7473
854951305559, 854951315651, 10092
854981416811, 854981424398, 7587
855049918170, 855049927599, 9429
855085389257, 855085398095, 8838
855148676162, 855148687520, 11358
855184586983, 855184596370, 9387
855247699591, 855247708909, 9318
855287208058, 855287215429, 7371
855346415416, 855346424239, 8823
855387414256, 855387424681, 10425
855445045354, 855445057003, 11649
855473824004, 855473832020, 8016
855543840109, 855543851437, 11328
855594844663, 855594856303, 11640
855642652430, 855642662093, 9663
855670594899, 855670602456, 7557
855741777485, 855741787514, 10029
855779535750, 855779543820, 8070
855839832629, 855839841662, 9033
855881346767, 855881353664, 6897
855939018188, 855939029312, 11124
856038185239, 856038195694, 10455
856066801060, 856066808086, 7026
856136427666, 856136438742, 11076
856174103875, 856174111828, 7953
856235490259, 856235498788, 8529
856264230987, 856264238640, 7653
856334237851, 856334254507, 16656
856375014782, 856375023401, 8619
856433080101, 856433091093, 10992
856477614755, 856477623296, 8541
856531340804, 856531348619, 7815
856585284656, 856585293266, 8610
856630574826, 856630586391, 11565
856660768926, 856660776399, 7473
856729112762, 856729119248, 6486
856774062754, 856774071424, 8670
856827725708, 856827732665, 6957
856859537926, 856859546230, 8304
856926930322, 856926940603, 10281
856954170219, 856954178352, 8133
857025680288, 857025689927, 9639
857063033242, 857063041114, 7872
857124540427, 857124554383, 13956
857153904373, 857153912815, 8442
857222960977, 857222967841, 6864
857255710141, 857255718502, 8361
857321824375, 857321830231, 5856
857363139896, 857363150810, 10914
857420605784, 857420649835, 44051
857462886961, 857462896084, 9123
857519551803, 857519560776, 8973
857571006747, 857571016791, 10044
857618337152, 857618343599, 6447
857648699438, 857648706812, 7374
857717033589, 857717043498, 9909
857760938901, 857760947619, 8718
857815784551, 857815792765, 8214
857858490182, 857858501564, 11382
857914901897, 857914911626, 9729
857942946684, 857942954688, 8004
858013554497, 858013574360, 19863
858059764117, 858059773741, 9624
858112530756, 858112538886, 8130
858142850433, 858142866279, 15846
858211608616, 858211621705, 13089
858255840369, 858255856308, 15939
858310018198, 858310028788, 10590
858349476793, 858349484293, 7500
858408811751, 858408823055, 11304
858436750299, 858436757790, 7491
858507609174, 858507619749, 10575
858549967597, 858549974377, 6780
858606405346, 858606416716, 11370
858634546637, 858634555880, 9243
858705193844, 858705205757, 11913
858733211147, 858733218581, 7434
858803928898, 858803940829, 11931
858834744239, 858834753332, 9093
858902494176, 858902504820, 10644
858930131088, 858930138336, 7248
859001625253, 859001637184, 11931
859032534019, 859032541483, 7464
859100350639, 859100360317, 9678
859131354016, 859131362329, 8313
859199089292, 859199100185, 10893
859230723144, 859230730314, 7170
859297990891, 859297996660, 5769
859327871650, 859327881724, 10074
859396744182, 859396756545, 12363
859495722826, 859495737121, 14295
859539129843, 859539139461, 9618
859594325389, 859594335193, 9804
859627800148, 859627813405, 13257
859693140550, 859693150030, 9480
859732704202, 859732712644, 8442
859791966372, 859791977592, 11220
859822913579, 859822920965, 7386
859890721111, 859890731815, 10704
859925457608, 859925465810, 8202
859988829225, 859988834262, 5037
860023530599, 860023538573, 7974
860087995621, 860088002301, 6680
860128993414, 860129000872, 7458
860186817050, 860186851409, 34359
860222197087, 860222205850, 8763
860285899264, 860285907454, 8190
860316334264, 860316342121, 7857
860384183263, 860384361120, 177857
860418661114, 860418669862, 8748
860483482626, 860483494236, 11610
860511833638, 860511856876, 23238
860582280552, 860582290965, 10413
860614364027, 860614370912, 6885
860681033041, 860681043040, 9999
860716469404, 860716478536, 9132
860779853120, 860779863299, 10179
860810875369, 860810883394, 8025
860878629272, 860878639268, 9996
860909715196, 860909722939, 7743
860977432715, 860977441835, 9120
861020831286, 861020840577, 9291
861076231485, 861076242336, 10851
861107797285, 861107805457, 8172
861175314158, 861175332719, 18561
861207994699, 861208003729, 9030
861273877256, 861273891401, 14145
861305038946, 861305047703, 8757
861372679879, 861372696448, 16569
861416992987, 861417001603, 8616
861471410093, 861471418982, 8889
861502746547, 861502754491, 7944
861570201851, 861570210176, 8325
861600574817, 861600582758, 7941
861668941343, 861668951798, 10455
861710701863, 861710711328, 9465
861767426890, 861767520061, 93171
861820544723, 861820558418, 13695
861866407045, 861866417629, 10584
861895221997, 861895229500, 7503
861965515104, 861965529090, 13986
861996469719, 861996478593, 8874
862064109428, 862064118776, 9348
862101650125, 862101659098, 8973
862162913379, 862162924875, 11496
862204526177, 862204538144, 11967
862261761925, 862261771129, 9204
862303665657, 862303674366, 8709
862360486472, 862360496783, 10311
862397706296, 862397717123, 10827
862459278544, 862459289986, 11442
862557896751, 862557909219, 12468
862588194910, 862588203184, 8274
862656879239, 862656889892, 10653
862701412441, 862701420169, 7728
862755957443, 862755969824, 12381
862786466316, 862786474275, 7959
862854473916, 862854483756, 9840
862888709211, 862888721796, 12585
862953256399, 862953265333, 8934
862984550940, 862984560153, 9213
863052037683, 863052047709, 10026
863088483257, 863088491645, 8388
863150175839, 863150180867, 5028
863193631771, 863193641584, 9813
863249641930, 863249651725, 9795
863279223093, 863279229846, 6753
863348245207, 863348296076, 50869
863389023585, 863389035600, 12015
863447350155, 863447359596, 9441
863478777665, 863478788906, 11241
863545955337, 863545966554, 11217
863577942208, 863577951382, 9174
863644554994, 863644559716, 4722
863694572690, 863694581195, 8505
863743604080, 863743611748, 7668
863785153269, 863785161936, 8667
863842566663, 863842824980, 258317
863884641634, 863884652089, 10455
863941224899, 863941235966, 11067
863973205931, 863973213965, 8034
864040054773, 864040066248, 11475
864068407617, 864068415117, 7500
864138743019, 864138752565, 9546
864174382258, 864174391126, 8868
864237839924, 864237850696, 10772
864269930978, 864269938148, 7170
864336341821, 864336352753, 10932
864373391578, 864373402909, 11331
864435261685, 864435271180, 9495
864467311487, 864467318576, 7089
864534090736, 864534099994, 9258
864572091344, 864572099528, 8184
864632973946, 864632984614, 10668
864675253485, 864675262845, 9360
864731491081, 864731501890, 10809
864770929042, 864770936887, 7845
864830298422, 864830308871, 10449
864860729237, 864860737457, 8220
864929064043, 864929075299, 11256
864965595766, 864965607844, 12078
865027877415, 865027888767, 11352
865061468049, 865061476353, 8304
865126656682, 865126666258, 9576
865169075497, 865169087647, 12150
865225763969, 865225774004, 10035
865256450401, 865256460013, 9612
865324236689, 865324246745, 10056
865356650113, 865356657508, 7395
865423067507, 865423078475, 10968
865457324883, 865457333130, 8247
865521829459, 865521840421, 10962
865567481559, 865567489284, 7725
865621101271, 865621109362, 8091
865667941309, 865667949226, 7917
865719159998, 865719170681, 10683
865751411967, 865751420727, 8760
865817832193, 865817841856, 9663
865865011855, 865865021785, 9930
865916762716, 865916769157, 6441
865951600514, 865951609844, 9330
866015781052, 866015792632, 11580
866046481881, 866046489339, 7458
866114527505, 866114537639, 10134
866160932701, 866160942610, 9909
866213397718, 866213410282, 12564
866266786377, 866266796769, 10392
866312188226, 866312199713, 11487
866341498892, 866341505930, 7038
866410919492, 866410929155, 9663
866509748973, 866509759944, 10971
866540572246, 866540580865, 8619
866608740213, 866608750857, 10644
866649530670, 866649541194, 10524
866707498517, 866707508402, 9885
866753367765, 866753384991, 17226
866805925315, 866805931402, 6087
866835042837, 866835050220, 7383
866905136995, 866905146283, 9288
866935177462, 866935185541, 8079
867003937095, 867003947265, 10170
867043895426, 867043907318, 11892
867102115977, 867102122842, 6865
867140032542, 867140041866, 9324
867201317524, 867201328750, 11226
867241260867, 867241269246, 8379
867300094591, 867300104953, 10362
867340095061, 867340103260, 8199
867398894136, 867398901156, 7020
867441412800, 867441423057, 10257
867497401339, 867497409771, 8432
867554685713, 867554694515, 8802
867595940533, 867595945509, 4976
867626962310, 867626970299, 7989
867695226932, 867695237780, 10848
867742205004, 867742213911, 8907
867794063333, 867794074913, 11580
867824534616, 867824544174, 9558
867892834429, 867893136720, 302291
867937604956, 867937613581, 8625
867991517358, 867991527906, 10548
868027535858, 868027543424, 7566
868090230477, 868090240938, 10461
868132423255, 868132431325, 8070
868189226635, 868189239870, 13235
868220949677, 868220957504, 7827
868288003618, 868288013836, 10218
868317202742, 868317214781, 12039
868386835470, 868386846009, 10539
868420584622, 868420593520, 8898
868485611494, 868485621628, 10134
868528422828, 868528430697, 7869
868584395283, 868584405990, 10707
868683215776, 868683227218, 11442
868726106380, 868726114987, 8607
868781987956, 868781997427, 9471
868822622316, 868822630677, 8361
868880775715, 868880785084, 9369
868912469341, 868912478317, 8976
868979686143, 868979705076, 18933
869022110765, 869022123464, 12699
869078531334, 869078544315, 12981
869111062969, 869111071540, 8571
869176603379, 869176609736, 6357
869204773476, 869204781348, 7872
869275955734, 869275965352, 9618
869307268979, 869307276956, 7977
869374732454, 869374740761, 8307
869412443711, 869412452099, 8388
869473530430, 869473540231, 9801
869506793732, 869506801412, 7680
869572157552, 869572167245, 9693
869603688424, 869603695972, 7548
869671125959, 869671131707, 5748
869700687598, 869700695521, 7923
869769897118, 869769907054, 9936
869868504222, 869868509550, 5328
869905489944, 869905498500, 8556
869967347272, 869967354799, 7527
870012096142, 870012104419, 8277
870066199002, 870066203328, 4326
870104537469, 870104545155, 7686
870165180231, 870165191115, 10884
870200836471, 870200843572, 7101
870263771923, 870263806468, 34545
870299317672, 870299326204, 8532
870362890103, 870362899256, 9153
870394512913, 870394520149, 7236
870461423618, 870461433278, 9660
870490413330, 870490420659, 7329
870560329207, 870560343649, 14442
870588743737, 870588753301, 9564
870659208190, 870659519116, 310926
870688693009, 870688700752, 7743
870757812238, 870757821433, 9195
870799486327, 870799494583, 8256
870856598526, 870856607460, 8934
870899853866, 870899863925, 10059
870955408376, 870955419326, 10950
870984505119, 870984512514, 7395
871054191215, 871054200380, 9165
871095315804, 871095325797, 9993
871152996111, 871153005743, 9632
871183179742, 871183189048, 9306
871251658994, 871251667958, 8964
871295189521, 871295199469, 9948
871351012852, 871351027891, 15039
871382414054, 871382421431, 7377
871449421642, 871449440410, 18768
871491275973, 871491284511, 8538
871548084732, 871548093897, 9165
871580748480, 871580756886, 8406
871646930158, 871646940625, 10467
871686638630, 871686647324, 8694
871745730268, 871745740018, 9750
871776512467, 871776520564, 8097
871844518124, 871844528729, 10605
871876043677, 871876146310, 102633
871943319370, 871943329183, 9813
871971102462, 871971109749, 7287
872042161772, 872042169035, 7263
872085126396, 872085134442, 8046
872140891396, 872140900984, 9588
872170178611, 872170185655, 7044
872239511821, 872239521133, 9312
872270931436, 872270939425, 7989
872338471166, 872338480016, 8850
872371689974, 872371698386, 8412
872437261178, 872437271363, 10185
872467978331, 872467985678, 7347
872536052610, 872536063260, 10650
872567146412, 872567156663, 10251
872634852842, 872634861770, 8928
872677040751, 872677054566, 13815
872733649798, 872733659275, 9477
872761727826, 872761735497, 7671
872832483615, 872832493878, 10263
872862739806, 872862747639, 7833
872931242064, 872931250896, 8832
872961713909, 872961729047, 15138
873030134190, 873030149664, 15474
873073070834, 873073078709, 7875
873128531770, 873128541427, 9657
873161316857, 873161324459, 7602
873227331298, 873227341261, 9963
873282673178, 873282692144, 18966
873326010897, 873326016213, 5316
873356443923, 873356451174, 7251
873424980803, 873424992043, 11240
873466820972, 873466828619, 7647
873523680564, 873523689019, 8455
873556473189, 873556481682, 8493
873622704476, 873622713653, 9177
873658853556, 873658861182, 7626
873721556376, 873721566591, 10215
873766762296, 873766771599, 9303
873820459194, 873820472163, 12969
873859528094, 873859537871, 9777
873919150435, 873919160494, 10059
873950468011, 873950744923, 276912
874017926142, 874017936150, 10008
874045873026, 874045885881, 12855
874116714137, 874116724805, 10668
874151592741, 874151600079, 7338
874215334228, 874215342718, 8490
874247871230, 874247882063, 10833
874314274611, 874314284232, 9621
874343024415, 874343032323, 7908
874413090811, 874413101764, 10953
874446000996, 874446011181, 10185
874511500141, 874511509318, 9177
874552982322, 874552990911, 8589
874610744892, 874610757606, 12714
874645244898, 874645253733, 8835
874709462511, 874709472345, 9834
874753031860, 874753042054, 10194
874808270810, 874808280521, 9711
874839254804, 874839263630, 8826
874907066504, 874907075810, 9306
874950663121, 874950672481, 9360
875005845806, 875005854941, 9135
875047225829, 875047234367, 8538
875104616214, 875104625979, 9765
875139049612, 875139058423, 8811
875203447117, 875203457935, 10818
875245279396, 875245293535, 14139
875302220248, 875302230901, 10653
875335318743, 875335328229, 9486
875400984000, 875400994593, 10593
875437582956, 875437593426, 10470
875499788760, 875499798381, 9621
875533882342, 875533891735, 9393
875598586421, 875598596228, 9807
875626955264, 875626964114, 8850
875697396773, 875697406502, 9729
875732579985, 875732591547, 11562
875796207374, 875796218444, 11070
875825914735, 875825923096, 8361
875895023397, 875895034131, 10734
875923377671, 875923385426, 7755
875993775661, 875993785096, 9435
876031532078, 876031541462, 9384
876092552453, 876092563214, 10761
876120930837, 876120938433, 7596
876191284607, 876191291879, 7272
876238116996, 876238127643, 10647
876290131183, 876290142829, 11646
876318694215, 876318701262, 7047
876388942691, 876388953122, 10431
876417235216, 876417243154, 7938
876487729820, 876487739858, 10038
876518638919, 876518651936, 13017
876586501741, 876586509976, 8235
876615917245, 876615924808, 7563
876685314821, 876685324901, 10080
876713803479, 876713811384, 7905
876784111834, 876784122067, 10233
876817175937, 876817183179, 7242
876882901753, 876882911392, 9639
876911523611, 876911531099, 7488
876981420569, 876981430787, 10218
877027351933, 877027362184, 10251
877080172051, 877080181466, 9415
877112056968, 877112068296, 11328
877179028650, 877179035310, 6660
877210211937, 877210220406, 8469
877277744735, 877277754452, 9717
877318468662, 877318479306, 10644
877376882474, 877376893124, 10650
877406710506, 877406718684, 8178
877475642895, 877475652330, 9435
877505304127, 877505311399, 7272
877574756497, 877574766793, 10296
877610447000, 877610456597, 9597
877673299177, 877673312665, 13488
877701399434, 877701407489, 8055
877771947539, 877771960115, 12576
877870747152, 877870756764, 9612
877901028035, 877901035088, 7053
877969641258, 877969652208, 10950
877998339079, 877998346648, 7569
878068246987, 878068255558, 8571
878106047422, 878106055879, 8457
878167179864, 878167665562, 485698
878195874826, 878195883142, 8316
878266037094, 878266046628, 9534
878296913344, 878296919977, 6633
878364793213, 878364802570, 9357
878395332898, 878395339891, 6993
878463474333, 878463482340, 8007
878497117688, 878497126142, 8454
878562390952, 878562403092, 12140
878596085987, 878596095527, 9540
878661154215, 878661164454, 10239
878689125221, 878689133597, 8376
878760246085, 878760256378, 10293
878795042043, 878795049876, 7833
878858758257, 878858769015, 10758
878893248348, 878893256955, 8607
878957541713, 878957549870, 8157
878985371630, 878985380513, 8883
879056315063, 879056323580, 8517
879087852331, 879087859105, 6774
879155126203, 879155137312, 11109
879187979167, 879187987855, 8688
879253901863, 879253910632, 8769
879285897028, 879285905419, 8391
879352705779, 879352716036, 10257
879400301088, 879400316208, 15120
879451645094, 879451660571, 15477
879494262746, 879494271701, 8955
879549921147, 879549930396, 9249
879592626461, 879592634708, 8247
879649137616, 879649147942, 10326
879680445401, 879680454377, 8976
879747544319, 879747622299, 77980
879790177621, 879790186540, 8919
879846665665, 879846676237, 10572
879881189851, 879881200252, 10401
879944868490, 879944879575, 11085
879978255480, 879978263571, 8091
880044314546, 880044325706, 11160
880088511053, 880088518922, 7869
880143039089, 880143049079, 9990
880171737126, 880171753515, 16389
880241820222, 880241830035, 9813
880270576916, 880270585193, 8277
880340328250, 880340339842, 11592
880384346055, 880384357806, 11751
880439154399, 880439159751, 5352
880476668353, 880476678199, 9846
880538207368, 880538216770, 9402
880570964949, 880570973808, 8859
880637269982, 880637278190, 8208
880673090449, 880673098831, 8382
880735888798, 880735925380, 36582
880773253634, 880773262361, 8727
880834602411, 880834612809, 10398
880884701399, 880884711911, 10512
880933225817, 880933235417, 9600
880965967488, 880965975336, 7848
881032055108, 881032068173, 13065
881069320800, 881069330529, 9729
881130825572, 881130838202, 12630
881170108581, 881170123836, 15255
881229781785, 881229791505, 9720
881264332593, 881264341932, 9339
881328407584, 881328418045, 10461
881361522980, 881361530957, 7977
881427525586, 881427536731, 11145
881461234138, 881461245691, 11553
881526106049, 881526116720, 10671
881575729995, 881575740591, 10596
881624890682, 881624901074, 10392
881665738256, 881665747118, 8862
881723782786, 881723793139, 10353
881761990948, 881761999705, 8757
881822505641, 881822813120, 307479
881855411715, 881855419962, 8247
881921190362, 881921200661, 10299
881956416381, 881956424109, 7728
882020080104, 882020088999, 8895
882063889742, 882063904994, 15252
882118955023, 882118969591, 14568
882149946526, 882149954329, 7803
882217707505, 882217716742, 9237
882250069209, 882250079070, 9861
882316423911, 882316434597, 10686
882344683914, 882344698161, 14247
882415214549, 882415224014, 9465
882445778238, 882445785333, 7095
882514020657, 882514030431, 9774
882552346808, 882552355337, 8529
882612812370, 882612822686, 10316
882642678624, 882642692955, 14331
882711397691, 882711406454, 8763
882756017603, 882756026747, 9144
882810382544, 882810394139, 11595
882846799473, 882846807999, 8526
882909033475, 882909043711, 10236
882952653332, 882952661396, 8064
883007971270, 883007981248, 9978
883037961409, 883037969359, 7950
883106761178, 883106771057, 9879
883142222071, 883142229448, 7377
883205562751, 883205573377, 10626
883238295593, 883238307983, 12390
883304367818, 883304377628, 9810
883341966905, 883341975542, 8637
883403135699, 883403144999, 9300
883431341074, 883431350083, 9009
883501978151, 883501987754, 9603
883532270198, 883532277791, 7593
883600734566, 883600744385, 9819
883654266899, 883654275815, 8916
883699515563, 883699527122, 11559
883730333488, 883730343328, 9840
883798271829, 883798281951, 10122
883826922482, 883826930405, 7923
883897083630, 883897094751, 11121
883935221897, 883935232049, 10152
883996250739, 883996260081, 9342
884029960453, 884029971334, 10881
884094670394, 884094680951, 10557
884127537969, 884127553287, 15318
884193458056, 884193468529, 10473
884221691774, 884221700729, 8955
884292269279, 884292279656, 10377
884326202411, 884326210121, 7710
884391056772, 884391066876, 10104
884431231959, 884431243587, 11628
884489845335, 884489855622, 10287
884518311721, 884518319359, 7638
884588697846, 884588708157, 10311
884620734784, 884620745191, 10407
884687472790, 884687483281, 10491
884717175252, 884717182614, 7362
884786047194, 884786055339, 8145
884816685298, 884816692090, 6792
884884866380, 884884877636, 11256
884915472042, 884915479812, 7770
884983717579, 884983729510, 11931
885012959444, 885012969914, 10470
885082603433, 885082612910, 9477
885112944296, 885112959353, 15057
885181403029, 885181412830, 9801
885219759121, 885219767071, 7950
885279982464, 885279992844, 10380
885312182635, 885312189754, 7119
885378996605, 885379006919, 10314
885409379860, 885409387843, 7983
885477803626, 885477814600, 10974
885508595833, 885508603999, 8166
885576638902, 885576648655, 9753
885610103276, 885610118774, 15498
885675381778, 885675392413, 10635
885713546116, 885713554513, 8397
885774155926, 885774165448, 9522
885804558495, 885804565665, 7170
885873016076, 885873031730, 15654
885902614529, 885902622119, 7590
885971827160, 885971842838, 15678
886014116220, 886014124500, 8280
886070649022, 886070660323, 11301
886114376884, 886114385533, 8649
886169362148, 886169373047, 10899
886198103129, 886198110731, 7602
886268172853, 886268185309, 12456
886296208363, 886296217006, 8643
886366759206, 886366767915, 8709
886398944794, 886398952264, 7470
886465439069, 886465450712, 11643
886499969569, 886499978821, 9252
886564548799, 886564559863, 11064
886601197031, 886601207390, 10359
886663296654, 886663307259, 10605
886697858628, 886697867346, 8718
886762071123, 886762081071, 9948
886790311371, 886790319465, 8094
886860855804, 886860866787, 10983
886902629729, 886902638795, 9066
886959655334, 886959664853, 9519
886998731466, 886998739599, 8133
887058432379, 887058442357, 9978
887096325851, 887096335703, 9852
887157287835, 887157298254, 10419
887186624164, 887186634385, 10221
887256038079, 887256048801, 10722
887284158775, 887284167112, 8337
887354832147, 887354842197, 10050
887385062321, 887385070634, 8313
887453384953, 887453394724, 9771
887491349717, 887491357292, 7575
887552399872, 887552410411, 10539
887580148013, 887580157253, 9240
887651127459, 887651138862, 11403
887679822388, 887679830479, 8091
887749979252, 887749989341, 10089
887777897676, 887777905482, 7806
887848776503, 887848786718, 10215
887886647580, 887886655677, 8097
887947582430, 887947849848, 267418
887993411895, 887993423136, 11241
888046378914, 888046389324, 10410
888074394891, 888074402415, 7524
888145153600, 888145164622, 11022
888177101551, 888177108934, 7383
888243937948, 888243947344, 9396
888271693081, 888271702954, 9873
888342528361, 888342537568, 9207
888373091853, 888373105404, 13551
888441537361, 888441547564, 10203
888469241938, 888469250950, 9012
888540273990, 888540285516, 11526
888568203656, 888568211150, 7494
888638834817, 888638844807, 9990
888671168364, 888671180418, 12054
888737805118, 888737816155, 11037
888765651932, 888765659579, 7647
888836757024, 888836764971, 7947
888866376826, 888866389075, 12249
888935482072, 888935492779, 10707
888977103422, 888977115677, 12255
889034327059, 889034336452, 9393
889065513783, 889065521364, 7581
889133082271, 889133091106, 8835
889163122036, 889163136448, 14412
889231810173, 889231821519, 11346
889260200896, 889260209539, 8643
889330649590, 889330659817, 10227
889361200878, 889361212584, 11706
889429475305, 889429484935, 9630
889458068016, 889458079083, 11067
889528166884, 889528178053, 11169
889556310244, 889556317501, 7257
889627052168, 889627061723, 9555
889661518141, 889661528641, 10500
889725817796, 889725827504, 9708
889754405475, 889754412492, 7017
889824653325, 889824662457, 9132
889854771986, 889854779471, 7485
889923253053, 889923259077, 6024
889966172712, 889966183653, 10941
890022202828, 890022211933, 9105
890059214882, 890059224500, 9618
890120593965, 890120604117, 10152
890154847662, 890154856698, 9036
890219811349, 890219819869, 8520
890253629508, 890253640710, 11202
890318558171, 890318569589, 11418
890356243906, 890356252921, 9015
890417479865, 890417495204, 15339
890451653850, 890451665295, 11445
890516176428, 890516185674, 9246
890550550796, 890550558653, 7857
890615166369, 890615175708, 9339
890643303964, 890643310567, 6603
890713902858, 890713914108, 11250
890748197214, 890748207135, 9921
890812853980, 890812864870, 10890
890840952151, 890840962117, 9966
890911366295, 890911375667, 9372
890942461914, 890942470170, 8256
891010155195, 891010165731, 10536
891038335661, 891038343323, 7662
891108952453, 891108962509, 10056
891136616652, 891136627524, 10872
891207453257, 891207463349, 10092
891235721525, 891235731854, 10329
891306336807, 891306345630, 8823
891331306794, 891331311126, 4332
891405273515, 891405283235, 9720
891435889827, 891435902016, 12189
891504014971, 891504024616, 9645
891530183269, 891530197192, 13923
891603076378, 891603085495, 9117
891630421586, 891630428036, 6450
891701657353, 891701666794, 9441
891732195687, 891732204954, 9267
891800716230, 891800727755, 11525
891834930356, 891834938432, 8076
891899499085, 891899510473, 11388
891926670310, 891926677915, 7605
891998042830, 891998052106, 9276
892028664747, 892028678061, 13314
892096831632, 892096841622, 9990
892125676101, 892125684366, 8265
892195868120, 892195878314, 10194
892232544492, 892232551902, 7410
892294418726, 892294429910, 11184
892321821395, 892321828436, 7041
892393348492, 892393357426, 8934
892436033815, 892436047051, 13236
892492213064, 892492223273, 10209
892521557484, 892521565248, 7764
892590845693, 892590854732, 9039
892635835843, 892635845158, 9315
892689304270, 892689313906, 9636
892728182032, 892728190036, 8004
892788634421, 892788650153, 15732
892818410543, 892818421445, 10902
892887342290, 892887353366, 11076
892933553838, 892933565649, 11811
892985945651, 892985956094, 10443
893014708049, 893014715558, 7509
893084730610, 893084740816, 10206
893122765979, 893122774379, 8400
893183537916, 893183548527, 10611
893228954743, 893228963368, 8625
893282323426, 893282333692, 10266
893310820736, 893310833864, 13128
893381086233, 893381096190, 9957
893419255652, 893419263836, 8184
893479913753, 893479924301, 10548
893515369477, 893515377214, 7737
893578695424, 893578706155, 10731
893613990044, 893613997433, 7389
893677508580, 893677519197, 10617
893707795669, 893707804633, 8964
893776283888, 893776294001, 10113
893818846214, 893818854404, 8190
893875079175, 893875089243, 10068
893903263075, 893903270971, 7896
893973897218, 893973911645, 14427
894003408271, 894003415171, 6900
894072677675, 894072688193, 10518
894100964681, 894100972862, 8181
894171445912, 894171455704, 9792
894203270721, 894203283495, 12774
894270524824, 894270538630, 13806
894300180859, 894300189433, 8574
894369038830, 894369049684, 10854
894411068171, 894411077081, 8910
894467823212, 894467832842, 9630
894496267421, 894496274897, 7476
894566612626, 894566622580, 9954
894606804452, 894606817163, 12711
894665165698, 894665176384, 10686
894699926945, 894699937349, 10404
894764216210, 894764227211, 11001
894792976989, 894792985116, 8127
894862969319, 894862980347, 11028
894901000436, 894901009946, 9510
894961797172, 894961806415, 9243
894998407550, 894998417564, 10014
895060586229, 895060595430, 9201
895091977076, 895091984297, 7221
895159381195, 895159391275, 10080
895191475890, 895191483609, 7719
895258192499, 895258202351, 9852
895295510329, 895295519179, 8850
895357022913, 895357037271, 14358
895393857644, 895393865930, 8286
895455406378, 895455413059, 6681
895501809976, 895501820629, 10653
895554548027, 895554558440, 10413
895590708687, 895590717216, 8529
895653344075, 895653355097, 11022
895683861219, 895683870618, 9399
895752167354, 895752178466, 11112
895783421394, 895783431669, 10275
895850991178, 895851001936, 10758
895880729179, 895880739364, 10185
895949726563, 895949736637, 10074
895980574581, 895980582780, 8199
896048495950, 896048506600, 10650
896080193324, 896080204028, 10704
896147303500, 896147315080, 11580
896246150637, 896246156460, 5823
896278860725, 896278867937, 7212
896344900275, 896344909455, 9180
896386611913, 896386621144, 9231
896443538772, 896443549185, 10413
896473371547, 896473379107, 7560
896542243681, 896542254439, 10758
896592092211, 896592103962, 11751
896640606621, 896640611955, 5334
896671872988, 896671880692, 7704
896739849935, 896739860699, 10764
896791079844, 896791092873, 13029
896838605851, 896838611986, 6135
896879231881, 896879240839, 8958
896937931221, 896937940815, 9594
896989044432, 896989055973, 11541
897036388975, 897036398284, 9309
897079121793, 897079131582, 9789
897135030367, 897135036946, 6579
897170748313, 897170757280, 8967
897234035704, 897234045418, 9714
897264199898, 897264207557, 7659
897333130334, 897333147509, 17175
897378305333, 897378315893, 10560
897431410198, 897431419462, 9264
897471993118, 897472002253, 9135
897530375471, 897530385917, 10446
897576407169, 897576416037, 8868
897629172572, 897629182706, 10134
897662335798, 897662343541, 7743
897727471718, 897727480781, 9063
897764909118, 897764916927, 7809
897826760053, 897826769038, 8985
897861605931, 897861613581, 7650
897925547417, 897925557983, 10566
897956953033, 897956960377, 7344
898024256521, 898024267369, 10848
898059193810, 898059201652, 7842
898123116897, 898123126545, 9648
898159971767, 898159979537, 7770
898221919279, 898221928555, 9276
898254799807, 898254808234, 8427
898320737230, 898320749041, 11811
898367606891, 898367614433, 7542
898419530703, 898419539919, 9216
898441827161, 898441857224, 30063
898539834017, 898539846929, 12912
898638815273, 898638823781, 8508
872056161249, 872056170096, 8847
872154791143, 872154795724, 4581
872253643552, 872253650194, 6642
872352436004, 872352441167, 5163
872451226040, 872451230585, 4545
872550038180, 872550045224, 7044
872648708314, 872648713228, 4914
872747604360, 872747609352, 4992
872846394720, 872846399916, 5196
872945146919, 872945151749, 4830
873043942433, 873043948937, 6504
873142744882, 873142750555, 5673
873241332128, 873241340093, 7965
873340319382, 873340325331, 5949
873439353812, 873439364021, 10209
873538009368, 873538016007, 6639
873636775674, 873636780771, 5097
873735500223, 873735505416, 5193
873834345800, 873834352019, 6219
873933046996, 873933052405, 5409
874031891248, 874031896291, 5043
874130676277, 874130681620, 5343
874230111122, 874230118457, 7335
874328288595, 874328293605, 5010
874427563647, 874427583978, 20331
874525824387, 874525831209, 6822
874624762044, 874624766874, 4830
874723467569, 874723472366, 4797
874822227333, 874822231779, 4446
874921013236, 874921020655, 7419
875019749450, 875019757412, 7962
875118600775, 875118606556, 5781
875217220468, 875217234526, 14058
875316182846, 875316187862, 5016
875414945698, 875414950012, 4314
875513808436, 875513814373, 5937
875612562593, 875612567684, 5091
875711397376, 875711402866, 5490
875810133497, 875810138381, 4884
875909196920, 875909202413, 5493
876007902360, 876007909437, 7077
876106527162, 876106532208, 5046
876205332387, 876205340190, 7803
876304073178, 876304079196, 6018
876402912664, 876402918940, 6276
876501654992, 876501660461, 5469
876600454642, 876600459130, 4488
876699287430, 876699294384, 6954
876798305175, 876798319827, 14652
876896836217, 876896841671, 5454
876995611535, 876995616725, 5190
877094559951, 877094565903, 5952
877193133750, 877193139786, 6036
877291849551, 877291860924, 11373
877390745430, 877390751319, 5889
877489601500, 877489606405, 4905
877588372172, 877588376972, 4800
877687183418, 877687190438, 7020
877785989806, 877785996103, 6297
877818116488, 877818127756, 11268
877884763277, 877884769439, 6162
877983542500, 877983547279, 4779
878082575678, 878082584426, 8748
878181148750, 878181156700, 7950
878378751166, 878378755870, 4704
878477410724, 878477416766, 6042
878576306332, 878576311428, 5096
878675120094, 878675125050, 4956
878773878711, 878773883508, 4797
878872710108, 878872715190, 5082
878971500938, 878971506845, 5907
879070298156, 879070305716, 7560
879169063726, 879169070110, 6384
879267862045, 879267869173, 7128
879366471569, 879366480899, 9330
879465454448, 879465458984, 4536
879564228398, 879564234287, 5889
879663056510, 879663062243, 5733
879761832529, 879761837296, 4767
879860574199, 879860579002, 4803
879959413758, 879959418687, 4929
880058226459, 880058236335, 9876
880156937924, 880156943582, 5658
880255784250, 880255788927, 4677
880354523673, 880354529328, 5655
880453450114, 880453455781, 5667
880552126686, 880552132380, 5694
880650929643, 880650934566, 4923
880749745985, 880749751748, 5763
880848506447, 880848513581, 7134
880947307818, 880947312573, 4755
881046155700, 881046161928, 6228
881144870583, 881144876520, 5937
881243731621, 881243738401, 6780
881342464031, 881342468894, 4863
881441109412, 881441113627, 4215
881539895364, 881539907748, 12384
881638856825, 881638861463, 4638
881737621027, 881737627699, 6672
881836455234, 881836460475, 5241
882034072497, 882034080017, 7520
882132857482, 882132862345, 4863
882231596196, 882231601632, 5436
882330446658, 882330451665, 5007
882429360818, 882429369578, 8760
882527999102, 882528008333, 9231
882626761581, 882626768601, 7020
882725626878, 882725633784, 6906
882824340387, 882824344710, 4323
882923039426, 882923047217, 7791
883021955135, 883021960013, 4878
883120749784, 883120754371, 4587
883219503766, 883219509658, 5892
883318234415, 883318239413, 4998
883417121741, 883417126445, 4704
883515942365, 883515949661, 7296
883614564083, 883614577937, 13854
883713449308, 883713454111, 4803
883812245984, 883812251525, 5541
883911078541, 883911083311, 4770
884009856610, 884009861218, 4608
884108603283, 884108607909, 4626
884207454218, 884207458823, 4605
884306363303, 884306371184, 7881
884405017008, 884405021805, 4797
884503824952, 884503830001, 5049
884602524532, 884602529263, 4731
884701365042, 884701369701, 4659
884800222126, 884800231231, 9105
884899016124, 884899022307, 6183
884997762932, 884997769124, 6192
885096558299, 885096563165, 4866
885195355387, 885195360376, 4989
885294220558, 885294225334, 4776
885392853925, 885392858560, 4635
885491748289, 885491753308, 5019
885590530586, 885590535767, 5181
885689117620, 885689125696, 8076
885788113611, 885788118369, 4758
885886883855, 885886889831, 5976
885985706535, 885985711347, 4812
886084996105, 886085001496, 5391
886183299107, 886183303148, 4041
886282081282, 886282085980, 4698
886380850609, 886380858061, 7452
886479778218, 886479786930, 8712
886578441576, 886578447360, 5784
886677253003, 886677258031, 5028
886776024846, 886776030588, 5742
886874853053, 886874860412, 7359
886973628614, 886973633438, 4824
887072362175, 887072368166, 5991
887171220098, 887171225894, 5796
887270003824, 887270008660, 4836
887368934936, 887368940924, 5988
887467727567, 887467735517, 7950
887566380737, 887566385747, 5010
887665134727, 887665140070, 5343
887764003149, 887764009812, 6663
887862726429, 887862731850, 5421
887961342018, 887961348171, 6153
888060252054, 888060256710, 4656
888159322480, 888159331180, 8700
888257944879, 888257949508, 4629
888356693406, 888356698041, 4635
888455517643, 888455523709, 6066
888554122202, 888554127539, 5337
888653080371, 888653085486, 5115
888751880093, 888751884578, 4485
888850682527, 888850687144, 4617
888949438616, 888949444568, 5952
889048261248, 889048266387, 5139
889147096072, 889147102117, 6045
889245845428, 889245850423, 4995
889344405510, 889344413436, 7926
889443419715, 889443424779, 5064
889542215656, 889542220663, 5007
889640978307, 889640983485, 5178
889739802762, 889739808102, 5340
889838382230, 889838390030, 7800
889937433099, 889937441688, 8589
890036159908, 890036166076, 6168
890135083584, 890135090940, 7356
890233738873, 890233743724, 4851
890332378173, 890332389939, 11766
890439690356, 890439736346, 45990
890530126200, 890530130979, 4779
890628903814, 890628909451, 5637
890727744402, 890727750732, 6330
890826455331, 890826460707, 5376
890925276204, 890925282198, 5994
891024078371, 891024085406, 7035
891122793396, 891122797851, 4455
891221657519, 891221664515, 6996
891331136232, 891331142994, 6762
891419282559, 891419287344, 4785
891524773051, 891524782243, 9192
891616742774, 891616748336, 5562
891716271329, 891716285366, 14037
891814409784, 891814416456, 6672
891913236883, 891913242202, 5319
892018978968, 892019054454, 75486
892110778833, 892110784704, 5871
892209778995, 892209786816, 7821
892308373625, 892308379859, 6234
892407119383, 892407124570, 5187
892505983443, 892505987952, 4509
892604914804, 892604923507, 8703
892703300044, 892703304310, 4266
892802286206, 892802290703, 4497
892901144940, 892901150112, 5172
893000036681, 893000043635, 6954
893098751336, 893098757588, 6252
893197465243, 893197470508, 5265
893296304630, 893296309610, 4980
893395032575, 893395037696, 5121
893493856004, 893493860504, 4500
893592675097, 893592680773, 5676
893691418558, 893691423286, 4728
893790430328, 893790436832, 6504
893889251509, 893889256606, 5097
893987830558, 893987835178, 4620
894086603711, 894086609279, 5568
894185363666, 894185368646, 4980
894284222706, 894284228220, 5514
894383067664, 894383076448, 8784
894481812563, 894481819466, 6903
894580605131, 894580612247, 7116
894679364858, 894679370183, 5325
894778199409, 894778204764, 5355
894876782585, 894876792485, 9900
894975761351, 894975766133, 4782
895074542582, 895074547880, 5298
895173320721, 895173325629, 4908
895272026581, 895272031246, 4665
895370900840, 895370905751, 4911
895469745373, 895469749738, 4365
895568495877, 895568503113, 7236
895667303436, 895667308503, 5067
895766054238, 895766059284, 5046
895864814677, 895864820068, 5391
895963671189, 895963675932, 4743
896062437629, 896062441907, 4278
896161291887, 896161297527, 5640
896196866781, 896196876603, 9822
896260167959, 896260175066, 7107
896358705691, 896358717085, 11394
896457623362, 896457627766, 4404
896556337284, 896556341436, 4152
896655216619, 896655220975, 4356
896753925255, 896753930154, 4899
896852582140, 896852589649, 7509
896951371785, 896951379894, 8109
897050158278, 897050167623, 9345
897149157235, 897149161780, 4545
897247952324, 897247957886, 5562
897346696274, 897346702274, 6000
897445558252, 897445562785, 4533
897544286763, 897544292220, 5457
897643151833, 897643156414, 4581
897742013724, 897742018266, 4542
897840672072, 897840678357, 6285
897939527132, 897939531563, 4431
898038266515, 898038271891, 5376
898137101263, 898137105760, 4497
898235875308, 898235880207, 4899
898334648419, 898334653267, 4848
898433437334, 898433441744, 4410
898532355677, 898532360951, 5274
898630820026, 898630827232, 7206
898729602355, 898729607503, 5148
898829069912, 898829078795, 8883
898927856106, 898927864743, 8637
899026428835, 899026436863, 8028
899125265668, 899125274296, 8628
899224311696, 899224322364, 10668
